rank,iteration,decision,continuous_score,sharpe,return_pct,max_drawdown_pct,profit_factor,win_rate_pct,trades,change_type,diagnostic_category,is_fallback,error,hypothesis
1,4,continue,-83.14760884493572,0.3634287796032748,-31.549673994331297,-72.9130490460617,0.9744908007691567,28.72628726287263,738,logic,overtrading,True,,Le MACD en combinaison avec OBV et EMA offre une stratégie de trading agressive efficace sur le marché Bitcoin en 1h
2,1,continue,-100.0,-20.0,-96.49552183050406,-100.0,0.8011229512506327,33.714285714285715,175,logic,ruined,True,,Fallback contractuel: proposition générée automatiquement pour maintenir la progression quand la sortie LLM n'est pas exploitable.
