entry_ts,exit_ts,pnl,size,price_entry,price_exit,side,exit_reason,return_pct,leverage_used,fees_paid
2020-10-22 12:00:00,2020-10-26 16:00:00,-644.8695697709238,2276.7659450457004,4.392195,4.1177401,LONG,stop_loss,-6.448695697709238,1.0,20.0
2020-11-02 00:00:00,2020-11-03 00:00:00,-1018.3343471129145,2646.7713102112184,3.77818815,3.40099865,LONG,stop_loss,-10.183343471129145,1.0,20.0
2020-11-05 16:00:00,2020-11-07 00:00:00,1051.0344207905118,3022.834567896756,3.30815325,3.66246785,LONG,take_profit,10.510344207905117,1.0,20.0
2020-11-07 00:00:00,2020-11-23 08:00:00,1242.0996218044131,2727.6703596186517,3.6661321499999997,4.12883455,LONG,take_profit,12.420996218044133,1.0,20.0
2020-11-23 08:00:00,2020-11-26 00:00:00,-1471.82147603,2419.570190212938,4.1329654499999995,3.5329326500000002,LONG,stop_loss,-14.7182147603,1.0,20.0
2020-11-28 12:00:00,2020-12-08 08:00:00,-1383.757769222049,2730.725779670681,3.6620301,3.1626179000000003,LONG,stop_loss,-13.83757769222049,1.0,20.000000000000004
2020-12-09 16:00:00,2020-12-21 16:00:00,-686.6869450757038,3004.2087462430495,3.3286634999999998,3.10674585,LONG,stop_loss,-6.866869450757037,1.0,20.0
2020-12-23 08:00:00,2020-12-23 20:00:00,-699.3484293919029,3164.878407507876,3.1596790500000003,2.9450267500000002,LONG,stop_loss,-6.993484293919029,1.0,20.0
2021-01-01 08:00:00,2021-01-05 08:00:00,1453.5316479143812,2834.737938895211,3.52766295,4.047475250000001,LONG,take_profit,14.535316479143813,1.0,19.999999999999996
2021-01-05 08:00:00,2021-01-06 08:00:00,2136.746913615671,2468.2065684036606,4.0515247500000005,4.925336100000001,LONG,take_profit,21.36746913615671,1.0,20.0
2021-01-06 08:00:00,2021-01-08 00:00:00,-1312.043616569898,2028.2889928062466,4.930263900000001,4.2932523,LONG,stop_loss,-13.12043616569898,1.0,19.999999999999996
2021-01-08 00:00:00,2021-01-08 12:00:00,2357.847370955302,2326.908436641669,4.2975477,5.31943895,LONG,take_profit,23.578473709553016,1.0,20.0
2021-01-08 12:00:00,2021-01-09 08:00:00,2119.4487739501474,1878.018545076309,5.32476105,6.4639664,LONG,take_profit,21.194487739501476,1.0,20.0
2021-01-09 08:00:00,2021-01-13 20:00:00,3062.995318891766,1545.4914798909303,6.4704336,8.46526525,LONG,take_profit,30.629953188917664,1.0,20.0
2021-01-13 20:00:00,2021-01-16 08:00:00,3823.2842142008285,1180.1171850464166,8.47373475,11.73043185,LONG,take_profit,38.23284214200828,1.0,20.0
2021-01-16 08:00:00,2021-01-17 04:00:00,1043.9711798029396,851.6314765940394,11.74216815,12.991501,LONG,take_profit,10.439711798029396,1.0,20.0
2021-01-17 04:00:00,2021-02-05 08:00:00,2790.694206674169,768.9646483113268,13.004499,16.659666,LONG,take_profit,27.906942066741692,1.0,20.0
2021-02-05 08:00:00,2021-02-07 00:00:00,1138.5622775365366,599.6521777508174,16.676334,18.60839115,LONG,take_profit,11.385622775365366,1.0,20.0
2021-02-07 00:00:00,2021-02-07 08:00:00,2831.4057424737853,536.8548477390132,18.62700885,23.93832485,LONG,take_profit,28.314057424737854,1.0,20.0
2021-02-07 08:00:00,2021-02-08 04:00:00,1869.8340502529459,417.32264308800416,23.96227515,28.4907475,LONG,take_profit,18.698340502529458,1.0,20.000000000000004
2021-02-08 04:00:00,2021-02-10 00:00:00,4145.725451605019,350.64032621472114,28.5192525,40.399590100000005,LONG,take_profit,41.457254516050185,1.0,20.000000000000004
2021-02-10 00:00:00,2021-02-10 08:00:00,3221.1967831887196,247.27986033455448,40.4400099,53.5474129,LONG,take_profit,32.21196783188719,1.0,20.0
2021-02-10 08:00:00,2021-02-11 16:00:00,-1220.664744847581,186.56372841312844,53.6009871,47.16530555,LONG,stop_loss,-12.20664744847581,1.0,20.0
2021-02-11 16:00:00,2021-02-20 20:00:00,-2399.029922237034,211.8083383751396,47.212494449999994,35.980500750000004,LONG,stop_loss,-23.99029922237034,1.0,20.0
2021-02-24 08:00:00,2021-02-28 16:00:00,-2228.3735286111346,327.5031291777732,30.5340594,23.79099855,LONG,stop_loss,-22.283735286111344,1.0,20.0
2021-03-01 08:00:00,2023-12-28 08:00:00,6001.706128068044,377.1699056132311,26.51325,42.478750000000005,LONG,take_profit,60.01706128068044,1.0,19.999999999999996
2023-12-28 08:00:00,2024-02-14 12:00:00,-225.09392362642168,235.17652938236762,42.52125,41.649165,LONG,take_profit,-2.250939236264217,1.0,20.0
2024-02-14 12:00:00,2026-01-30 20:00:00,-7416.413384380525,239.860871100327,41.690835,10.854569999999999,LONG,end_of_data,-74.16413384380525,1.0,20.0
