entry_ts,exit_ts,pnl,size,price_entry,price_exit,side,exit_reason,return_pct,leverage_used,fees_paid
2019-02-04 02:00:00,2019-02-04 07:00:00,22.031346792279123,94.64068268867176,105.662805,106.10692,LONG,signal_reverse,0.22031346792279125,1.0,20.0
2019-02-04 07:00:00,2019-02-04 08:00:00,-111.09584935647763,94.2445601097459,106.10692,107.07350999999998,SHORT,stop_loss,-1.1109584935647763,1.0,20.0
2019-02-04 09:00:00,2019-02-04 16:00:00,38.138023912171256,94.67654161931064,105.622785,106.236855,LONG,signal_reverse,0.3813802391217126,1.0,19.999999999999996
2019-02-04 16:00:00,2019-02-04 23:00:00,-2.693858924945746,94.1292925134126,106.236855,106.053,SHORT,signal_reverse,-0.026938589249457457,1.0,20.0
2019-02-04 23:00:00,2019-02-05 09:00:00,23.72483569536059,94.29247640330777,106.053,106.516715,LONG,signal_reverse,0.23724835695360588,1.0,19.999999999999996
2019-02-05 09:00:00,2019-02-05 14:00:00,32.92737388681105,93.88197899268674,106.51671499999999,105.95295,SHORT,signal_reverse,0.32927373886811045,1.0,20.0
2019-02-05 14:00:00,2019-02-05 21:00:00,-19.618226769523172,94.38151556893885,105.95295,105.956995,LONG,signal_reverse,-0.19618226769523173,1.0,20.0
2019-02-05 21:00:00,2019-02-06 00:00:00,32.315564441971794,94.37791247288581,105.956995,105.40267499999999,SHORT,signal_reverse,0.32315564441971795,1.0,20.0
2019-02-06 00:00:00,2019-02-06 01:00:00,-373.26807407876237,94.87425247983508,105.40267499999999,101.67913500000002,LONG,stop_loss,-3.7326807407876235,1.0,20.0
2019-02-06 13:00:00,2019-02-06 15:00:00,75.26649772110548,98.42444607336904,101.600775,102.56869,LONG,signal_reverse,0.7526649772110549,1.0,20.000000000000004
2019-02-06 15:00:00,2019-02-06 16:00:00,-64.14553798044948,97.49563926379483,102.56869,103.021485,SHORT,stop_loss,-0.6414553798044947,1.0,20.0
2019-02-06 18:00:00,2019-02-07 01:00:00,-166.35455497742996,97.34386555021041,102.72861,104.23209,SHORT,stop_loss,-1.6635455497742997,1.0,20.000000000000004
2019-02-07 07:00:00,2019-02-07 14:00:00,19.082522030246047,96.20194712740987,103.948,103.54174499999999,SHORT,signal_reverse,0.19082522030246046,1.0,20.0
2019-02-07 14:00:00,2019-02-08 02:00:00,-95.63616008209809,96.57940379505871,103.54174499999999,102.75859500000001,LONG,stop_loss,-0.9563616008209809,1.0,20.0
2019-02-08 02:00:00,2019-02-08 05:00:00,73.9764530729483,97.21819374331898,102.861405,103.82806000000001,LONG,signal_reverse,0.739764530729483,1.0,20.0
2019-02-08 05:00:00,2019-02-08 09:00:00,-294.9983963872579,96.31307760156551,103.82806,106.683315,SHORT,stop_loss,-2.949983963872579,1.0,20.0
2019-02-09 05:00:00,2019-02-09 14:00:00,-124.64815031024833,85.22148638203258,117.3413,118.569255,SHORT,stop_loss,-1.2464815031024832,1.0,20.0
2019-02-09 17:00:00,2019-02-09 21:00:00,65.73399816176807,85.51507955809912,116.93844,117.941,LONG,signal_reverse,0.6573399816176807,1.0,20.0
2019-02-09 21:00:00,2019-02-10 01:00:00,14.955189459136772,84.78815679025954,117.941,117.528735,SHORT,signal_reverse,0.14955189459136772,1.0,20.0
2019-02-10 01:00:00,2019-02-10 04:00:00,19.329956201775545,85.08557502980017,117.528735,117.990975,LONG,signal_reverse,0.19329956201775544,1.0,20.0
2019-02-10 04:00:00,2019-02-10 06:00:00,153.9993249483707,84.75224482211458,117.99097499999999,115.93793999999998,SHORT,signal_reverse,1.5399932494837072,1.0,20.0
2019-02-10 06:00:00,2019-02-10 16:00:00,98.4577714594558,86.25304192915623,115.93794,117.31131500000001,LONG,signal_reverse,0.984577714594558,1.0,19.999999999999996
2019-02-10 16:00:00,2019-02-10 22:00:00,-292.68554614701776,85.24326915950094,117.31131500000001,120.51022499999999,SHORT,stop_loss,-2.926855461470178,1.0,20.0
2019-02-11 12:00:00,2019-02-12 00:00:00,174.31471460921315,83.0152879293945,120.45974,118.11903,SHORT,signal_reverse,1.7431471460921315,1.0,20.0
2019-02-12 00:00:00,2019-02-12 06:00:00,105.39385059291432,84.66036336397276,118.11903000000001,119.60017,LONG,signal_reverse,1.053938505929143,1.0,20.0
2019-02-12 06:00:00,2019-02-12 15:00:00,49.466038384393705,83.61192128740285,119.60016999999999,118.76935499999999,SHORT,signal_reverse,0.49466038384393707,1.0,19.999999999999996
2019-02-12 15:00:00,2019-02-12 18:00:00,120.64191895291624,84.19680312316255,118.76935499999999,120.43975,LONG,signal_reverse,1.2064191895291625,1.0,20.000000000000004
2019-02-12 18:00:00,2019-02-13 03:00:00,-119.72122990955992,83.02906640042013,120.43975,121.64079,SHORT,stop_loss,-1.1972122990955993,1.0,20.000000000000004
2019-02-13 14:00:00,2019-02-14 00:00:00,96.59691108562018,82.78120340194322,120.80037,122.208865,LONG,signal_reverse,0.9659691108562019,1.0,20.0
2019-02-14 00:00:00,2019-02-14 05:00:00,98.52781711048543,81.82712440705508,122.208865,120.76035,SHORT,signal_reverse,0.9852781711048543,1.0,20.0
2019-02-14 05:00:00,2019-02-15 00:00:00,-98.69180571271893,82.80863710646747,120.76035,119.81006500000001,LONG,stop_loss,-0.9869180571271893,1.0,20.0
2019-02-15 03:00:00,2019-02-15 14:00:00,32.09180272518387,82.75436312035256,120.83955,120.210075,SHORT,signal_reverse,0.3209180272518387,1.0,20.0
2019-02-15 14:00:00,2019-02-16 01:00:00,15.735357456519333,83.18770286101227,120.210075,120.63965,LONG,signal_reverse,0.15735357456519333,1.0,20.0
2019-02-16 01:00:00,2019-02-16 14:00:00,-176.79629375582505,82.89148716860501,120.63965,122.531235,SHORT,stop_loss,-1.7679629375582504,1.0,20.0
2019-02-16 18:00:00,2019-02-16 20:00:00,50.5894480531576,82.27016625854495,121.55074499999999,122.408765,LONG,signal_reverse,0.5058944805315759,1.0,20.0
2019-02-16 20:00:00,2019-02-16 23:00:00,64.80683552358387,81.69349637666878,122.408765,121.370655,SHORT,signal_reverse,0.6480683552358387,1.0,20.0
2019-02-16 23:00:00,2019-02-17 04:00:00,40.00338384925149,82.39223888179559,121.370655,122.09892,LONG,signal_reverse,0.4000338384925149,1.0,19.999999999999996
2019-02-17 04:00:00,2019-02-17 10:00:00,-281.56619567151006,81.90080632981848,122.09891999999999,125.292615,SHORT,stop_loss,-2.815661956715101,1.0,20.0
2019-02-17 14:00:00,2019-02-17 19:00:00,-211.84488210814774,80.06564101512984,124.89752,127.293615,SHORT,stop_loss,-2.1184488210814774,1.0,20.0
2019-02-18 21:00:00,2019-02-18 23:00:00,228.56817047950142,70.68101618521055,141.480705,144.997465,LONG,signal_reverse,2.285681704795014,1.0,20.0
2019-02-18 23:00:00,2019-02-19 00:00:00,-293.58961068733015,68.96672296994986,144.997465,148.96444499999998,SHORT,stop_loss,-2.9358961068733014,1.0,20.0
2019-02-19 06:00:00,2019-02-19 18:00:00,40.61352594105226,68.52741439212757,145.927,145.042485,SHORT,signal_reverse,0.4061352594105226,1.0,20.0
2019-02-19 18:00:00,2019-02-19 21:00:00,-177.46420781469573,68.94531626371405,145.042485,142.758585,LONG,stop_loss,-1.7746420781469572,1.0,20.0
2019-02-19 21:00:00,2019-02-20 00:00:00,-180.37314955908553,69.97831337079482,142.90141500000001,140.60966000000002,LONG,stop_loss,-1.8037314955908552,1.0,20.0
2019-02-20 08:00:00,2019-02-20 10:00:00,-188.7385781608917,69.89173944289644,143.078425,145.49271,SHORT,stop_loss,-1.887385781608917,1.0,20.0
2019-02-20 16:00:00,2019-02-21 08:00:00,154.24922944570753,68.46176612324227,146.06692999999999,143.52172499999998,SHORT,signal_reverse,1.5424922944570754,1.0,19.999999999999996
2019-02-21 08:00:00,2019-02-21 23:00:00,46.61012470412029,69.67586266121036,143.52172499999998,144.47772500000002,LONG,signal_reverse,0.46610124704120287,1.0,20.0
2019-02-21 23:00:00,2019-02-22 07:00:00,45.476875414532614,69.2148218695996,144.47772500000002,143.53173,SHORT,signal_reverse,0.45476875414532614,1.0,19.999999999999996
2019-02-22 07:00:00,2019-02-22 08:00:00,104.40280626450988,69.67100584658179,143.53173,145.317305,LONG,signal_reverse,1.0440280626450988,1.0,20.0
2019-02-22 08:00:00,2019-02-22 13:00:00,-147.73736754889597,68.81492882076228,145.31730499999998,147.17354999999998,SHORT,stop_loss,-1.4773736754889597,1.0,20.0
2019-02-22 16:00:00,2019-02-23 02:00:00,30.711309447404737,68.18648198221649,146.656635,145.91291999999999,SHORT,signal_reverse,0.3071130944740474,1.0,20.0
2019-02-23 02:00:00,2019-02-23 09:00:00,30.969783895763328,68.53402700734108,145.91292,146.656635,LONG,signal_reverse,0.30969783895763325,1.0,20.0
2019-02-23 09:00:00,2019-02-23 15:00:00,17.067194402763764,68.18648198221649,146.656635,146.11301999999998,SHORT,signal_reverse,0.17067194402763766,1.0,20.0
2019-02-23 15:00:00,2019-02-23 16:00:00,392.75377101917354,68.44017049267751,146.11302,152.14389,LONG,signal_reverse,3.9275377101917357,1.0,20.0
2019-02-23 16:00:00,2019-02-23 17:00:00,-258.85020949575915,65.72725332578258,152.14389,155.77784999999997,SHORT,stop_loss,-2.5885020949575916,1.0,20.0
2019-02-24 13:00:00,2019-02-24 14:00:00,-1295.7338339168439,62.66066390038634,159.589755,139.23035000000002,LONG,stop_loss,-12.95733833916844,1.0,20.0
2019-02-25 07:00:00,2019-02-25 10:00:00,-49.06829739778597,73.39552429689104,136.24809000000002,135.85204,LONG,stop_loss,-0.49068297397785965,1.0,19.999999999999996
2019-02-25 14:00:00,2019-02-25 16:00:00,282.7215124852698,73.61716504935276,135.837885,139.94999,LONG,signal_reverse,2.8272151248526978,1.0,20.0
2019-02-25 16:00:00,2019-02-25 21:00:00,282.40552357309986,71.4540958523827,139.94999,135.717825,SHORT,signal_reverse,2.8240552357309987,1.0,20.0
2019-02-25 21:00:00,2019-02-26 09:00:00,-31.467911455256914,73.68228896977976,135.717825,135.562185,LONG,stop_loss,-0.31467911455256914,1.0,20.0
2019-02-26 11:00:00,2019-02-26 17:00:00,-53.61203558977154,73.84014848367778,135.42768,134.97248,LONG,stop_loss,-0.5361203558977153,1.0,20.0
2019-02-26 23:00:00,2019-02-27 01:00:00,81.1354942176966,73.56619486213697,135.932,134.557245,SHORT,signal_reverse,0.811354942176966,1.0,20.000000000000004
2019-02-27 01:00:00,2019-02-27 05:00:00,85.88281589742583,74.31781172392462,134.55724500000002,135.981975,LONG,signal_reverse,0.8588281589742582,1.0,20.0
2019-02-27 05:00:00,2019-02-27 08:00:00,-158.02711719696558,73.53915840684031,135.981975,137.858895,SHORT,stop_loss,-1.5802711719696556,1.0,20.0
2019-02-27 16:00:00,2019-02-27 20:00:00,-543.4724316781231,73.60090205265554,135.86790000000002,128.75559,LONG,stop_loss,-5.434724316781231,1.0,20.0
2019-02-28 00:00:00,2019-02-28 15:00:00,-83.08892090591063,73.69081904139813,135.70211500000002,136.558245,SHORT,stop_loss,-0.8308892090591062,1.0,20.0
2019-02-28 17:00:00,2019-03-01 03:00:00,4.7669901630224825,73.99868585733786,135.13753499999999,135.47223,LONG,signal_reverse,0.047669901630224824,1.0,20.0
2019-03-01 03:00:00,2019-03-01 11:00:00,17.26077292741183,73.81586617419673,135.47223,134.96744999999999,SHORT,signal_reverse,0.1726077292741183,1.0,19.999999999999996
2019-03-01 11:00:00,2019-03-01 16:00:00,55.168123869865795,74.09193846368142,134.96745,135.981975,LONG,signal_reverse,0.5516812386986579,1.0,20.0
2019-03-01 16:00:00,2019-03-01 22:00:00,42.83516620493255,73.53915840684031,135.981975,135.12753,SHORT,signal_reverse,0.4283516620493255,1.0,20.0
2019-03-01 22:00:00,2019-03-02 04:00:00,-118.75559776752958,74.00416480638697,135.12753,133.79307000000003,LONG,stop_loss,-1.1875559776752957,1.0,20.0
2019-03-02 13:00:00,2019-03-02 16:00:00,-111.62627583839594,75.62232351328309,132.23608499999997,131.02445500000002,LONG,stop_loss,-1.1162627583839595,1.0,20.0
2019-03-03 00:00:00,2019-03-03 12:00:00,35.140900791507974,74.84292714879284,133.61316,132.876405,SHORT,signal_reverse,0.35140900791507973,1.0,20.0
2019-03-03 12:00:00,2019-03-03 13:00:00,-71.36615488656555,75.25790602176511,132.876405,132.19387,LONG,stop_loss,-0.7136615488656556,1.0,20.0
2019-03-04 19:00:00,2019-03-04 20:00:00,55.553659744757105,79.99201679672368,125.01247500000001,125.95699,LONG,signal_reverse,0.5555365974475711,1.0,20.0
2019-03-04 20:00:00,2019-03-04 22:00:00,76.4337112215838,79.39217982265217,125.95698999999999,124.74234,SHORT,signal_reverse,0.7643371122158381,1.0,20.0
2019-03-04 22:00:00,2019-03-05 04:00:00,66.95644157388651,80.16524301211601,124.74234000000001,125.827055,LONG,signal_reverse,0.669564415738865,1.0,20.0
2019-03-05 04:00:00,2019-03-05 08:00:00,-227.99461610223577,79.47416396259135,125.827055,128.44419,SHORT,stop_loss,-2.2799461610223575,1.0,20.0
2019-03-05 23:00:00,2019-03-06 00:00:00,22.230066966456537,73.53375350029859,135.99197,135.41767499999997,SHORT,stop_loss,0.22230066966456535,1.0,20.000000000000004
2019-03-06 02:00:00,2019-03-06 07:00:00,-102.30604099219292,73.73970003869859,135.61216000000002,136.72833,SHORT,stop_loss,-1.0230604099219291,1.0,20.0
2019-03-06 09:00:00,2019-03-06 10:00:00,-55.5668130285775,72.99724574092096,136.99147,137.478705,SHORT,stop_loss,-0.555668130285775,1.0,20.0
2019-03-06 14:00:00,2019-03-06 22:00:00,52.96138820654401,73.44945986736202,136.14804,137.14139500000002,LONG,signal_reverse,0.5296138820654401,1.0,20.0
2019-03-06 22:00:00,2019-03-07 04:00:00,-145.2721689173397,72.91744407295842,137.14139500000002,138.85939499999998,SHORT,stop_loss,-1.452721689173397,1.0,20.0
2019-03-07 05:00:00,2019-03-07 18:00:00,-2.2409310040107515,73.07356703283101,136.84839,137.09142,LONG,signal_reverse,-0.022409310040107516,1.0,20.0
2019-03-07 18:00:00,2019-03-07 23:00:00,36.40724999420232,72.94402523513142,137.09142,136.31812499999998,SHORT,signal_reverse,0.3640724999420232,1.0,20.0
2019-03-07 23:00:00,2019-03-08 14:00:00,15.464102810979952,73.35781650459174,136.318125,136.801565,LONG,signal_reverse,0.15464102810979952,1.0,20.0
2019-03-08 14:00:00,2019-03-08 21:00:00,43.86147702330798,73.09857895266038,136.801565,135.92793,SHORT,signal_reverse,0.43861477023307976,1.0,20.000000000000004
2019-03-08 21:00:00,2019-03-08 22:00:00,-286.6203332898536,73.56839760599605,135.92793,132.30381500000001,LONG,stop_loss,-2.866203332898536,1.0,20.0
2019-03-09 04:00:00,2019-03-09 06:00:00,178.48815961530704,74.7625289756199,133.756845,136.41176,LONG,signal_reverse,1.7848815961530702,1.0,20.0
2019-03-09 06:00:00,2019-03-09 16:00:00,38.93846688877843,73.30746264105089,136.41176,135.60777,SHORT,signal_reverse,0.3893846688877843,1.0,20.0
2019-03-09 16:00:00,2019-03-09 23:00:00,51.08073527055261,73.74208719751088,135.60777,136.57168,LONG,signal_reverse,0.5108073527055261,1.0,20.0
2019-03-09 23:00:00,2019-03-10 04:00:00,47.64872483079741,73.22162252086231,136.57168,135.64779000000001,SHORT,signal_reverse,0.4764872483079741,1.0,20.0
2019-03-10 04:00:00,2019-03-10 07:00:00,-153.7832337703401,73.720331160574,135.64779000000001,133.83305000000001,LONG,stop_loss,-1.537832337703401,1.0,20.0
2019-03-10 13:00:00,2019-03-10 21:00:00,13.10700522683661,74.35098191438387,134.497215,134.942495,LONG,signal_reverse,0.1310700522683661,1.0,20.0
2019-03-10 21:00:00,2019-03-11 04:00:00,1.1349286227422164,74.10564033220226,134.94249499999998,134.657295,SHORT,signal_reverse,0.011349286227422165,1.0,20.0
2019-03-11 04:00:00,2019-03-11 05:00:00,-130.94163149497393,74.2625937941201,134.657295,133.163385,LONG,stop_loss,-1.3094163149497393,1.0,19.999999999999996
2019-03-11 19:00:00,2019-03-11 21:00:00,113.60320375021752,76.42023471787311,130.855395,132.603665,LONG,signal_reverse,1.136032037502175,1.0,19.999999999999996
2019-03-11 21:00:00,2019-03-12 01:00:00,89.20663467333192,75.41269692658948,132.60366499999998,131.155545,SHORT,signal_reverse,0.8920663467333192,1.0,19.999999999999996
2019-03-12 01:00:00,2019-03-12 08:00:00,123.94359003273789,76.24534669883764,131.155545,133.04344500000002,LONG,signal_reverse,1.2394359003273787,1.0,20.0
2019-03-12 08:00:00,2019-03-12 15:00:00,26.39574689305461,75.16341748366482,133.04344500000002,132.42618000000002,SHORT,signal_reverse,0.2639574689305461,1.0,20.0
2019-03-12 15:00:00,2019-03-12 20:00:00,13.026324553045065,75.51376925619994,132.42618000000002,132.863535,LONG,signal_reverse,0.13026324553045066,1.0,20.0
2019-03-12 20:00:00,2019-03-13 04:00:00,47.55691093120627,75.26519597721075,132.863535,131.96595,SHORT,signal_reverse,0.4755691093120627,1.0,20.0
2019-03-13 04:00:00,2019-03-13 12:00:00,-31.509787183737952,75.7771228108463,131.96595,131.81406,LONG,signal_reverse,-0.31509787183737953,1.0,20.0
2019-03-13 12:00:00,2019-03-13 14:00:00,43.62029968578475,75.86444116811212,131.81405999999998,130.97545499999998,SHORT,signal_reverse,0.4362029968578475,1.0,20.0
2019-03-13 14:00:00,2019-03-14 01:00:00,35.63332457978846,76.35018332251643,130.97545499999998,131.70411500000003,LONG,signal_reverse,0.35633324579788456,1.0,20.0
2019-03-14 01:00:00,2019-03-14 07:00:00,69.51011135832833,75.92777188472812,131.704115,130.52523,SHORT,signal_reverse,0.6951011135832834,1.0,19.999999999999996
2019-03-14 07:00:00,2019-03-14 15:00:00,45.814478932538975,76.61354053925052,130.52523000000002,131.384275,LONG,signal_reverse,0.45814478932538977,1.0,20.0
2019-03-14 15:00:00,2019-03-15 11:00:00,-208.19756017224876,76.1126093666841,131.384275,133.85689499999998,SHORT,stop_loss,-2.0819756017224877,1.0,20.0
2019-03-15 22:00:00,2019-03-16 00:00:00,120.3587204025505,74.10292481280119,134.94744,136.841545,LONG,signal_reverse,1.2035872040255051,1.0,20.0
2019-03-16 00:00:00,2019-03-16 03:00:00,-180.61934992037607,73.07722227193504,136.841545,139.03948499999998,SHORT,stop_loss,-1.8061934992037607,1.0,20.000000000000004
2019-03-16 12:00:00,2019-03-17 00:00:00,-81.8799018582014,72.0984094261749,138.69931499999998,137.841045,LONG,stop_loss,-0.8187990185820141,1.0,20.0
2019-03-17 00:00:00,2019-03-17 13:00:00,18.538848188843904,72.47482052607226,137.97895499999998,138.51071000000002,LONG,signal_reverse,0.18538848188843904,1.0,20.0
2019-03-17 13:00:00,2019-03-17 16:00:00,28.503469515101937,72.19658321006368,138.51071000000002,137.838885,SHORT,signal_reverse,0.28503469515101937,1.0,20.0
2019-03-17 16:00:00,2019-03-17 19:00:00,34.54085035583481,72.54846845286075,137.838885,138.59067000000002,LONG,signal_reverse,0.3454085035583481,1.0,20.0
2019-03-17 19:00:00,2019-03-18 01:00:00,-115.91230058993072,72.15492933254454,138.59067,139.91992499999998,SHORT,stop_loss,-1.1591230058993072,1.0,20.0
2019-03-18 05:00:00,2019-03-18 11:00:00,-4.3570662241831695,73.28789044398465,136.44818999999998,136.661635,LONG,stop_loss,-0.04357066224183169,1.0,20.0
2019-03-18 14:00:00,2019-03-18 21:00:00,24.103817099865896,73.14308451335987,136.718325,137.321305,LONG,signal_reverse,0.24103817099865896,1.0,20.0
2019-03-18 21:00:00,2019-03-19 04:00:00,8.609908710085096,72.82191208421737,137.321305,136.92843000000002,SHORT,signal_reverse,0.08609908710085096,1.0,20.0
2019-03-19 04:00:00,2019-03-19 09:00:00,42.99933476196279,73.03085268705702,136.92843000000002,137.79107000000002,LONG,signal_reverse,0.42999334761962793,1.0,20.0
2019-03-19 09:00:00,2019-03-19 12:00:00,44.05712648867683,72.57364356050068,137.79107000000002,136.90842,SHORT,signal_reverse,0.4405712648867683,1.0,20.0
2019-03-19 12:00:00,2019-03-19 17:00:00,26.94890204707738,73.04152659127905,136.90842,137.55119000000002,LONG,signal_reverse,0.2694890204707738,1.0,20.000000000000004
2019-03-19 17:00:00,2019-03-20 00:00:00,36.185264554962146,72.70020710107997,137.55119,136.778355,SHORT,signal_reverse,0.3618526455496215,1.0,20.0
2019-03-20 00:00:00,2019-03-20 12:00:00,64.27100910813022,73.11098309377971,136.778355,137.931,LONG,signal_reverse,0.6427100910813022,1.0,20.0
2019-03-20 12:00:00,2019-03-21 12:00:00,-14.772386193094965,72.50001812500452,137.931,137.858895,SHORT,signal_reverse,-0.14772386193094966,1.0,19.999999999999996
2019-03-21 12:00:00,2019-03-21 14:00:00,-420.0539827335763,72.5379381577083,137.858895,132.343795,LONG,stop_loss,-4.200539827335763,1.0,20.0
2019-03-22 00:00:00,2019-03-22 08:00:00,45.045195682687954,74.33439311877602,134.52723,135.402265,LONG,signal_reverse,0.4504519568268795,1.0,20.0
2019-03-22 08:00:00,2019-03-22 20:00:00,-30.743911854057707,73.85400827674486,135.402265,135.54773999999998,SHORT,signal_reverse,-0.3074391185405771,1.0,20.000000000000004
2019-03-22 20:00:00,2019-03-23 02:00:00,68.0763485986592,73.77474534064531,135.54773999999998,136.74159500000002,LONG,signal_reverse,0.6807634859865919,1.0,20.0
2019-03-23 02:00:00,2019-03-23 12:00:00,29.99210371942672,73.13063738944979,136.741595,136.057995,SHORT,signal_reverse,0.2999210371942672,1.0,20.0
2019-03-23 12:00:00,2019-03-23 23:00:00,1.593365388045642,73.49806970182091,136.057995,136.35179,LONG,signal_reverse,0.01593365388045642,1.0,20.000000000000004
2019-03-23 23:00:00,2019-03-24 02:00:00,58.78041058353543,73.33970459793744,136.35179,135.277605,SHORT,signal_reverse,0.5878041058353543,1.0,20.0
2019-03-24 02:00:00,2019-03-24 09:00:00,36.501591671439826,73.92206566637545,135.277605,136.04194500000003,LONG,signal_reverse,0.36501591671439826,1.0,19.999999999999996
2019-03-24 09:00:00,2019-03-24 16:00:00,21.475443474440226,73.50674088054238,136.04194500000003,135.477705,SHORT,signal_reverse,0.21475443474440226,1.0,20.0
2019-03-24 16:00:00,2019-03-24 23:00:00,-18.928606001997366,73.81288308655657,135.477705,135.49222,LONG,signal_reverse,-0.18928606001997367,1.0,19.999999999999996
2019-03-24 23:00:00,2019-03-25 07:00:00,15.038543172442877,73.80497566576148,135.49222,135.017475,SHORT,signal_reverse,0.15038543172442878,1.0,20.0
2019-03-25 07:00:00,2019-03-25 16:00:00,-175.82908804952754,74.06448683772231,135.017475,132.91351,LONG,stop_loss,-1.7582908804952755,1.0,20.0
2019-03-26 00:00:00,2019-03-26 06:00:00,9.01158247214528,74.99439698111556,133.34329499999998,132.95644499999997,SHORT,signal_reverse,0.0901158247214528,1.0,20.0
2019-03-26 06:00:00,2019-03-26 19:00:00,0.07499523622372922,75.21260063775021,132.95644499999997,133.223355,LONG,signal_reverse,0.0007499523622372923,1.0,20.0
2019-03-26 19:00:00,2019-03-26 21:00:00,26.319581127498477,75.06191388139115,133.223355,132.60627,SHORT,signal_reverse,0.2631958112749848,1.0,20.0
2019-03-26 21:00:00,2019-03-26 22:00:00,28.04260009726615,75.4112154726922,132.60627,133.243345,LONG,signal_reverse,0.28042600097266146,1.0,20.0
2019-03-26 22:00:00,2019-03-27 01:00:00,-233.49396474548067,75.05065262358882,133.243345,136.08801,SHORT,stop_loss,-2.3349396474548065,1.0,20.0
2019-03-27 13:00:00,2019-03-28 04:00:00,-4.578616327540225,72.61051238297863,137.721105,137.50871999999998,SHORT,signal_reverse,-0.045786163275402254,1.0,20.0
2019-03-28 04:00:00,2019-03-29 00:00:00,-3.8279346938859344,72.72266078834855,137.50872,137.73110000000003,LONG,signal_reverse,-0.03827934693885934,1.0,20.0
2019-03-29 00:00:00,2019-03-29 05:00:00,27.381818630651996,72.60524311502631,137.7311,137.07850499999998,SHORT,signal_reverse,0.27381818630652,1.0,20.0
2019-03-29 05:00:00,2019-03-29 07:00:00,31.98225644495033,72.95089773557132,137.07850499999998,137.79107000000002,LONG,signal_reverse,0.3198225644495033,1.0,20.0
2019-03-29 07:00:00,2019-03-29 09:00:00,-229.68231105252212,72.57364356050068,137.79107000000002,140.680305,SHORT,stop_loss,-2.2968231105252213,1.0,20.0
2019-03-29 15:00:00,2019-03-29 23:00:00,-217.48764853869798,71.25055192458785,140.34978999999998,143.121525,SHORT,stop_loss,-2.1748764853869798,1.0,20.0
2019-03-30 06:00:00,2019-03-30 21:00:00,-17.306596490068937,70.52640769651866,141.79086,141.82905000000002,LONG,signal_reverse,-0.17306596490068937,1.0,20.0
2019-03-30 21:00:00,2019-03-31 01:00:00,55.3516293030232,70.50741720402132,141.82905,140.760345,SHORT,signal_reverse,0.553516293030232,1.0,20.0
2019-03-31 01:00:00,2019-03-31 09:00:00,9.058965435188234,71.04273579323778,140.760345,141.16938000000002,LONG,signal_reverse,0.09058965435188235,1.0,19.999999999999996
2019-03-31 09:00:00,2019-03-31 17:00:00,16.770721809503275,70.83689111618963,141.16938000000002,140.65029,SHORT,signal_reverse,0.16770721809503275,1.0,20.0
2019-03-31 17:00:00,2019-03-31 22:00:00,8.378896339281747,71.09832478838116,140.65029,141.04944,LONG,signal_reverse,0.08378896339281747,1.0,20.0
2019-03-31 22:00:00,2019-04-01 10:00:00,-59.08735830500223,70.89712656781906,141.04944,141.600765,SHORT,signal_reverse,-0.5908735830500224,1.0,20.0
2019-04-01 10:00:00,2019-04-01 20:00:00,-92.11048612625693,70.62108739313662,141.600765,140.579675,LONG,stop_loss,-0.9211048612625693,1.0,20.0
2019-04-01 22:00:00,2019-04-02 04:00:00,-451.83650794498385,70.74172736513205,141.359285,147.46369499999997,SHORT,stop_loss,-4.518365079449838,1.0,20.0
2019-04-02 04:00:00,2019-04-02 05:00:00,8.706598363298015,67.88114866171807,147.316305,146.89341,SHORT,stop_loss,0.08706598363298015,1.0,20.000000000000004
2019-04-02 16:00:00,2019-04-02 19:00:00,-320.28938033449106,64.0484124015788,156.13189500000001,160.82037,SHORT,stop_loss,-3.2028938033449106,1.0,20.0
2019-04-03 12:00:00,2019-04-03 16:00:00,-361.84142150707254,59.01611809857032,169.445235,175.237575,SHORT,stop_loss,-3.6184142150707252,1.0,20.0
2019-04-03 16:00:00,2019-04-03 20:00:00,-210.0307847329306,57.122480737942475,175.06242500000002,178.38915,SHORT,stop_loss,-2.100307847329306,1.0,20.0
2019-04-03 22:00:00,2019-04-03 23:00:00,-254.31238622708167,60.656648250701686,164.86239,160.99946000000003,LONG,stop_loss,-2.543123862270817,1.0,20.0
2019-04-04 09:00:00,2019-04-04 10:00:00,-210.94882353660066,61.57970857464497,162.391155,159.29031500000002,LONG,stop_loss,-2.1094882353660065,1.0,20.0
2019-04-04 16:00:00,2019-04-04 17:00:00,-184.2266586005218,63.76397128389553,156.828375,154.25283500000003,LONG,stop_loss,-1.842266586005218,1.0,20.0
2019-04-05 04:00:00,2019-04-05 13:00:00,-51.95409374805402,60.93922829364493,164.09791,164.62227,SHORT,stop_loss,-0.5195409374805402,1.0,20.0
2019-04-05 17:00:00,2019-04-06 03:00:00,9.509774928762303,60.76158448469954,164.57766999999998,164.09200499999997,SHORT,signal_reverse,0.09509774928762303,1.0,20.0
2019-04-06 03:00:00,2019-04-06 08:00:00,-149.38046555040702,60.94142124718386,164.092005,161.96897500000003,LONG,stop_loss,-1.4938046555040703,1.0,20.0
2019-04-06 12:00:00,2019-04-06 15:00:00,-250.68842582070602,60.931805732342426,164.1179,167.90391,SHORT,stop_loss,-2.50688425820706,1.0,20.0
2019-04-06 18:00:00,2019-04-06 19:00:00,-104.10488555896924,59.25028130552307,168.77557000000002,170.195055,SHORT,stop_loss,-1.0410488555896924,1.0,20.0
2019-04-06 21:00:00,2019-04-07 02:00:00,105.50370288667425,60.520753852562066,165.232575,167.306305,LONG,signal_reverse,1.0550370288667426,1.0,20.0
2019-04-07 02:00:00,2019-04-07 15:00:00,1.6892603061178175,59.77061055768341,167.30630499999998,166.94343,SHORT,signal_reverse,0.016892603061178176,1.0,20.0
2019-04-07 15:00:00,2019-04-07 18:00:00,35.263929823413896,59.900530377266115,166.94343,167.866025,LONG,signal_reverse,0.352639298234139,1.0,20.0
2019-04-07 18:00:00,2019-04-07 20:00:00,-353.0429728112056,59.571315875264226,167.86602499999998,173.456685,SHORT,stop_loss,-3.530429728112056,1.0,20.0
2019-04-08 11:00:00,2019-04-08 15:00:00,357.96079302171916,57.33380656657273,174.417165,181.00945000000002,LONG,signal_reverse,3.5796079302171915,1.0,20.0
2019-04-08 15:00:00,2019-04-09 02:00:00,140.23693790572673,55.24573440778921,181.00945,178.10901,SHORT,signal_reverse,1.4023693790572673,1.0,20.0
2019-04-09 02:00:00,2019-04-09 05:00:00,-128.20030946216565,56.145390960288864,178.10901,176.18186500000002,LONG,stop_loss,-1.2820030946216565,1.0,20.0
2019-04-09 07:00:00,2019-04-09 11:00:00,66.56224679882595,56.49447489684957,177.00845999999999,178.540685,LONG,signal_reverse,0.6656224679882595,1.0,20.0
2019-04-09 11:00:00,2019-04-09 14:00:00,55.73259842707582,56.00964284415062,178.540685,177.18855,SHORT,signal_reverse,0.5573259842707582,1.0,20.0
2019-04-09 14:00:00,2019-04-09 22:00:00,-104.45466707639848,56.43705532891375,177.18855,175.69211,LONG,stop_loss,-1.0445466707639848,1.0,20.0
2019-04-09 22:00:00,2019-04-10 00:00:00,81.3965653423166,56.8608630034738,175.86789,177.65113000000002,LONG,signal_reverse,0.8139656534231661,1.0,20.0
2019-04-10 00:00:00,2019-04-10 01:00:00,-143.76785894916569,56.2901007159369,177.65113,179.84987999999998,SHORT,stop_loss,-1.4376785894916568,1.0,20.0
2019-04-10 12:00:00,2019-04-10 18:00:00,-111.69229519920859,55.1665334210996,181.26932000000002,182.93142,SHORT,stop_loss,-1.1169229519920858,1.0,20.0
2019-04-10 18:00:00,2019-04-10 20:00:00,335.1598047984853,54.719987427535685,182.74858,176.25808499999997,SHORT,signal_reverse,3.351598047984853,1.0,20.0
2019-04-10 20:00:00,2019-04-11 03:00:00,-371.36884642766756,56.7349860858865,176.258085,170.06492500000002,LONG,stop_loss,-3.7136884642766756,1.0,20.0
2019-04-11 20:00:00,2019-04-12 01:00:00,-221.23484292493643,60.74143116834168,164.63227500000002,161.31930000000003,LONG,stop_loss,-2.2123484292493645,1.0,20.0
2019-04-12 01:00:00,2019-04-12 10:00:00,242.34714117538525,61.9269051967201,161.4807,165.71710000000002,LONG,signal_reverse,2.4234714117538525,1.0,20.0
2019-04-12 10:00:00,2019-04-12 20:00:00,107.6476597768126,60.34380278196999,165.71710000000002,163.60176,SHORT,signal_reverse,1.0764765977681259,1.0,20.0
2019-04-12 20:00:00,2019-04-13 02:00:00,95.24662081874784,61.124036807427984,163.60176,165.487215,LONG,signal_reverse,0.9524662081874784,1.0,20.0
2019-04-13 02:00:00,2019-04-13 08:00:00,33.47573224916444,60.427628805040925,165.487215,164.60226,SHORT,signal_reverse,0.3347573224916444,1.0,20.0
2019-04-13 08:00:00,2019-04-13 10:00:00,-179.3714448392141,60.752507286351964,164.60226,161.97897,LONG,stop_loss,-1.7937144483921408,1.0,20.0
2019-04-13 10:00:00,2019-04-13 23:00:00,117.9502769903476,61.674703805693106,162.14103,164.37777000000003,LONG,signal_reverse,1.179502769903476,1.0,20.0
2019-04-13 23:00:00,2019-04-14 01:00:00,43.64272979247715,60.83547671926684,164.37777,163.331625,SHORT,signal_reverse,0.4364272979247715,1.0,20.0
2019-04-14 01:00:00,2019-04-14 10:00:00,-12.248592395991157,61.225130160800155,163.331625,163.45823000000001,LONG,signal_reverse,-0.12248592395991158,1.0,20.0
2019-04-14 10:00:00,2019-04-14 22:00:00,-338.4948228058023,61.17770882506192,163.45823,168.66429,SHORT,stop_loss,-3.384948228058023,1.0,20.0
2019-04-15 04:00:00,2019-04-15 10:00:00,140.4715839999289,59.3698225804096,168.43574,165.732825,SHORT,signal_reverse,1.404715839999289,1.0,20.0
2019-04-15 10:00:00,2019-04-15 17:00:00,-394.2547681788444,60.338077263813,165.73282500000002,159.53019500000002,LONG,stop_loss,-3.942547681788444,1.0,20.0
2019-04-16 02:00:00,2019-04-16 05:00:00,87.91612874010333,62.41805095079389,160.210065,161.93899000000002,LONG,signal_reverse,0.8791612874010334,1.0,20.0
2019-04-16 05:00:00,2019-04-16 13:00:00,20.65666952721056,61.7516510384559,161.93899000000002,161.2806,SHORT,signal_reverse,0.2065666952721056,1.0,20.0
2019-04-16 13:00:00,2019-04-16 15:00:00,129.89465564984388,62.00373758530164,161.2806,163.69811,LONG,signal_reverse,1.298946556498439,1.0,20.0
2019-04-16 15:00:00,2019-04-16 17:00:00,-218.2503035618427,61.08806021034695,163.69811,166.94343,SHORT,stop_loss,-2.182503035618427,1.0,20.0
2019-04-16 23:00:00,2019-04-17 08:00:00,30.097098984798052,60.072065453321066,166.46672500000003,165.632775,SHORT,signal_reverse,0.3009709898479805,1.0,20.0
2019-04-17 08:00:00,2019-04-17 11:00:00,64.14216328863743,60.37452430534959,165.632775,167.02644500000002,LONG,signal_reverse,0.6414216328863743,1.0,20.0
2019-04-17 11:00:00,2019-04-18 01:00:00,-346.8796746527157,59.870758789124665,167.02644500000002,172.4862,SHORT,stop_loss,-3.468796746527157,1.0,19.999999999999996
2019-04-18 01:00:00,2019-04-18 17:00:00,-160.06539232492977,58.033657199829605,172.31380000000001,174.72731999999996,SHORT,stop_loss,-1.6006539232492976,1.0,20.0
2019-04-18 22:00:00,2019-04-19 01:00:00,-174.92831585478757,57.77124153951,173.09650499999998,170.41475,LONG,stop_loss,-1.7492831585478756,1.0,20.0
2019-04-19 07:00:00,2019-04-20 08:00:00,-190.2159798914888,57.808993478076076,172.983465,175.92792,SHORT,stop_loss,-1.902159798914888,1.0,20.0
2019-04-20 10:00:00,2019-04-21 00:00:00,28.287720742216916,57.73453384213623,173.20656,174.042935,LONG,signal_reverse,0.28287720742216915,1.0,20.0
2019-04-21 00:00:00,2019-04-21 05:00:00,62.54715998670145,57.45708666657455,174.042935,172.60626,SHORT,signal_reverse,0.6254715998670145,1.0,20.0
2019-04-21 05:00:00,2019-04-21 08:00:00,-120.32892202171588,57.935326331733265,172.60626000000002,170.87452000000002,LONG,stop_loss,-1.2032892202171588,1.0,20.0
2019-04-21 14:00:00,2019-04-21 22:00:00,36.80207233661383,59.14202661982618,169.0845,170.044935,LONG,signal_reverse,0.36802072336613834,1.0,20.0
2019-04-21 22:00:00,2019-04-22 03:00:00,63.546446120257194,58.8079850775914,170.044935,168.62427,SHORT,signal_reverse,0.6354644612025719,1.0,20.0
2019-04-22 03:00:00,2019-04-22 06:00:00,69.58496899645687,59.30344427880993,168.62427,170.13489,LONG,signal_reverse,0.6958496899645686,1.0,20.0
2019-04-22 06:00:00,2019-04-22 15:00:00,-48.82301214054091,58.77689167695115,170.13489,170.62526999999997,SHORT,stop_loss,-0.48823012140540906,1.0,20.0
2019-04-22 16:00:00,2019-04-22 17:00:00,98.47485884240491,58.960609360256164,169.60476,171.61415,LONG,signal_reverse,0.9847485884240491,1.0,20.0
2019-04-22 17:00:00,2019-04-23 04:00:00,-137.27587730965067,58.27025335614808,171.61415,173.62677,SHORT,stop_loss,-1.3727587730965065,1.0,20.0
2019-04-23 04:00:00,2019-04-23 08:00:00,-127.48632354669896,57.65242884205731,173.45323,175.317615,SHORT,stop_loss,-1.2748632354669895,1.0,20.0
2019-04-23 13:00:00,2019-04-23 15:00:00,39.759099772681154,57.15511283205156,174.962475,173.916915,SHORT,signal_reverse,0.3975909977268115,1.0,20.0
2019-04-23 15:00:00,2019-04-23 21:00:00,-78.26977784190763,57.49872000661925,173.91691500000002,172.90350500000002,LONG,stop_loss,-0.7826977784190763,1.0,20.0
2019-04-24 22:00:00,2019-04-25 02:00:00,71.19797821177319,60.57030210225587,165.09741,163.59175499999998,SHORT,signal_reverse,0.7119797821177319,1.0,20.0
2019-04-25 02:00:00,2019-04-25 10:00:00,15.827905874598331,61.127775051988415,163.59175499999998,164.17787,LONG,signal_reverse,0.1582790587459833,1.0,20.0
2019-04-25 10:00:00,2019-04-25 21:00:00,221.67721264747794,60.90954889352628,164.17786999999998,160.210065,SHORT,signal_reverse,2.2167721264747793,1.0,20.0
2019-04-25 21:00:00,2019-04-25 22:00:00,-521.6033168702589,62.41805095079389,160.210065,152.173875,LONG,stop_loss,-5.216033168702589,1.0,20.0
2019-04-26 15:00:00,2019-04-26 16:00:00,12.394463777195375,66.2666743933609,150.905415,151.39426500000002,LONG,stop_loss,0.12394463777195375,1.0,20.0
2019-04-26 17:00:00,2019-04-26 21:00:00,41.35273852294965,66.09577105376685,151.29561,152.22385000000003,LONG,signal_reverse,0.41352738522949645,1.0,20.0
2019-04-26 21:00:00,2019-04-27 16:00:00,-185.77461416197224,65.69272817630089,152.22385,154.747335,SHORT,stop_loss,-1.8577461416197223,1.0,20.0
2019-04-28 02:00:00,2019-04-28 07:00:00,38.46950449905936,64.62146827924371,154.747335,155.652135,LONG,signal_reverse,0.3846950449905936,1.0,20.0
2019-04-28 07:00:00,2019-04-28 13:00:00,122.33373670075207,64.24582611732245,155.652135,153.43668,SHORT,signal_reverse,1.2233373670075207,1.0,20.0
2019-04-28 13:00:00,2019-04-29 02:00:00,19.512064520686433,65.1734643893494,153.43668000000002,154.04294000000002,LONG,signal_reverse,0.1951206452068643,1.0,20.000000000000004
2019-04-29 02:00:00,2019-04-29 08:00:00,27.150489337584396,64.91696406209851,154.04294000000002,153.31662,SHORT,signal_reverse,0.271504893375844,1.0,19.999999999999996
2019-04-29 08:00:00,2019-04-29 09:00:00,-45.641055744640205,65.2245007749323,153.31662,152.92350000000002,LONG,stop_loss,-0.456410557446402,1.0,20.0
2019-04-29 16:00:00,2019-04-29 20:00:00,64.08995933439034,65.31106796299122,153.113405,151.825875,SHORT,signal_reverse,0.6408995933439035,1.0,20.0
2019-04-29 20:00:00,2019-04-30 01:00:00,126.02682184443326,65.86492585667628,151.825875,154.04294000000002,LONG,signal_reverse,1.2602682184443326,1.0,20.0
2019-04-30 01:00:00,2019-04-30 10:00:00,-182.6361454799526,64.91696406209851,154.04294000000002,156.54823499999998,SHORT,stop_loss,-1.8263614547995262,1.0,19.999999999999996
2019-04-30 15:00:00,2019-04-30 22:00:00,-236.58090191592575,63.72613058121417,156.9215,160.32012,SHORT,stop_loss,-2.3658090191592573,1.0,20.0
2019-05-01 08:00:00,2019-05-01 17:00:00,64.51781677751642,63.04006621728555,158.629275,159.96997500000003,LONG,signal_reverse,0.6451781677751641,1.0,20.0
2019-05-01 17:00:00,2019-05-01 19:00:00,124.47617435709384,62.51173071696735,159.969975,157.65879,SHORT,signal_reverse,1.2447617435709384,1.0,20.0
2019-05-01 19:00:00,2019-05-02 03:00:00,28.32968716809178,63.428115869720926,157.65879,158.42075,LONG,signal_reverse,0.2832968716809178,1.0,20.0
2019-05-02 03:00:00,2019-05-02 12:00:00,12.940129370680664,63.12304417192824,158.42075,157.89890999999997,SHORT,signal_reverse,0.12940129370680664,1.0,20.000000000000004
2019-05-02 12:00:00,2019-05-02 20:00:00,50.39598943399969,63.331659477573346,157.89891,159.010455,LONG,signal_reverse,0.5039598943399969,1.0,20.0
2019-05-02 20:00:00,2019-05-03 06:00:00,-123.12718116553967,62.88894651612688,159.010455,160.650285,SHORT,stop_loss,-1.2312718116553967,1.0,20.0
2019-05-03 06:00:00,2019-05-03 09:00:00,-422.12639171301527,62.309288791496705,160.489715,166.94343,SHORT,stop_loss,-4.221263917130153,1.0,20.0
2019-05-03 20:00:00,2019-05-03 23:00:00,39.36231146606712,60.28925882043162,165.86702499999998,164.8824,SHORT,signal_reverse,0.39362311466067124,1.0,20.000000000000004
2019-05-03 23:00:00,2019-05-04 00:00:00,119.73383453904145,60.649287006981936,164.88240000000002,167.18636500000002,LONG,signal_reverse,1.1973383453904145,1.0,20.0
2019-05-04 00:00:00,2019-05-04 03:00:00,121.39879170170467,59.813490173077206,167.18636500000002,164.82237,SHORT,signal_reverse,1.2139879170170467,1.0,20.0
2019-05-04 03:00:00,2019-05-04 04:00:00,-170.07580585086754,60.67137610022232,164.82237,162.34878500000002,LONG,stop_loss,-1.7007580585086755,1.0,20.0
2019-05-04 08:00:00,2019-05-04 13:00:00,-248.92881367787317,61.356675867100215,162.98145,159.25033500000004,LONG,stop_loss,-2.4892881367787316,1.0,20.0
2019-05-04 20:00:00,2019-05-05 07:00:00,9.011907426211625,61.90065273309797,161.549185,161.0805,SHORT,signal_reverse,0.09011907426211625,1.0,20.0
2019-05-05 07:00:00,2019-05-05 17:00:00,-195.66775618401837,62.080760861805125,161.0805,158.25083500000002,LONG,stop_loss,-1.9566775618401837,1.0,20.0
2019-05-05 20:00:00,2019-05-06 01:00:00,177.11550378246872,61.42937619727773,162.788565,159.57975,SHORT,signal_reverse,1.7711550378246872,1.0,20.0
2019-05-06 01:00:00,2019-05-06 09:00:00,104.04017427023216,62.66459246865596,159.57975,161.55918,LONG,signal_reverse,1.0404017427023216,1.0,20.0
2019-05-06 09:00:00,2019-05-06 14:00:00,-259.13775744590833,61.89682319506697,161.55918,165.42266999999998,SHORT,stop_loss,-2.5913775744590835,1.0,20.0
2019-05-07 00:00:00,2019-05-07 14:00:00,428.57510502921826,55.82837174962683,179.120395,171.0855,SHORT,signal_reverse,4.285751050292182,1.0,20.0
2019-05-07 14:00:00,2019-05-07 19:00:00,-132.23189574803152,58.45030701023757,171.0855,169.165375,LONG,stop_loss,-1.3223189574803154,1.0,20.0
2019-05-07 23:00:00,2019-05-08 00:00:00,-115.369383194776,60.15287974693443,166.24308,164.65763,LONG,stop_loss,-1.15369383194776,1.0,20.0
2019-05-08 16:00:00,2019-05-08 20:00:00,86.0079285789563,59.825237916745216,167.153535,168.925495,LONG,signal_reverse,0.8600792857895629,1.0,19.999999999999996
2019-05-08 20:00:00,2019-05-08 22:00:00,-100.48548266796483,59.19769541003861,168.92549499999998,170.28509999999997,SHORT,stop_loss,-1.0048548266796484,1.0,20.0
2019-05-08 22:00:00,2019-05-09 01:00:00,-118.22478806971083,58.78379847973341,170.11489999999998,171.78584999999998,SHORT,stop_loss,-1.1822478806971082,1.0,20.0
2019-05-09 05:00:00,2019-05-09 12:00:00,-157.48930556877968,59.05466764402142,169.334625,167.00645500000002,LONG,stop_loss,-1.574893055687797,1.0,20.0
2019-05-09 22:00:00,2019-05-10 04:00:00,-322.06940928381505,59.092803149551855,169.225345,174.337125,SHORT,stop_loss,-3.220694092838151,1.0,20.0
2019-05-10 14:00:00,2019-05-10 15:00:00,57.89360451739019,58.62171553519428,170.58525,171.91400000000002,LONG,signal_reverse,0.5789360451739018,1.0,20.0
2019-05-10 15:00:00,2019-05-10 17:00:00,-195.86845748455644,58.168619193317596,171.914,174.937425,SHORT,stop_loss,-1.9586845748455644,1.0,20.0
2019-05-10 20:00:00,2019-05-11 01:00:00,156.04186814940545,58.3479421993615,171.38565,174.402755,LONG,signal_reverse,1.5604186814940544,1.0,20.0
2019-05-11 01:00:00,2019-05-11 03:00:00,-102.2876909255237,57.33854376325649,174.402755,175.837875,SHORT,stop_loss,-1.022876909255237,1.0,20.0
2019-05-11 20:00:00,2019-05-11 22:00:00,-106.68083851695931,50.75332268680884,197.031435,198.73931999999996,SHORT,stop_loss,-1.066808385169593,1.0,20.000000000000004
2019-05-11 23:00:00,2019-05-12 00:00:00,-50.59295094720721,52.84167326857322,189.244575,188.66562,LONG,stop_loss,-0.505929509472072,1.0,20.0
2019-05-12 05:00:00,2019-05-12 07:00:00,-243.64401368324914,50.84101072844467,196.69160499999998,201.090495,SHORT,stop_loss,-2.4364401368324913,1.0,20.0
2019-05-12 10:00:00,2019-05-12 11:00:00,-115.82069240507433,52.68013755732159,189.824865,188.00595,LONG,stop_loss,-1.158206924050743,1.0,20.0
2019-05-12 21:00:00,2019-05-13 07:00:00,122.37827575205057,52.51969816929462,190.40475,187.69379999999998,SHORT,signal_reverse,1.2237827575205058,1.0,20.0
2019-05-13 07:00:00,2019-05-13 11:00:00,214.42995986015654,53.278264918713354,187.69379999999998,192.093905,LONG,signal_reverse,2.1442995986015654,1.0,20.0
2019-05-13 11:00:00,2019-05-13 14:00:00,-176.36076532464628,52.057872424426996,192.093905,195.0975,SHORT,stop_loss,-1.7636076532464628,1.0,20.0
2019-05-13 21:00:00,2019-05-13 22:00:00,409.2195069131037,48.99609452130571,204.09789999999998,195.33762,SHORT,signal_reverse,4.092195069131037,1.0,20.0
2019-05-13 22:00:00,2019-05-13 23:00:00,18.10274743800024,51.193415789544275,195.33762000000002,196.08191000000002,LONG,stop_loss,0.1810274743800024,1.0,20.0
2019-05-14 02:00:00,2019-05-14 03:00:00,-294.1367741107312,49.07058953970586,203.78805499999999,209.374635,SHORT,stop_loss,-2.9413677411073125,1.0,20.000000000000004
2019-05-14 15:00:00,2019-05-14 16:00:00,170.85600492286898,49.13239197144288,203.53171500000002,207.41624000000002,LONG,stop_loss,1.7085600492286899,1.0,20.000000000000004
2019-05-14 19:00:00,2019-05-14 22:00:00,650.3120044915823,49.35803703086729,202.60125,216.181855,LONG,signal_reverse,6.503120044915824,1.0,20.0
2019-05-14 22:00:00,2019-05-14 23:00:00,-58.6989000533835,46.257351247171044,216.18185499999998,217.018455,SHORT,stop_loss,-0.586989000533835,1.0,20.0
2019-05-16 06:00:00,2019-05-16 10:00:00,739.7365683140358,37.36556058130648,267.62612,247.29358499999998,SHORT,signal_reverse,7.397365683140358,1.0,19.999999999999996
2019-05-16 10:00:00,2019-05-16 12:00:00,-103.95911280917275,40.4377655004678,247.29358499999998,245.21733,LONG,stop_loss,-1.0395911280917274,1.0,20.0
2019-05-16 14:00:00,2019-05-16 15:00:00,-689.4246128419982,38.27468439652114,261.2693,278.75930999999997,SHORT,stop_loss,-6.894246128419981,1.0,20.0
2019-05-16 20:00:00,2019-05-17 01:00:00,-24.118528970807578,39.19608823039461,255.1275,255.02242500000003,LONG,stop_loss,-0.24118528970807576,1.0,20.0
2019-05-17 01:00:00,2019-05-17 02:00:00,-505.3179916018869,39.17304526259308,255.277575,242.888495,LONG,stop_loss,-5.053179916018869,1.0,20.0
2019-05-17 15:00:00,2019-05-17 16:00:00,31.876103120805293,43.592997639351985,229.39464,230.58465,LONG,stop_loss,0.31876103120805294,1.0,19.999999999999996
2019-05-17 21:00:00,2019-05-17 23:00:00,-257.001566141182,41.783263734602734,239.330275,245.00243999999998,SHORT,stop_loss,-2.57001566141182,1.0,20.0
2019-05-18 03:00:00,2019-05-18 07:00:00,286.00562406008885,40.91356220352754,244.41773,236.93840999999998,SHORT,signal_reverse,2.8600562406008883,1.0,20.0
2019-05-18 07:00:00,2019-05-18 09:00:00,-59.945612870449715,42.205060800399565,236.93841,235.99194500000002,LONG,stop_loss,-0.5994561287044972,1.0,20.0
2019-05-18 14:00:00,2019-05-18 17:00:00,101.59529773260637,41.88997865202907,238.72058,235.81784999999996,SHORT,signal_reverse,1.0159529773260636,1.0,19.999999999999996
2019-05-18 17:00:00,2019-05-18 21:00:00,114.53582924278335,42.40561094081725,235.81785,238.99044500000002,LONG,signal_reverse,1.1453582924278334,1.0,20.0
2019-05-18 21:00:00,2019-05-18 23:00:00,192.290704760185,41.84267701581123,238.99044500000002,233.9169,SHORT,signal_reverse,1.92290704760185,1.0,20.0
2019-05-18 23:00:00,2019-05-19 01:00:00,416.5214740790434,42.750224545554424,233.9169,244.12787500000002,LONG,signal_reverse,4.165214740790434,1.0,20.0
2019-05-19 01:00:00,2019-05-19 02:00:00,-73.03675379143066,40.96213920675794,244.127875,245.42265,SHORT,stop_loss,-0.7303675379143065,1.0,20.0
2019-05-19 14:00:00,2019-05-19 21:00:00,-195.81514123080737,39.08662148396541,255.842015,260.34010499999994,SHORT,stop_loss,-1.9581514123080739,1.0,20.0
2019-05-20 00:00:00,2019-05-20 01:00:00,-18.03044703046781,39.901802462176626,250.61524500000002,250.664605,LONG,stop_loss,-0.18030447030467808,1.0,19.999999999999996
2019-05-20 06:00:00,2019-05-20 12:00:00,-267.8713662763851,40.13412503513743,249.16451999999998,242.988445,LONG,stop_loss,-2.6787136627638515,1.0,20.0
2019-05-20 17:00:00,2019-05-20 20:00:00,361.86594371360644,40.83926819788602,244.86237,254.21283000000003,LONG,signal_reverse,3.6186594371360647,1.0,20.0
2019-05-20 20:00:00,2019-05-21 04:00:00,160.48184271423355,39.3371176427248,254.21283,249.62474999999998,SHORT,signal_reverse,1.6048184271423356,1.0,20.0
2019-05-21 04:00:00,2019-05-21 08:00:00,96.53171410286821,40.06013025551353,249.62475,252.53367,LONG,signal_reverse,0.965317141028682,1.0,20.0
2019-05-21 08:00:00,2019-05-21 09:00:00,-95.77167828749201,39.59868004927818,252.53367,254.44715999999997,SHORT,stop_loss,-0.95771678287492,1.0,20.0
2019-05-21 17:00:00,2019-05-21 20:00:00,-280.6853121825784,39.08814854372021,255.83202,262.50118499999996,SHORT,stop_loss,-2.806853121825784,1.0,20.0
2019-05-22 00:00:00,2019-05-22 09:00:00,161.96135960771662,38.52819817179076,259.55016,254.82734999999997,SHORT,signal_reverse,1.619613596077166,1.0,20.0
2019-05-22 09:00:00,2019-05-22 11:00:00,-124.12932520783112,39.242255589912155,254.82735,252.17385000000002,LONG,stop_loss,-1.241293252078311,1.0,20.000000000000004
2019-05-22 15:00:00,2019-05-22 17:00:00,132.215868946657,39.0698316981046,255.95195999999999,252.055965,SHORT,signal_reverse,1.32215868946657,1.0,20.0
2019-05-22 17:00:00,2019-05-22 20:00:00,-188.6105702755341,39.6737288086001,252.05596500000001,247.806035,LONG,stop_loss,-1.8861057027553407,1.0,20.0
2019-05-22 20:00:00,2019-05-22 21:00:00,-216.55460859091616,40.313808327957986,248.053965,243.17835000000002,LONG,stop_loss,-2.1655460859091615,1.0,19.999999999999996
2019-05-23 11:00:00,2019-05-23 13:00:00,150.4505192412253,42.28004441095865,236.5182,240.549665,LONG,signal_reverse,1.504505192412253,1.0,20.000000000000004
2019-05-23 13:00:00,2019-05-23 15:00:00,-116.10094447647715,41.57145677172322,240.54966499999998,242.86137,SHORT,stop_loss,-1.1610094447647716,1.0,20.000000000000004
2019-05-23 20:00:00,2019-05-23 22:00:00,-75.79118890491443,40.86009352793688,244.73757,246.10298999999998,SHORT,stop_loss,-0.7579118890491443,1.0,20.0
2019-05-24 06:00:00,2019-05-24 08:00:00,-157.50809897467843,40.45694501112263,247.17635,250.575225,SHORT,stop_loss,-1.5750809897467843,1.0,20.000000000000004
2019-05-24 20:00:00,2019-05-24 22:00:00,102.09472867219509,39.413049049638076,253.723075,250.62525,SHORT,signal_reverse,1.020947286721951,1.0,20.0
2019-05-24 22:00:00,2019-05-24 23:00:00,-83.434550189974,39.9002095758508,250.62525,249.03542000000002,LONG,stop_loss,-0.8343455018997401,1.0,20.000000000000004
2019-05-25 02:00:00,2019-05-25 05:00:00,55.23883144091171,39.62848061651137,252.343765,250.44516,SHORT,signal_reverse,0.5523883144091171,1.0,20.0
2019-05-25 05:00:00,2019-05-25 08:00:00,47.029245045104474,39.928901001720305,250.44516,252.12387500000003,LONG,signal_reverse,0.47029245045104473,1.0,20.000000000000004
2019-05-25 08:00:00,2019-05-25 09:00:00,-230.00668818056315,39.663042621409815,252.123875,257.418645,SHORT,stop_loss,-2.3000668818056313,1.0,20.0
2019-05-25 13:00:00,2019-05-25 22:00:00,45.629562206027416,39.82231363301575,251.115495,252.763555,LONG,signal_reverse,0.4562956220602742,1.0,20.0
2019-05-25 22:00:00,2019-05-26 02:00:00,51.93066263053689,39.562665590773165,252.763555,250.94540999999998,SHORT,signal_reverse,0.5193066263053688,1.0,20.0
2019-05-26 02:00:00,2019-05-26 05:00:00,-153.4660793357393,39.84930427697403,250.94540999999998,247.59614000000002,LONG,stop_loss,-1.5346607933573928,1.0,20.000000000000004
2019-05-26 10:00:00,2019-05-26 14:00:00,44.028874737889495,40.25049331004602,248.44415999999998,250.03492,LONG,signal_reverse,0.44028874737889495,1.0,20.000000000000004
2019-05-26 14:00:00,2019-05-26 19:00:00,-456.158477383879,39.994413580311104,250.03492,260.940405,SHORT,stop_loss,-4.56158477383879,1.0,20.0
2019-05-27 11:00:00,2019-05-27 12:00:00,160.4336105868275,37.50469980769466,266.63325,271.44421,LONG,signal_reverse,1.6043361058682752,1.0,20.0
2019-05-27 12:00:00,2019-05-27 16:00:00,134.7520575222431,36.83998269847053,271.44421,267.243555,SHORT,signal_reverse,1.3475205752224308,1.0,20.0
2019-05-27 16:00:00,2019-05-27 17:00:00,-94.32358845847716,37.4190501993584,267.243555,265.257305,LONG,stop_loss,-0.9432358845847717,1.0,19.999999999999996
2019-05-27 23:00:00,2019-05-28 06:00:00,69.99541611038536,36.88208243171241,271.134365,268.69428,SHORT,signal_reverse,0.6999541611038537,1.0,20.0
2019-05-28 06:00:00,2019-05-28 11:00:00,84.57610039186646,37.21701853869015,268.69428,271.50418,LONG,signal_reverse,0.8457610039186646,1.0,20.000000000000004
2019-05-28 11:00:00,2019-05-28 13:00:00,97.12839927547205,36.83184546182678,271.50417999999996,268.324095,SHORT,signal_reverse,0.9712839927547204,1.0,20.0
2019-05-28 13:00:00,2019-05-28 17:00:00,137.25628367441416,37.26836384186817,268.324095,272.54366000000005,LONG,signal_reverse,1.3725628367441418,1.0,20.0
2019-05-28 17:00:00,2019-05-29 00:00:00,90.03576454502617,36.69136900854711,272.54366,269.544705,SHORT,signal_reverse,0.9003576454502618,1.0,20.000000000000004
2019-05-29 00:00:00,2019-05-29 05:00:00,-315.8898784526315,37.099597263466926,269.544705,261.56915,LONG,stop_loss,-3.158898784526315,1.0,20.0
2019-05-29 10:00:00,2019-05-29 13:00:00,-148.07553628446047,37.11054340226492,269.46520000000004,272.91639,SHORT,stop_loss,-1.4807553628446046,1.0,20.0
2019-05-29 20:00:00,2019-05-30 00:00:00,88.62912452638476,37.088583987348784,269.624745,272.553655,LONG,signal_reverse,0.8862912452638476,1.0,20.0
2019-05-30 00:00:00,2019-05-30 03:00:00,-389.7470136659876,36.69002347446047,272.553655,282.631245,SHORT,stop_loss,-3.897470136659876,1.0,20.0
2019-05-30 03:00:00,2019-05-30 04:00:00,-108.67048129891721,35.41719176342747,282.348755,284.852355,SHORT,stop_loss,-1.086704812989172,1.0,20.0
2019-05-30 16:00:00,2019-05-30 17:00:00,-205.73158676136373,36.47811130930885,274.137,269.04541,LONG,stop_loss,-2.0573158676136374,1.0,20.0
2019-05-31 12:00:00,2019-05-31 13:00:00,-179.3094080541908,38.86192465041999,257.321275,261.420645,SHORT,stop_loss,-1.7930940805419082,1.0,20.0
2019-05-31 16:00:00,2019-05-31 18:00:00,-64.2858415509106,38.49854741130762,259.75006,260.90038499999997,SHORT,stop_loss,-0.642858415509106,1.0,20.0
2019-05-31 18:00:00,2019-05-31 23:00:00,-299.09322226400576,38.36715305154207,260.639615,267.91389,SHORT,stop_loss,-2.990932222640058,1.0,20.0
2019-06-01 07:00:00,2019-06-01 13:00:00,126.07114675444438,37.05419244194891,269.874995,265.9329,SHORT,signal_reverse,1.260711467544444,1.0,20.000000000000004
2019-06-01 13:00:00,2019-06-01 14:00:00,-116.43974100233663,37.603470649927104,265.9329,263.36825,LONG,stop_loss,-1.1643974100233663,1.0,20.0
2019-06-01 17:00:00,2019-06-01 21:00:00,137.28090797954417,37.864160695346534,264.101985,268.255805,LONG,signal_reverse,1.3728090797954418,1.0,20.0
2019-06-01 21:00:00,2019-06-01 23:00:00,114.70537944183656,37.27785126588407,268.255805,264.642255,SHORT,signal_reverse,1.1470537944183656,1.0,20.0
2019-06-01 23:00:00,2019-06-02 04:00:00,90.86249246175822,37.78686060546152,264.642255,267.576145,LONG,signal_reverse,0.9086249246175823,1.0,20.000000000000004
2019-06-02 04:00:00,2019-06-02 07:00:00,-190.41336027918223,37.372539319601906,267.576145,272.13599999999997,SHORT,stop_loss,-1.9041336027918223,1.0,20.0
2019-06-02 07:00:00,2019-06-02 13:00:00,110.2086705117256,36.783097431068484,271.864,268.324095,SHORT,signal_reverse,1.102086705117256,1.0,20.000000000000004
2019-06-02 13:00:00,2019-06-02 22:00:00,40.03448926195145,37.26836384186817,268.324095,269.93496500000003,LONG,signal_reverse,0.40034489261951445,1.0,20.0
2019-06-02 22:00:00,2019-06-03 00:00:00,92.6784371931957,37.045960311217925,269.934965,266.89338,SHORT,signal_reverse,0.9267843719319571,1.0,19.999999999999996
2019-06-03 00:00:00,2019-06-03 06:00:00,-173.42624833931677,37.46814551938306,266.89338,262.798535,LONG,stop_loss,-1.734262483393168,1.0,19.999999999999996
2019-06-03 13:00:00,2019-06-03 14:00:00,-128.974314685973,38.38326612423435,260.5302,257.69109000000003,LONG,stop_loss,-1.28974314685973,1.0,20.0
2019-06-03 17:00:00,2019-06-03 23:00:00,-386.87734995515257,38.60117598868661,259.059465,249.55516000000003,LONG,stop_loss,-3.8687734995515255,1.0,20.0
2019-06-04 11:00:00,2019-06-04 13:00:00,181.75099904103305,40.81925385424579,244.98243000000002,249.92497500000002,LONG,signal_reverse,1.8175099904103307,1.0,20.0
2019-06-04 13:00:00,2019-06-04 17:00:00,389.1301799670085,40.0120076034818,249.92497500000002,239.69979,SHORT,signal_reverse,3.8913017996700847,1.0,19.999999999999996
2019-06-04 17:00:00,2019-06-04 19:00:00,-170.51723658164178,41.7188517353311,239.69979,236.09189500000002,LONG,stop_loss,-1.7051723658164177,1.0,20.0
2019-06-05 07:00:00,2019-06-05 14:00:00,186.71986005188955,40.641004554596734,246.05691000000002,240.97042499999998,SHORT,signal_reverse,1.8671986005188954,1.0,20.0
2019-06-05 14:00:00,2019-06-05 15:00:00,-109.63299126853389,41.49886858522161,240.970425,238.81053500000002,LONG,stop_loss,-1.0963299126853387,1.0,20.0
2019-06-05 16:00:00,2019-06-05 20:00:00,21.35343997432508,40.74029848216721,245.45721,244.44215999999997,SHORT,stop_loss,0.2135343997432508,1.0,19.999999999999996
2019-06-05 22:00:00,2019-06-06 07:00:00,73.25379092909166,40.632751903710464,246.10688499999998,243.81184499999998,SHORT,signal_reverse,0.7325379092909167,1.0,20.000000000000004
2019-06-06 07:00:00,2019-06-06 11:00:00,105.69754352993047,41.01523451413938,243.811845,246.87650000000002,LONG,signal_reverse,1.0569754352993046,1.0,20.000000000000004
2019-06-06 11:00:00,2019-06-06 12:00:00,90.35821554502012,40.50608300101468,246.8765,244.15201499999998,SHORT,signal_reverse,0.9035821554502012,1.0,20.0
2019-06-06 12:00:00,2019-06-06 14:00:00,-79.5295107435427,40.95808916424466,244.152015,242.69859,LONG,stop_loss,-0.7952951074354271,1.0,20.0
2019-06-06 17:00:00,2019-06-06 18:00:00,-170.7574381066966,41.299956608200596,242.131005,238.4807,LONG,stop_loss,-1.7075743810669661,1.0,20.000000000000004
2019-06-06 22:00:00,2019-06-06 23:00:00,-263.0921826416278,41.0883059599615,243.37825,249.29458499999998,SHORT,stop_loss,-2.630921826416278,1.0,20.0
2019-06-07 06:00:00,2019-06-07 16:00:00,-176.3830284095926,40.193646558133636,248.79554,252.68627999999998,SHORT,stop_loss,-1.7638302840959261,1.0,19.999999999999996
2019-06-07 19:00:00,2019-06-08 09:00:00,11.762182491407959,40.17122502612686,248.934405,249.725075,LONG,signal_reverse,0.11762182491407958,1.0,20.0
2019-06-08 09:00:00,2019-06-08 14:00:00,88.18396991171218,40.04403642685861,249.725075,247.02345,SHORT,signal_reverse,0.8818396991171219,1.0,19.999999999999996
2019-06-08 14:00:00,2019-06-08 16:00:00,-187.79581047872153,40.481986629204634,247.02345,242.8785,LONG,stop_loss,-1.8779581047872154,1.0,20.0
2019-06-09 00:00:00,2019-06-09 07:00:00,77.43773520031704,41.34095420751386,241.890885,244.24781500000003,LONG,signal_reverse,0.7743773520031704,1.0,20.000000000000004
2019-06-09 07:00:00,2019-06-09 12:00:00,158.01285141486338,40.94202439436357,244.247815,239.89989,SHORT,signal_reverse,1.5801285141486339,1.0,20.0
2019-06-09 12:00:00,2019-06-09 13:00:00,-104.15552003796246,41.6840541277447,239.89989,237.881,LONG,stop_loss,-1.0415552003796247,1.0,20.0
2019-06-09 20:00:00,2019-06-09 22:00:00,-141.52135139326904,43.08190732220097,232.116,229.295295,LONG,stop_loss,-1.4152135139326905,1.0,20.0
2019-06-10 06:00:00,2019-06-10 10:00:00,57.36676270002273,42.39228211198943,235.89199499999998,234.06697499999999,SHORT,signal_reverse,0.5736676270002273,1.0,20.0
2019-06-10 10:00:00,2019-06-10 11:00:00,379.08492003197097,42.72281469865623,234.06697499999999,243.40823500000002,LONG,signal_reverse,3.79084920031971,1.0,20.0
2019-06-10 11:00:00,2019-06-10 12:00:00,-46.44651689783647,41.083244369279456,243.408235,244.051965,SHORT,stop_loss,-0.46446516897836465,1.0,20.0
2019-06-11 07:00:00,2019-06-11 10:00:00,107.38005011764172,40.62615219576329,246.14686500000002,243.01144499999998,SHORT,signal_reverse,1.0738005011764171,1.0,20.0
2019-06-11 10:00:00,2019-06-11 11:00:00,-155.02944274908458,41.15032524496944,243.01144499999998,239.730075,LONG,stop_loss,-1.550294427490846,1.0,20.000000000000004
2019-06-11 19:00:00,2019-06-11 21:00:00,-98.42356900629224,40.94872713645735,244.20783500000002,246.123,SHORT,stop_loss,-0.9842356900629224,1.0,20.0
2019-06-12 02:00:00,2019-06-12 15:00:00,-301.3083477826855,40.29238653799938,248.185845,255.16751999999997,SHORT,stop_loss,-3.013083477826855,1.0,20.0
2019-06-12 21:00:00,2019-06-12 23:00:00,-247.10632368423123,38.887603005482845,257.15135999999995,262.99143,SHORT,stop_loss,-2.471063236842312,1.0,20.0
2019-06-13 09:00:00,2019-06-13 13:00:00,65.64574301996434,38.74031976259932,258.129,260.33976500000006,LONG,signal_reverse,0.6564574301996434,1.0,20.0
2019-06-13 13:00:00,2019-06-13 22:00:00,145.62260475267865,38.411342961763836,260.339765,256.02795,SHORT,signal_reverse,1.4562260475267865,1.0,20.000000000000004
2019-06-13 22:00:00,2019-06-14 13:00:00,38.32273390463573,39.05823563403917,256.02795000000003,257.52117499999997,LONG,signal_reverse,0.38322733904635736,1.0,20.0
2019-06-14 13:00:00,2019-06-14 16:00:00,64.79186226142278,38.83175820396129,257.52117499999997,255.337605,SHORT,signal_reverse,0.6479186226142277,1.0,20.0
2019-06-14 16:00:00,2019-06-14 20:00:00,69.4314020059838,39.163835659851195,255.337605,257.621125,LONG,signal_reverse,0.694314020059838,1.0,19.999999999999996
2019-06-14 20:00:00,2019-06-14 21:00:00,-211.36959362319453,38.81669253637488,257.621125,262.55121,SHORT,stop_loss,-2.113695936231945,1.0,20.0
2019-06-15 12:00:00,2019-06-15 14:00:00,76.64223585664624,38.10377987400642,262.441155,264.97744500000005,LONG,signal_reverse,0.7664223585664623,1.0,19.999999999999996
2019-06-15 14:00:00,2019-06-15 16:00:00,-263.3490141019377,37.739061149148,264.977445,271.42564500000003,SHORT,stop_loss,-2.633490141019377,1.0,20.0
2019-06-16 01:00:00,2019-06-16 05:00:00,-218.4477529082325,36.93109335665211,270.77454500000005,276.14800499999996,SHORT,stop_loss,-2.1844775290823253,1.0,20.0
2019-06-16 08:00:00,2019-06-16 13:00:00,124.5182605092244,37.07207632784624,269.744805,273.64311,LONG,signal_reverse,1.245182605092244,1.0,20.0
2019-06-16 13:00:00,2019-06-16 17:00:00,122.82508337227902,36.54394952608162,273.64311,269.7348,SHORT,signal_reverse,1.2282508337227902,1.0,20.0
2019-06-16 17:00:00,2019-06-16 19:00:00,-169.69203083917947,37.073451404861366,269.7348,265.697085,LONG,stop_loss,-1.6969203083917948,1.0,20.0
2019-06-17 00:00:00,2019-06-17 15:00:00,131.15721350008954,36.60947162812625,273.15335500000003,269.02444499999996,SHORT,signal_reverse,1.3115721350008955,1.0,19.999999999999996
2019-06-17 15:00:00,2019-06-17 21:00:00,129.76185528419114,37.171343295587874,269.024445,273.053405,LONG,signal_reverse,1.2976185528419113,1.0,20.0
2019-06-17 21:00:00,2019-06-18 01:00:00,17.26212460159729,36.6228723644739,273.053405,272.03594999999996,SHORT,signal_reverse,0.1726212460159729,1.0,20.0
2019-06-18 01:00:00,2019-06-18 05:00:00,-154.9159918018176,36.75984736576177,272.03594999999996,268.36575,LONG,stop_loss,-1.549159918018176,1.0,20.0
2019-06-18 10:00:00,2019-06-18 15:00:00,-124.75567929683079,37.17963954451001,268.964415,266.14686,LONG,stop_loss,-1.2475567929683078,1.0,20.0
2019-06-19 00:00:00,2019-06-19 08:00:00,-141.39453185239074,37.612791358085055,265.867,269.09448,SHORT,stop_loss,-1.4139453185239075,1.0,20.0
2019-06-19 12:00:00,2019-06-19 20:00:00,39.0335347929324,37.534276535921826,266.42314500000003,267.99593500000003,LONG,signal_reverse,0.390335347929324,1.0,20.0
2019-06-19 20:00:00,2019-06-20 07:00:00,-43.4447585930734,37.31399881121332,267.995935,268.624245,SHORT,signal_reverse,-0.434447585930734,1.0,20.0
2019-06-20 07:00:00,2019-06-20 14:00:00,2.0039706393603254,37.226721660958034,268.62424500000003,269.21532500000006,LONG,signal_reverse,0.02003970639360325,1.0,20.0
2019-06-20 14:00:00,2019-06-20 20:00:00,-155.61783676319402,37.1449879385581,269.215325,272.86636500000003,SHORT,stop_loss,-1.5561783676319403,1.0,20.0
2019-06-21 15:00:00,2019-06-21 16:00:00,136.27707056615736,35.09604444942106,284.93239500000004,289.38523499999997,LONG,signal_reverse,1.3627707056615737,1.0,20.0
2019-06-21 16:00:00,2019-06-21 18:00:00,-197.68546484412022,34.556013198116354,289.38523499999997,294.52718999999996,SHORT,stop_loss,-1.9768546484412022,1.0,20.000000000000004
2019-06-21 23:00:00,2019-06-22 00:00:00,-202.7080658055681,33.84642253467735,295.4522,300.85035,SHORT,stop_loss,-2.027080658055681,1.0,20.0
2019-06-22 12:00:00,2019-06-22 14:00:00,72.7823404395181,32.20563478159603,310.50467000000003,307.623735,SHORT,stop_loss,0.7278234043951809,1.0,20.0
2019-06-22 18:00:00,2019-06-22 19:00:00,-15.566161247106379,32.8092256392812,304.79231999999996,304.92746,LONG,stop_loss,-0.1556616124710638,1.0,20.0
2019-06-22 21:00:00,2019-06-22 23:00:00,150.35727450316276,32.86748602022567,304.25205,309.435205,LONG,signal_reverse,1.5035727450316274,1.0,20.000000000000004
2019-06-22 23:00:00,2019-06-23 00:00:00,-148.66748629975706,32.316943380763675,309.435205,313.41663,SHORT,stop_loss,-1.4866748629975706,1.0,20.0
2019-06-23 03:00:00,2019-06-23 08:00:00,107.71226377520073,31.863065290607086,313.843,309.83484,SHORT,signal_reverse,1.0771226377520073,1.0,20.0
2019-06-23 08:00:00,2019-06-23 10:00:00,-120.64313619475405,32.275259941716044,309.83484,306.716565,LONG,stop_loss,-1.2064313619475404,1.0,20.0
2019-06-23 15:00:00,2019-06-23 21:00:00,54.64077971080498,32.04677290599175,312.0439,309.71477999999996,SHORT,signal_reverse,0.5464077971080498,1.0,20.0
2019-06-23 21:00:00,2019-06-23 23:00:00,-113.57851762837991,32.287771348852,309.71478,306.81651500000004,LONG,stop_loss,-1.1357851762837992,1.0,20.0
2019-06-24 09:00:00,2019-06-24 16:00:00,-101.65788536556022,32.405915985135145,308.58563000000004,311.10547499999996,SHORT,stop_loss,-1.0165788536556022,1.0,20.0
2019-06-24 16:00:00,2019-06-24 20:00:00,109.70691809966611,32.1755989749176,310.79452499999996,306.763305,SHORT,signal_reverse,1.097069180996661,1.0,20.0
2019-06-24 20:00:00,2019-06-24 23:00:00,112.38887878066215,32.59842307410268,306.763305,310.82451000000003,LONG,signal_reverse,1.1238887878066215,1.0,20.0
2019-06-24 23:00:00,2019-06-25 11:00:00,-38.05214781807074,32.1724950197782,310.82451000000003,311.385615,SHORT,signal_reverse,-0.3805214781807074,1.0,20.0
2019-06-25 11:00:00,2019-06-25 12:00:00,-127.89531815719936,32.11452141101636,311.38561500000003,308.02591,LONG,stop_loss,-1.2789531815719937,1.0,19.999999999999996
2019-06-25 16:00:00,2019-06-25 21:00:00,90.27301883039182,32.34628640372371,309.1545,312.56364,LONG,signal_reverse,0.9027301883039182,1.0,20.000000000000004
2019-06-25 21:00:00,2019-06-25 23:00:00,-158.36302264716397,31.99348459085004,312.56364,316.888365,SHORT,stop_loss,-1.5836302264716398,1.0,20.0
2019-06-26 08:00:00,2019-06-26 11:00:00,-254.02622741019195,30.17645151938056,331.384225,339.13948500000004,SHORT,stop_loss,-2.540262274101919,1.0,20.0
2019-06-26 20:00:00,2019-06-26 21:00:00,-299.3355608667499,29.776275802873723,335.83783500000004,326.45669000000004,LONG,stop_loss,-2.9933556086674993,1.0,20.0
2019-06-27 05:00:00,2019-06-27 06:00:00,-262.6847262781958,30.11722210127648,332.035935,323.97793,LONG,stop_loss,-2.6268472627819577,1.0,20.0
2019-06-27 15:00:00,2019-06-27 16:00:00,-502.3656380993004,32.52628624019859,307.443645,292.61362,LONG,stop_loss,-5.023656380993004,1.0,20.0
2019-06-28 06:00:00,2019-06-28 09:00:00,-203.83004885169902,33.09298614510841,302.178835,307.73378999999994,SHORT,stop_loss,-2.0383004885169904,1.0,20.0
2019-06-28 16:00:00,2019-06-28 19:00:00,-171.00937712889208,32.62358973930685,306.52666,311.15549999999996,SHORT,stop_loss,-1.710093771288921,1.0,20.0
2019-06-28 22:00:00,2019-06-29 01:00:00,175.22401650263495,32.30337886236156,309.56514000000004,303.521685,SHORT,signal_reverse,1.7522401650263495,1.0,19.999999999999996
2019-06-29 01:00:00,2019-06-29 02:00:00,-205.5124453463672,32.94657513515056,303.521685,297.89098,LONG,stop_loss,-2.055124453463672,1.0,20.0
2019-06-29 09:00:00,2019-06-29 10:00:00,148.1224057905906,33.56054831358077,297.96891,302.978435,LONG,signal_reverse,1.481224057905906,1.0,20.0
2019-06-29 10:00:00,2019-06-29 11:00:00,-157.4705100711205,33.005649395475956,302.978435,307.143495,SHORT,stop_loss,-1.574705100711205,1.0,20.000000000000004
2019-06-29 17:00:00,2019-06-29 23:00:00,-227.2575763257717,32.16215282644537,310.92446,317.36860499999995,SHORT,stop_loss,-2.2725757632577173,1.0,20.000000000000004
2019-06-30 07:00:00,2019-06-30 10:00:00,-209.02502517976822,32.44919972323429,308.17401,302.34875,LONG,stop_loss,-2.090250251797682,1.0,20.0
2019-06-30 22:00:00,2019-06-30 23:00:00,-145.58690959660652,34.114965181072506,293.12649000000005,289.445205,LONG,stop_loss,-1.4558690959660652,1.0,20.0
2019-07-01 06:00:00,2019-07-01 08:00:00,150.68690606921407,34.10798013496664,293.18652000000003,298.19083,LONG,signal_reverse,1.5068690606921407,1.0,20.0
2019-07-01 08:00:00,2019-07-01 12:00:00,286.72908352010575,33.53557183498903,298.19082999999995,289.04445,SHORT,signal_reverse,2.8672908352010578,1.0,20.0
2019-07-01 12:00:00,2019-07-01 14:00:00,-319.77084839373373,34.596754928178,289.04445,280.37973999999997,LONG,stop_loss,-3.1977084839373373,1.0,20.0
2019-07-01 19:00:00,2019-07-01 21:00:00,313.82790580299127,35.46339234583674,281.98091999999997,291.39423000000005,LONG,signal_reverse,3.1382790580299127,1.0,20.0
2019-07-01 21:00:00,2019-07-01 23:00:00,-95.58471559303007,34.317769435585596,291.39423,293.596725,SHORT,stop_loss,-0.9558471559303008,1.0,20.0
2019-07-01 23:00:00,2019-07-02 04:00:00,487.12457949881326,34.09440279860496,293.303275,278.429145,SHORT,signal_reverse,4.871245794988132,1.0,20.0
2019-07-02 04:00:00,2019-07-02 05:00:00,-153.12453335300032,35.915780296635255,278.429145,274.72257,LONG,stop_loss,-1.5312453335300034,1.0,20.0
2019-07-02 11:00:00,2019-07-02 14:00:00,358.6139443523046,36.26896907885415,275.71779,286.15685,LONG,signal_reverse,3.586139443523046,1.0,20.0
2019-07-02 14:00:00,2019-07-02 17:00:00,-171.60654025930177,34.94586972144822,286.15685,290.495175,SHORT,stop_loss,-1.7160654025930175,1.0,20.0
2019-07-02 19:00:00,2019-07-02 23:00:00,-105.2056632435994,34.63736368790246,288.705575,291.16551,SHORT,stop_loss,-1.0520566324359941,1.0,20.0
2019-07-03 03:00:00,2019-07-03 05:00:00,-138.34571821525938,33.83955388368607,295.51217,299.00943,SHORT,stop_loss,-1.3834571821525938,1.0,20.0
2019-07-03 08:00:00,2019-07-03 21:00:00,40.662428549281735,34.15110021099061,292.81633500000004,294.59263000000004,LONG,signal_reverse,0.40662428549281737,1.0,20.0
2019-07-03 21:00:00,2019-07-03 22:00:00,-225.62700431439802,33.94518050230924,294.59263,300.65024999999997,SHORT,stop_loss,-2.25627004314398,1.0,20.0
2019-07-04 04:00:00,2019-07-04 13:00:00,63.49662160582065,34.01396120044453,293.99692500000003,296.4517,LONG,signal_reverse,0.6349662160582065,1.0,20.0
2019-07-04 13:00:00,2019-07-04 20:00:00,81.02977989331835,33.732307826199005,296.4517,293.456655,SHORT,signal_reverse,0.8102977989331834,1.0,20.0
2019-07-04 20:00:00,2019-07-04 23:00:00,-387.62021975613305,34.076582792099224,293.456655,282.66859500000004,LONG,stop_loss,-3.8762021975613306,1.0,19.999999999999996
2019-07-05 06:00:00,2019-07-05 09:00:00,170.79500623559576,35.12070873449744,284.73229499999997,290.164845,LONG,signal_reverse,1.7079500623559576,1.0,20.0
2019-07-05 09:00:00,2019-07-05 10:00:00,-151.37601145307417,34.463168686061884,290.164845,293.97691499999996,SHORT,stop_loss,-1.5137601145307416,1.0,20.0
2019-07-05 16:00:00,2019-07-06 00:00:00,139.70202063818445,34.57880124113691,289.194525,293.81302,LONG,signal_reverse,1.3970202063818447,1.0,19.999999999999996
2019-07-06 00:00:00,2019-07-06 12:00:00,79.64330375828915,34.03525139900199,293.81302,290.88536999999997,SHORT,signal_reverse,0.7964330375828915,1.0,20.0
2019-07-06 12:00:00,2019-07-06 14:00:00,108.47827307368442,34.37780318755804,290.88537,294.622615,LONG,signal_reverse,1.0847827307368443,1.0,20.0
2019-07-06 14:00:00,2019-07-06 21:00:00,208.72463473314818,33.94172575652416,294.622615,287.88387,SHORT,signal_reverse,2.0872463473314817,1.0,20.0
2019-07-06 21:00:00,2019-07-07 11:00:00,190.122574772945,34.7362288828478,287.88387,293.93296,LONG,signal_reverse,1.90122574772945,1.0,20.0
2019-07-07 11:00:00,2019-07-07 17:00:00,-482.7153756421192,34.02136323874669,293.93296,307.53369,SHORT,stop_loss,-4.827153756421192,1.0,20.0
2019-07-07 17:00:00,2019-07-08 09:00:00,-138.77400734331601,32.54929566416366,307.22631,310.87536,SHORT,stop_loss,-1.3877400734331602,1.0,20.0
2019-07-08 18:00:00,2019-07-08 19:00:00,105.62182555765708,32.61650730567362,306.59322,310.4447,LONG,signal_reverse,1.0562182555765707,1.0,20.0
2019-07-08 19:00:00,2019-07-09 02:00:00,-212.09298789768266,32.211856089023264,310.4447,316.408125,SHORT,stop_loss,-2.1209298789768267,1.0,20.000000000000004
2019-07-09 07:00:00,2019-07-09 15:00:00,-118.6655800528341,32.02705235436626,312.23604,309.155345,LONG,stop_loss,-1.186655800528341,1.0,19.999999999999996
2019-07-09 19:00:00,2019-07-09 20:00:00,-103.14255446717607,32.52628624019859,307.443645,304.88748000000004,LONG,stop_loss,-1.0314255446717606,1.0,20.0
2019-07-10 00:00:00,2019-07-10 06:00:00,76.51171739716001,32.067315709136615,311.844,308.83434,SHORT,signal_reverse,0.7651171739716001,1.0,19.999999999999996
2019-07-10 06:00:00,2019-07-10 14:00:00,-568.8494252290727,32.37981890226327,308.83434,291.883985,LONG,stop_loss,-5.688494252290727,1.0,20.0
2019-07-10 14:00:00,2019-07-10 15:00:00,-157.93603147061577,34.22594424802461,292.17601499999995,288.14585500000004,LONG,stop_loss,-1.579360314706158,1.0,20.0
2019-07-10 23:00:00,2019-07-11 00:00:00,-162.06109846516244,34.589571216606544,289.10447999999997,284.99743,LONG,stop_loss,-1.6206109846516246,1.0,20.000000000000004
2019-07-11 12:00:00,2019-07-11 16:00:00,66.2186987686988,36.88192803967021,271.1355,273.47319500000003,LONG,stop_loss,0.662186987686988,1.0,20.0
2019-07-11 20:00:00,2019-07-12 07:00:00,221.34947171551195,37.53286706252582,266.43315,272.8635,LONG,signal_reverse,2.2134947171551196,1.0,20.0
2019-07-12 07:00:00,2019-07-12 09:00:00,-188.77174851161843,36.64836081044185,272.8635,277.468665,SHORT,stop_loss,-1.8877174851161842,1.0,20.0
2019-07-12 14:00:00,2019-07-12 20:00:00,144.12991948176955,36.67621641989808,272.65626,277.131365,LONG,signal_reverse,1.4412991948176956,1.0,20.0
2019-07-12 20:00:00,2019-07-13 01:00:00,97.43510158079593,36.083970502580975,277.13136499999996,273.87687,SHORT,signal_reverse,0.9743510158079594,1.0,20.0
2019-07-13 01:00:00,2019-07-13 06:00:00,-137.65378361451027,36.512758452365844,273.87687,270.65460500000006,LONG,stop_loss,-1.3765378361451028,1.0,20.000000000000004
2019-07-13 18:00:00,2019-07-13 21:00:00,-122.26929489484962,37.52863927740256,266.463165,263.738065,LONG,stop_loss,-1.2226929489484961,1.0,20.0
2019-07-13 23:00:00,2019-07-14 04:00:00,98.78173497190099,37.20299892630285,268.79553500000003,265.602735,SHORT,signal_reverse,0.9878173497190099,1.0,20.0
2019-07-14 04:00:00,2019-07-14 09:00:00,-890.6248826842858,37.65021470882067,265.60273500000005,242.4787,LONG,stop_loss,-8.906248826842859,1.0,20.0
2019-07-14 22:00:00,2019-07-14 23:00:00,-446.19228635311396,42.360680223566966,236.067975,226.00694000000001,LONG,stop_loss,-4.461922863531139,1.0,20.0
2019-07-15 04:00:00,2019-07-15 14:00:00,425.7848173418964,45.32880951814342,220.61025,230.44472000000002,LONG,signal_reverse,4.257848173418964,1.0,20.0
2019-07-15 14:00:00,2019-07-15 16:00:00,-119.44207009820026,43.39435505400167,230.44472,232.73631,SHORT,stop_loss,-1.1944207009820027,1.0,20.0
2019-07-15 18:00:00,2019-07-16 06:00:00,316.59003858289134,42.50574603301311,235.26230999999999,227.34361499999997,SHORT,signal_reverse,3.1659003858289134,1.0,20.0
2019-07-16 06:00:00,2019-07-16 07:00:00,-67.36464668251092,43.98628041522081,227.343615,226.26681000000002,LONG,stop_loss,-0.6736464668251092,1.0,20.0
2019-07-16 09:00:00,2019-07-16 11:00:00,-83.45529194626101,44.20415947437364,226.22305500000002,224.78755,LONG,stop_loss,-0.8345529194626101,1.0,20.0
2019-07-16 16:00:00,2019-07-16 17:00:00,-377.1361613539277,48.50765590269655,206.153025,198.79055499999998,LONG,stop_loss,-3.7713616135392773,1.0,20.0
2019-07-17 07:00:00,2019-07-17 10:00:00,165.94220821346354,49.08503410317728,203.72808500000002,199.93992,SHORT,signal_reverse,1.6594220821346355,1.0,20.0
2019-07-17 10:00:00,2019-07-17 11:00:00,-195.96185894242493,50.01502451336381,199.93992,196.42174000000003,LONG,stop_loss,-1.959618589424249,1.0,20.0
2019-07-17 13:00:00,2019-07-17 14:00:00,-465.1584766742336,49.145311431627,203.47821000000002,212.536215,SHORT,stop_loss,-4.651584766742336,1.0,20.0
2019-07-17 21:00:00,2019-07-18 00:00:00,297.45328373898724,46.42477147812457,215.402245,208.56423,SHORT,signal_reverse,2.974532837389872,1.0,20.0
2019-07-18 00:00:00,2019-07-18 04:00:00,456.90152812876886,47.946860302938816,208.56423,218.51069,LONG,signal_reverse,4.5690152812876885,1.0,20.000000000000004
2019-07-18 04:00:00,2019-07-18 06:00:00,-51.98287461359295,45.764351391687065,218.51069,219.20954999999998,SHORT,stop_loss,-0.5198287461359294,1.0,20.000000000000004
2019-07-18 12:00:00,2019-07-18 14:00:00,679.8650519645935,47.69745883441004,209.654775,224.32778000000002,LONG,signal_reverse,6.7986505196459355,1.0,20.0
2019-07-18 14:00:00,2019-07-18 23:00:00,-100.02686961017436,44.57762654273135,224.32778,226.12300499999998,SHORT,stop_loss,-1.0002686961017435,1.0,19.999999999999996
2019-07-19 06:00:00,2019-07-19 07:00:00,130.75539431513724,45.17719444381949,221.35062000000002,224.68760000000003,LONG,signal_reverse,1.3075539431513725,1.0,20.0
2019-07-19 07:00:00,2019-07-19 08:00:00,247.85278760376707,44.50623888456684,224.6876,218.66928,SHORT,signal_reverse,2.4785278760376706,1.0,20.0
2019-07-19 08:00:00,2019-07-19 12:00:00,13.427877935117253,45.73116077393222,218.66928000000001,219.400245,LONG,stop_loss,0.13427877935117252,1.0,20.000000000000004
2019-07-19 13:00:00,2019-07-19 20:00:00,155.8182584550969,46.24532688081536,216.238065,220.039925,LONG,signal_reverse,1.5581825845509691,1.0,20.0
2019-07-19 20:00:00,2019-07-20 00:00:00,-80.47561595923858,45.44629798433171,220.039925,221.37062999999998,SHORT,stop_loss,-0.8047561595923859,1.0,20.0
2019-07-20 14:00:00,2019-07-20 15:00:00,-185.57810010539527,44.04967420090091,227.016435,230.77533,SHORT,stop_loss,-1.8557810010539526,1.0,19.999999999999996
2019-07-20 23:00:00,2019-07-21 02:00:00,-163.06127572077122,43.650111357981594,229.09448999999998,225.81703500000003,LONG,stop_loss,-1.6306127572077123,1.0,20.0
2019-07-21 10:00:00,2019-07-21 13:00:00,-132.1150535843194,44.42223332778055,225.1125,222.58865,LONG,stop_loss,-1.321150535843194,1.0,20.0
2019-07-21 19:00:00,2019-07-21 21:00:00,214.7287334385809,45.510438478966506,219.72981000000001,224.88750000000002,LONG,signal_reverse,2.1472873343858088,1.0,20.0
2019-07-21 21:00:00,2019-07-22 08:00:00,21.602134400533043,44.46667778333612,224.8875,223.95192,SHORT,signal_reverse,0.21602134400533043,1.0,20.0
2019-07-22 08:00:00,2019-07-22 09:00:00,-162.10014363797325,44.65244147047277,223.95192,220.76956,LONG,stop_loss,-1.6210014363797325,1.0,20.000000000000004
2019-07-22 13:00:00,2019-07-22 14:00:00,-273.8960197087461,45.18944976376989,221.29059,215.67211,LONG,stop_loss,-2.738960197087461,1.0,20.0
2019-07-23 01:00:00,2019-07-23 06:00:00,-173.16756493094726,46.50785211833151,215.01745499999998,211.72408500000003,LONG,stop_loss,-1.7316756493094727,1.0,20.0
2019-07-23 13:00:00,2019-07-23 18:00:00,250.78565355787822,47.45289132009033,210.73531499999999,216.44172500000002,LONG,signal_reverse,2.5078565355787825,1.0,20.000000000000004
2019-07-23 18:00:00,2019-07-23 23:00:00,163.21513562137946,46.20181252020607,216.44172500000002,212.476185,SHORT,signal_reverse,1.6321513562137946,1.0,20.0
2019-07-23 23:00:00,2019-07-24 00:00:00,-364.92383228736924,47.06409803056281,212.47618500000002,205.147375,LONG,stop_loss,-3.649238322873692,1.0,20.0
2019-07-24 09:00:00,2019-07-24 14:00:00,-306.24578175054063,48.017865719190944,208.25582,214.217055,SHORT,stop_loss,-3.0624578175054062,1.0,20.0
2019-07-24 14:00:00,2019-07-24 21:00:00,-118.36570239722471,46.728328902202726,214.002945,216.10799999999998,SHORT,stop_loss,-1.183657023972247,1.0,20.0
2019-07-25 08:00:00,2019-07-25 13:00:00,83.85244773625476,44.98045453064166,222.31878500000002,220.00995,SHORT,signal_reverse,0.8385244773625476,1.0,20.0
2019-07-25 13:00:00,2019-07-25 20:00:00,-82.69352817906547,45.45248976239483,220.00995,218.63063000000002,LONG,stop_loss,-0.8269352817906547,1.0,20.0
2019-07-25 23:00:00,2019-07-26 00:00:00,-150.8786246146329,45.639280816212896,219.1095,216.241825,LONG,stop_loss,-1.5087862461463293,1.0,20.0
2019-07-26 08:00:00,2019-07-26 14:00:00,39.60816727619517,46.078397739836156,217.021435,215.72781,SHORT,signal_reverse,0.39608167276195166,1.0,19.999999999999996
2019-07-26 14:00:00,2019-07-26 16:00:00,126.60557672188845,46.35470966863289,215.72781,218.8905,LONG,signal_reverse,1.2660557672188846,1.0,20.0
2019-07-26 16:00:00,2019-07-27 00:00:00,-214.20737766143324,45.68494292808505,218.8905,223.141515,SHORT,stop_loss,-2.1420737766143323,1.0,20.0
2019-07-27 09:00:00,2019-07-27 10:00:00,-548.5844338977013,45.473168784124766,219.90990000000002,208.285805,LONG,stop_loss,-5.485844338977013,1.0,20.0
2019-07-27 22:00:00,2019-07-28 04:00:00,136.66657456916528,48.47236905310681,206.3031,209.53518,LONG,signal_reverse,1.3666657456916527,1.0,20.0
2019-07-28 04:00:00,2019-07-28 16:00:00,66.44705867530267,47.724682795509565,209.53518,207.72381,SHORT,signal_reverse,0.6644705867530267,1.0,20.0
2019-07-28 16:00:00,2019-07-28 22:00:00,-7.861285617667021,48.14084625156837,207.72381000000001,207.97596000000001,LONG,stop_loss,-0.07861285617667021,1.0,20.0
2019-07-28 23:00:00,2019-07-29 01:00:00,-162.23318278143796,47.36992803963176,211.104395,214.107,SHORT,stop_loss,-1.6223318278143797,1.0,19.999999999999996
2019-07-29 01:00:00,2019-07-29 09:00:00,239.42316952868944,46.752348136685164,213.893,208.34412,SHORT,signal_reverse,2.3942316952868947,1.0,20.0
2019-07-29 09:00:00,2019-07-29 16:00:00,84.18196587453615,47.997514880669534,208.34412,210.51469000000003,LONG,signal_reverse,0.8418196587453615,1.0,20.0
2019-07-29 16:00:00,2019-07-30 01:00:00,96.41515373582787,47.50262321361041,210.51469,208.06398,SHORT,signal_reverse,0.9641515373582787,1.0,20.0
2019-07-30 01:00:00,2019-07-30 02:00:00,-123.18893255814812,48.062139347714094,208.06398000000002,205.91699000000003,LONG,stop_loss,-1.2318893255814813,1.0,19.999999999999996
2019-07-30 11:00:00,2019-07-30 15:00:00,-191.41806943473716,47.873115944545795,208.885505,212.46618,SHORT,stop_loss,-1.9141806943473716,1.0,20.0
2019-07-30 20:00:00,2019-07-31 00:00:00,116.47481622386893,47.733905624674655,209.49469499999998,212.35377000000003,LONG,signal_reverse,1.1647481622386893,1.0,20.0
2019-07-31 00:00:00,2019-07-31 12:00:00,-181.2434288310485,47.091228943098116,212.35377,215.77783499999998,SHORT,stop_loss,-1.8124342883104851,1.0,20.0
2019-07-31 12:00:00,2019-07-31 23:00:00,-176.20760721159007,46.39033013979981,215.562165,218.92941,SHORT,stop_loss,-1.7620760721159008,1.0,19.999999999999996
2019-08-01 01:00:00,2019-08-01 16:00:00,-10.846325317939103,46.72745441211138,214.00695000000002,214.20284500000002,LONG,signal_reverse,-0.10846325317939103,1.0,20.0
2019-08-01 16:00:00,2019-08-01 20:00:00,-182.74036883123634,46.684720737486,214.202845,217.68879,SHORT,stop_loss,-1.8274036883123634,1.0,20.0
2019-08-02 02:00:00,2019-08-02 06:00:00,-184.6085836832654,46.127259111344515,216.79155,220.36012499999998,SHORT,stop_loss,-1.846085836832654,1.0,20.0
2019-08-02 06:00:00,2019-08-02 16:00:00,117.702222280266,45.42566402383939,220.139875,217.1085,SHORT,signal_reverse,1.17702222280266,1.0,20.0
2019-08-02 16:00:00,2019-08-03 01:00:00,94.76496774654305,46.05991934908123,217.1085,219.60014500000003,LONG,signal_reverse,0.9476496774654305,1.0,20.000000000000004
2019-08-03 01:00:00,2019-08-03 02:00:00,-201.766501110461,45.53731055141152,219.600145,223.59174,SHORT,stop_loss,-2.01766501110461,1.0,20.0
2019-08-03 10:00:00,2019-08-03 15:00:00,80.9328193508522,44.891652089786085,222.758565,220.5102,SHORT,signal_reverse,0.809328193508522,1.0,20.0
2019-08-03 15:00:00,2019-08-04 00:00:00,76.52274588658581,45.349376128632606,220.5102,222.63862500000002,LONG,signal_reverse,0.7652274588658582,1.0,20.000000000000004
2019-08-04 00:00:00,2019-08-04 02:00:00,48.63701210874747,44.91583614478396,222.638625,221.1105,SHORT,signal_reverse,0.48637012108747474,1.0,20.000000000000004
2019-08-04 02:00:00,2019-08-04 04:00:00,-152.04483730985143,45.226255650455315,221.1105,218.19085,LONG,stop_loss,-1.520448373098514,1.0,20.0
2019-08-04 11:00:00,2019-08-04 14:00:00,66.21180053515042,45.61845047353092,219.20955,221.09939500000002,LONG,signal_reverse,0.6621180053515041,1.0,20.0
2019-08-04 14:00:00,2019-08-05 00:00:00,-308.7520338985986,45.228527197010195,221.09939500000002,227.48368499999998,SHORT,stop_loss,-3.087520338985986,1.0,20.0
2019-08-05 15:00:00,2019-08-05 16:00:00,-151.76865673326543,43.00452396841016,232.53367500000002,235.59774,SHORT,stop_loss,-1.5176865673326543,1.0,20.0
2019-08-05 23:00:00,2019-08-06 00:00:00,100.46324997518587,42.89574044439472,233.12338,230.31509999999997,SHORT,signal_reverse,1.0046324997518588,1.0,19.999999999999996
2019-08-06 00:00:00,2019-08-06 06:00:00,82.40340299007786,43.41877714487674,230.3151,232.673605,LONG,signal_reverse,0.8240340299007786,1.0,20.000000000000004
2019-08-06 06:00:00,2019-08-06 10:00:00,89.96541700550866,42.97866103033046,232.67360499999998,230.11499999999998,SHORT,signal_reverse,0.8996541700550866,1.0,20.000000000000004
2019-08-06 10:00:00,2019-08-06 12:00:00,-112.95547878234716,43.45653260326358,230.115,227.97595500000003,LONG,stop_loss,-1.1295547878234715,1.0,20.0
2019-08-06 14:00:00,2019-08-06 20:00:00,-148.32584538186632,43.686360849471676,228.904395,225.96696000000003,LONG,stop_loss,-1.4832584538186633,1.0,20.0
2019-08-07 00:00:00,2019-08-07 04:00:00,71.64942565372684,44.40841737570811,225.182535,227.24632000000003,LONG,signal_reverse,0.7164942565372683,1.0,20.0
2019-08-07 04:00:00,2019-08-07 07:00:00,77.42115955937325,44.00511304209458,227.24632000000003,225.03246,SHORT,signal_reverse,0.7742115955937325,1.0,20.0
2019-08-07 07:00:00,2019-08-07 11:00:00,81.93285004305649,44.43803351747566,225.03246,227.32628,LONG,signal_reverse,0.8193285004305649,1.0,20.0
2019-08-07 11:00:00,2019-08-07 13:00:00,-116.70791252115622,43.98963463441183,227.32628,229.52470499999998,SHORT,stop_loss,-1.1670791252115622,1.0,20.0
2019-08-07 15:00:00,2019-08-07 16:00:00,-76.2841769135476,44.53108709623803,224.56222499999998,223.298295,LONG,stop_loss,-0.762841769135476,1.0,20.0
2019-08-08 03:00:00,2019-08-08 05:00:00,23.590758607766176,44.27188150471537,225.877005,224.89238999999998,SHORT,signal_reverse,0.23590758607766174,1.0,20.0
2019-08-08 05:00:00,2019-08-08 15:00:00,-178.88065398744695,44.465710911783184,224.89239,221.319285,LONG,stop_loss,-1.7888065398744695,1.0,20.0
2019-08-08 23:00:00,2019-08-09 02:00:00,59.77489378862321,45.32072160378069,220.64962,218.88939,SHORT,signal_reverse,0.5977489378862321,1.0,20.0
2019-08-09 02:00:00,2019-08-09 05:00:00,-141.86771592720712,45.68517459891501,218.88939,216.22183500000003,LONG,stop_loss,-1.4186771592720713,1.0,20.000000000000004
2019-08-10 00:00:00,2019-08-10 11:00:00,423.9496397826073,46.92117666956163,213.12338499999998,203.66178,SHORT,signal_reverse,4.239496397826073,1.0,20.0
2019-08-10 11:00:00,2019-08-11 00:00:00,256.61154684988185,49.10101443677847,203.66178,209.29530000000003,LONG,signal_reverse,2.5661154684988188,1.0,20.0
2019-08-11 00:00:00,2019-08-11 16:00:00,-185.8436668190822,47.779381572352555,209.2953,212.76632999999998,SHORT,stop_loss,-1.858436668190822,1.0,20.0
2019-08-11 16:00:00,2019-08-11 18:00:00,-174.51132883285348,47.046941132561955,212.55366999999998,215.83786499999997,SHORT,stop_loss,-1.745113288328535,1.0,20.0
2019-08-12 05:00:00,2019-08-12 11:00:00,-122.951484922982,46.971203998076156,212.89639499999998,210.704595,LONG,stop_loss,-1.22951484922982,1.0,20.0
2019-08-12 19:00:00,2019-08-12 21:00:00,23.74378796011085,47.12449955843166,212.203845,211.27558499999998,SHORT,signal_reverse,0.23743787960110851,1.0,20.0
2019-08-12 21:00:00,2019-08-13 00:00:00,-38.983499678865556,47.331545668185,211.27558499999998,210.87451000000001,LONG,stop_loss,-0.3898349967886556,1.0,20.000000000000004
2019-08-13 11:00:00,2019-08-13 13:00:00,72.62273057926353,47.48909484170603,210.57466,208.62426,SHORT,signal_reverse,0.7262273057926353,1.0,20.0
2019-08-13 13:00:00,2019-08-13 14:00:00,-158.8704746034811,47.93306396868705,208.62426000000002,205.72708500000002,LONG,stop_loss,-1.5887047460348112,1.0,20.0
2019-08-13 21:00:00,2019-08-13 23:00:00,48.22921373186558,48.310708583066486,206.99344499999998,208.405745,LONG,signal_reverse,0.4822921373186558,1.0,20.0
2019-08-13 23:00:00,2019-08-14 01:00:00,59.28860118515479,47.983322148820804,208.405745,206.753325,SHORT,signal_reverse,0.5928860118515479,1.0,20.0
2019-08-14 01:00:00,2019-08-14 14:00:00,-123.77970946779205,48.366815866201904,206.75332500000002,204.60764500000002,LONG,stop_loss,-1.2377970946779204,1.0,20.0
2019-08-15 20:00:00,2019-08-15 23:00:00,-78.20985296008334,53.5341778653252,186.79655499999998,187.883895,SHORT,stop_loss,-0.7820985296008334,1.0,20.0
2019-08-16 01:00:00,2019-08-16 04:00:00,157.7959654595456,53.325884773748136,187.52619,184.19205,SHORT,signal_reverse,1.5779596545954562,1.0,20.0
2019-08-16 04:00:00,2019-08-16 05:00:00,-155.3448750909712,54.2911596890311,184.19205,181.699105,LONG,stop_loss,-1.553448750909712,1.0,20.0
2019-08-16 13:00:00,2019-08-16 15:00:00,108.12572892743712,54.62048471911374,183.08149500000002,185.42724,LONG,signal_reverse,1.0812572892743713,1.0,20.0
2019-08-16 15:00:00,2019-08-17 02:00:00,46.613190165588236,53.92950895456352,185.42724,184.19205,SHORT,signal_reverse,0.46613190165588236,1.0,19.999999999999996
2019-08-17 02:00:00,2019-08-17 05:00:00,45.43197711302062,54.2911596890311,184.19205,185.39725500000003,LONG,signal_reverse,0.4543197711302062,1.0,20.0
2019-08-17 05:00:00,2019-08-17 12:00:00,16.405069751438376,53.938231178234005,185.397255,184.72231499999998,SHORT,signal_reverse,0.16405069751438375,1.0,20.0
2019-08-17 12:00:00,2019-08-17 17:00:00,-130.09525297471492,54.135311156099355,184.722315,182.68861,LONG,stop_loss,-1.3009525297471491,1.0,20.0
2019-08-17 22:00:00,2019-08-18 10:00:00,-217.796850368419,53.78166156668616,185.936985,189.61476,SHORT,stop_loss,-2.1779685036841903,1.0,20.0
2019-08-19 00:00:00,2019-08-19 02:00:00,78.78814527813788,51.581785099605845,193.866885,195.78206,LONG,signal_reverse,0.7878814527813787,1.0,20.0
2019-08-19 02:00:00,2019-08-19 07:00:00,-318.7354919035991,51.07720288569852,195.78206,201.630765,SHORT,stop_loss,-3.187354919035991,1.0,20.0
2019-08-19 19:00:00,2019-08-19 22:00:00,105.20958993283853,50.47471214397851,198.11901,200.59965,LONG,signal_reverse,1.0520958993283853,1.0,20.0
2019-08-19 22:00:00,2019-08-20 03:00:00,65.7558824255175,49.850535631542726,200.59965,198.87939,SHORT,signal_reverse,0.657558824255175,1.0,20.0
2019-08-20 03:00:00,2019-08-20 09:00:00,-104.37475597647305,50.2817310531775,198.87939,197.20135000000002,LONG,stop_loss,-1.0437475597647305,1.0,20.0
2019-08-20 19:00:00,2019-08-20 22:00:00,69.2990988577277,50.9455247400511,196.288095,198.04093,LONG,signal_reverse,0.692990988577277,1.0,20.0
2019-08-20 22:00:00,2019-08-21 00:00:00,170.5588405386702,50.4946124015879,198.04092999999997,194.26708499999998,SHORT,signal_reverse,1.7055884053867023,1.0,20.0
2019-08-21 00:00:00,2019-08-21 03:00:00,-224.989692412381,51.47552401890418,194.26708499999998,190.28481,LONG,stop_loss,-2.24989692412381,1.0,20.0
2019-08-21 18:00:00,2019-08-21 23:00:00,135.54620820634105,54.30295826768784,184.15203,187.01644500000003,LONG,signal_reverse,1.3554620820634105,1.0,20.0
2019-08-21 23:00:00,2019-08-22 00:00:00,-24.1202258977799,53.47123350569518,187.016445,187.09349999999998,SHORT,stop_loss,-0.241202258977799,1.0,20.0
2019-08-22 01:00:00,2019-08-22 09:00:00,171.44280318856974,54.61749999317281,183.0915,186.596655,LONG,signal_reverse,1.7144280318856973,1.0,19.999999999999996
2019-08-22 09:00:00,2019-08-22 13:00:00,-139.38638449869177,53.591528744178184,186.596655,188.82436499999997,SHORT,stop_loss,-1.3938638449869176,1.0,20.0
2019-08-22 22:00:00,2019-08-23 10:00:00,122.00643710284925,51.678731927947446,193.5032,190.75533,SHORT,signal_reverse,1.2200643710284926,1.0,20.0
2019-08-23 10:00:00,2019-08-23 13:00:00,136.10337074198821,52.4231747548024,190.75533,193.73308500000002,LONG,signal_reverse,1.3610337074198822,1.0,20.0
2019-08-23 13:00:00,2019-08-23 14:00:00,-93.52616100651899,51.61740959217162,193.73308500000002,195.15752999999998,SHORT,stop_loss,-0.9352616100651899,1.0,20.0
2019-08-23 20:00:00,2019-08-24 08:00:00,-179.2697477140842,51.857437474061555,192.83637000000002,189.76507000000004,LONG,stop_loss,-1.7926974771408417,1.0,20.0
2019-08-24 20:00:00,2019-08-25 04:00:00,39.633484919969206,52.730064832142006,189.64513000000002,188.51420999999996,SHORT,signal_reverse,0.3963348491996921,1.0,20.0
2019-08-25 04:00:00,2019-08-25 07:00:00,47.41401616355734,53.04639899559827,188.51421,189.78506000000002,LONG,signal_reverse,0.4741401616355734,1.0,20.0
2019-08-25 07:00:00,2019-08-25 14:00:00,65.4137306698432,52.69118654545306,189.78506,188.16403499999998,SHORT,signal_reverse,0.6541373066984321,1.0,20.0
2019-08-25 14:00:00,2019-08-25 19:00:00,-165.9784809567873,53.14511883208713,188.16403499999998,185.417245,LONG,stop_loss,-1.659784809567873,1.0,20.0
2019-08-26 00:00:00,2019-08-26 13:00:00,158.47115372614545,51.89585819415232,192.693605,189.25457999999998,SHORT,signal_reverse,1.5847115372614544,1.0,20.0
2019-08-26 13:00:00,2019-08-26 16:00:00,-109.21369300547465,52.83887977770471,189.25458,187.56617,LONG,stop_loss,-1.0921369300547465,1.0,19.999999999999996
2019-08-26 23:00:00,2019-08-27 02:00:00,58.27790210055634,53.15589470433867,188.12589,186.65328,SHORT,signal_reverse,0.5827790210055633,1.0,20.0
2019-08-27 02:00:00,2019-08-27 13:00:00,47.65029792136598,53.5752706836976,186.65328,187.915995,LONG,signal_reverse,0.4765029792136598,1.0,20.0
2019-08-27 13:00:00,2019-08-27 20:00:00,56.779254474851534,53.215267811555904,187.91599499999998,186.47319,SHORT,signal_reverse,0.5677925447485154,1.0,20.0
2019-08-27 20:00:00,2019-08-28 06:00:00,-21.418970737830247,53.62701201175354,186.47319,186.44673,LONG,signal_reverse,-0.21418970737830245,1.0,20.0
2019-08-28 06:00:00,2019-08-28 17:00:00,60.68283096195982,53.63462260775504,186.44673,184.942425,SHORT,signal_reverse,0.6068283096195982,1.0,20.0
2019-08-28 17:00:00,2019-08-28 18:00:00,-701.2195741458435,54.070881789291995,184.942425,172.34378500000003,LONG,stop_loss,-7.012195741458435,1.0,20.0
2019-08-29 10:00:00,2019-08-29 14:00:00,-263.11878649635065,59.19807213190372,168.92442,164.81755,LONG,stop_loss,-2.6311878649635063,1.0,20.0
2019-08-30 00:00:00,2019-08-30 08:00:00,38.53990024614453,59.62538029440211,167.71381499999998,168.69561000000002,LONG,signal_reverse,0.3853990024614454,1.0,20.0
2019-08-30 08:00:00,2019-08-30 16:00:00,-23.48112200430001,59.27836533505526,168.69561,168.75433499999997,SHORT,signal_reverse,-0.2348112200430001,1.0,20.000000000000004
2019-08-30 16:00:00,2019-08-30 19:00:00,-33.54868898627015,59.25773699383782,168.754335,168.525695,LONG,stop_loss,-0.33548688986270153,1.0,20.0
2019-08-31 00:00:00,2019-08-31 06:00:00,7.875811131678083,59.15919170559736,169.03544,168.56423999999998,SHORT,signal_reverse,0.07875811131678083,1.0,20.0
2019-08-31 06:00:00,2019-08-31 17:00:00,-21.100767280177106,59.324563739023176,168.56423999999998,168.545685,LONG,signal_reverse,-0.21100767280177105,1.0,20.0
2019-08-31 17:00:00,2019-08-31 18:00:00,60.81696069525571,59.33109471179876,168.545685,167.18355,SHORT,signal_reverse,0.6081696069525572,1.0,20.0
2019-08-31 18:00:00,2019-08-31 21:00:00,368.1703672400792,59.81449729952499,167.18355,173.67312,LONG,signal_reverse,3.681703672400792,1.0,20.0
2019-08-31 21:00:00,2019-09-01 08:00:00,140.51534054319856,57.579434284361334,173.67311999999998,170.8854,SHORT,signal_reverse,1.4051534054319856,1.0,19.999999999999996
2019-09-01 08:00:00,2019-09-01 17:00:00,-85.56001858555547,58.51874999268515,170.8854,169.765075,LONG,stop_loss,-0.8556001858555546,1.0,20.0
2019-09-01 19:00:00,2019-09-02 06:00:00,-15.349065455128802,58.59445095900805,170.664625,170.58525,SHORT,signal_reverse,-0.15349065455128802,1.0,20.0
2019-09-02 06:00:00,2019-09-02 11:00:00,92.46312327707248,58.62171553519428,170.58525,172.50370500000002,LONG,signal_reverse,0.9246312327707248,1.0,20.0
2019-09-02 11:00:00,2019-09-02 17:00:00,-311.2989607962331,57.96976940292384,172.503705,177.52872,SHORT,stop_loss,-3.112989607962331,1.0,20.0
2019-09-03 03:00:00,2019-09-03 09:00:00,132.80934302040157,55.921985921695956,178.820545,176.088,SHORT,signal_reverse,1.3280934302040157,1.0,19.999999999999996
2019-09-03 09:00:00,2019-09-03 12:00:00,151.64145200127237,56.789786924719465,176.088,179.1104,LONG,signal_reverse,1.5164145200127237,1.0,20.0
2019-09-03 12:00:00,2019-09-03 14:00:00,-136.13786804116202,55.83148717215751,179.1104,181.19054999999997,SHORT,stop_loss,-1.3613786804116204,1.0,20.0
2019-09-03 14:00:00,2019-09-03 23:00:00,77.77804418498509,55.24573440778921,181.00945,179.239575,SHORT,signal_reverse,0.7777804418498508,1.0,20.0
2019-09-03 23:00:00,2019-09-04 08:00:00,-188.36292989424908,55.791250341895754,179.239575,176.221845,LONG,stop_loss,-1.8836292989424908,1.0,20.0
2019-09-04 12:00:00,2019-09-04 22:00:00,-155.52030867065696,56.571216316224955,176.76834,174.37277000000003,LONG,stop_loss,-1.5552030867065696,1.0,20.0
2019-09-04 22:00:00,2019-09-05 09:00:00,-137.64838662865012,57.29108390892253,174.54723,172.49371000000002,LONG,stop_loss,-1.3764838662865013,1.0,20.0
2019-09-05 09:00:00,2019-09-05 10:00:00,-40.414523298090714,57.91518425513167,172.66629,172.31380000000001,LONG,stop_loss,-0.40414523298090715,1.0,20.0
2019-09-05 19:00:00,2019-09-05 21:00:00,53.85675313427438,58.25951561407452,171.64578,172.9135,LONG,signal_reverse,0.5385675313427438,1.0,20.0
2019-09-05 21:00:00,2019-09-05 22:00:00,-132.41950454996254,57.83238440029263,172.9135,174.857385,SHORT,stop_loss,-1.3241950454996254,1.0,20.0
2019-09-06 01:00:00,2019-09-06 05:00:00,-101.85401917151412,57.450488092165514,174.062925,175.4877,SHORT,stop_loss,-1.0185401917151413,1.0,20.0
2019-09-06 10:00:00,2019-09-06 17:00:00,265.30714961104655,56.653468297002405,176.5117,171.47569499999997,SHORT,signal_reverse,2.6530714961104658,1.0,19.999999999999996
2019-09-06 17:00:00,2019-09-06 20:00:00,-181.5441768584161,58.31730263580504,171.47569499999997,168.705605,LONG,stop_loss,-1.815441768584161,1.0,20.0
2019-09-07 07:00:00,2019-09-07 11:00:00,-135.12620493291664,58.69757994280215,170.36477499999998,172.32612,SHORT,stop_loss,-1.3512620493291663,1.0,20.0
2019-09-07 11:00:00,2019-09-07 16:00:00,-361.269682681562,58.087566774562376,172.15388000000002,178.02897,SHORT,stop_loss,-3.61269682681562,1.0,20.0
2019-09-08 00:00:00,2019-09-08 03:00:00,-255.45053829177715,55.77546271184426,179.29031,183.51170999999997,SHORT,stop_loss,-2.5545053829177715,1.0,19.999999999999996
2019-09-08 03:00:00,2019-09-08 11:00:00,153.91014774642656,54.54695508260074,183.32828999999998,180.140025,SHORT,signal_reverse,1.5391014774642655,1.0,20.000000000000004
2019-09-08 11:00:00,2019-09-08 14:00:00,97.61961285394477,55.512371556515546,180.140025,182.258825,LONG,signal_reverse,0.9761961285394477,1.0,20.0
2019-09-08 14:00:00,2019-09-08 18:00:00,101.19275980189144,54.86702770085344,182.258825,180.04998,SHORT,signal_reverse,1.0119275980189144,1.0,20.0
2019-09-08 18:00:00,2019-09-08 23:00:00,56.04916146061135,55.54013391170607,180.04998,181.419245,LONG,signal_reverse,0.5604916146061135,1.0,20.0
2019-09-08 23:00:00,2019-09-09 02:00:00,133.23457001488413,55.12094375654579,181.419245,178.639275,SHORT,signal_reverse,1.3323457001488415,1.0,20.0
2019-09-09 02:00:00,2019-09-09 09:00:00,77.43042228535816,55.97873144077639,178.639275,180.37976500000002,LONG,signal_reverse,0.7743042228535817,1.0,20.0
2019-09-09 09:00:00,2019-09-09 11:00:00,-163.67881009269422,55.43859090846471,180.379765,182.97143999999997,SHORT,stop_loss,-1.6367881009269423,1.0,20.0
2019-09-09 16:00:00,2019-09-10 00:00:00,64.19805626859419,55.435399327513174,180.39015,181.90900000000002,LONG,signal_reverse,0.641980562685942,1.0,20.000000000000004
2019-09-10 00:00:00,2019-09-10 09:00:00,31.045028008510695,54.97254121566278,181.909,180.98044499999997,SHORT,signal_reverse,0.31045028008510694,1.0,20.0
2019-09-10 09:00:00,2019-09-10 19:00:00,-194.01907703343164,55.254588416997215,180.98044499999997,177.83104,LONG,stop_loss,-1.9401907703343164,1.0,20.0
2019-09-11 00:00:00,2019-09-11 05:00:00,139.5905568678391,55.21524559189087,181.1094,178.21906499999997,SHORT,signal_reverse,1.395905568678391,1.0,20.0
2019-09-11 05:00:00,2019-09-11 06:00:00,-36.72492221861874,56.11071969208233,178.219065,177.920995,LONG,stop_loss,-0.36724922218618733,1.0,20.0
2019-09-11 10:00:00,2019-09-11 13:00:00,99.95160114185457,55.74749262411893,179.380265,177.22857,SHORT,signal_reverse,0.9995160114185457,1.0,19.999999999999996
2019-09-11 13:00:00,2019-09-11 16:00:00,-13.64013375495627,56.42431127216114,177.22857,177.34128500000003,LONG,stop_loss,-0.1364013375495627,1.0,20.0
2019-09-11 18:00:00,2019-09-11 21:00:00,68.0128723207866,56.68029090819227,176.42817,177.980965,LONG,signal_reverse,0.680128723207866,1.0,20.0
2019-09-11 21:00:00,2019-09-12 06:00:00,40.26234322305324,56.18578368759828,177.980965,176.90840999999998,SHORT,signal_reverse,0.4026234322305324,1.0,20.0
2019-09-12 06:00:00,2019-09-12 10:00:00,47.972461003972796,56.52642517108146,176.90841,178.1109,LONG,signal_reverse,0.479724610039728,1.0,20.0
2019-09-12 10:00:00,2019-09-12 20:00:00,-129.4309781153201,56.14479518097995,178.1109,180.05998499999998,SHORT,stop_loss,-1.2943097811532012,1.0,20.0
2019-09-13 04:00:00,2019-09-13 20:00:00,51.36499803871708,55.75390471774767,179.359635,180.639635,LONG,signal_reverse,0.5136499803871708,1.0,20.0
2019-09-13 20:00:00,2019-09-14 12:00:00,-3.419474912025928,55.35883639268868,180.639635,180.340125,SHORT,signal_reverse,-0.03419474912025928,1.0,20.0
2019-09-14 12:00:00,2019-09-14 13:00:00,170.08221270779438,55.450776692097776,180.340125,183.76807000000002,LONG,signal_reverse,1.7008221270779438,1.0,20.0
2019-09-14 13:00:00,2019-09-14 17:00:00,-268.46808262175193,54.4164173895933,183.76807000000002,188.33412,SHORT,stop_loss,-2.6846808262175195,1.0,20.0
2019-09-15 03:00:00,2019-09-15 10:00:00,131.0995814639553,53.54656862075766,186.75333,189.575165,LONG,signal_reverse,1.310995814639553,1.0,20.0
2019-09-15 10:00:00,2019-09-15 14:00:00,86.10197807291995,52.74952549823707,189.575165,187.56373499999998,SHORT,signal_reverse,0.8610197807291995,1.0,20.0
2019-09-15 14:00:00,2019-09-15 15:00:00,69.65459127800028,53.315210427004985,187.563735,189.24533000000002,LONG,signal_reverse,0.6965459127800028,1.0,20.0
2019-09-15 15:00:00,2019-09-16 00:00:00,-247.82068122896305,52.841462455110516,189.24533,193.55673,SHORT,stop_loss,-2.4782068122896304,1.0,20.0
2019-09-16 00:00:00,2019-09-16 12:00:00,159.3706736548256,51.71612995580805,193.36327,189.8949,SHORT,signal_reverse,1.593706736548256,1.0,20.0
2019-09-16 12:00:00,2019-09-16 20:00:00,459.50471550315433,52.660708634091804,189.8949,199.00045,LONG,signal_reverse,4.595047155031543,1.0,20.0
2019-09-16 20:00:00,2019-09-17 13:00:00,-128.5464882114585,50.251142648169896,199.00045,201.16053,SHORT,stop_loss,-1.285464882114585,1.0,20.000000000000004
2019-09-18 00:00:00,2019-09-18 07:00:00,-190.5681383897161,47.062432387462366,212.48370500000001,216.10799999999998,SHORT,stop_loss,-1.905681383897161,1.0,20.0
2019-09-18 13:00:00,2019-09-18 18:00:00,74.22206550817047,46.71523790096945,214.06291499999998,212.04596999999998,SHORT,signal_reverse,0.7422206550817048,1.0,20.0
2019-09-18 18:00:00,2019-09-19 00:00:00,-188.84334090386125,47.159585254084284,212.04597,208.46571500000002,LONG,stop_loss,-1.8884334090386126,1.0,19.999999999999996
2019-09-19 06:00:00,2019-09-19 09:00:00,70.90433903180609,48.53356559556485,206.04297,207.91599000000002,LONG,signal_reverse,0.709043390318061,1.0,20.0
2019-09-19 09:00:00,2019-09-19 15:00:00,-201.79482010979441,48.096348914770815,207.91599000000002,211.695795,SHORT,stop_loss,-2.017948201097944,1.0,20.0
2019-09-19 15:00:00,2019-09-19 16:00:00,-441.11584645293016,47.284855150293616,211.484205,220.39014,SHORT,stop_loss,-4.411158464529302,1.0,20.000000000000004
2019-09-20 01:00:00,2019-09-20 11:00:00,44.69834727718568,46.13007107006334,216.778335,218.180855,LONG,signal_reverse,0.44698347277185685,1.0,19.999999999999996
2019-09-20 11:00:00,2019-09-20 14:00:00,61.24933784863818,45.83353566929601,218.18085499999998,216.40815,SHORT,signal_reverse,0.6124933784863817,1.0,20.0
2019-09-20 14:00:00,2019-09-20 17:00:00,-39.69403647690619,46.20898057674815,216.40815,215.98195500000003,LONG,stop_loss,-0.39694036476906186,1.0,20.0
2019-09-20 21:00:00,2019-09-20 23:00:00,74.22194503638417,46.34181425607671,215.78784000000002,217.82103500000002,LONG,signal_reverse,0.7422194503638417,1.0,20.0
2019-09-20 23:00:00,2019-09-21 01:00:00,-97.52534092953815,45.9092483882468,217.821035,219.50969999999998,SHORT,stop_loss,-0.9752534092953815,1.0,20.0
2019-09-21 03:00:00,2019-09-21 08:00:00,76.2068045227734,45.75807226732506,218.540675,216.438165,SHORT,signal_reverse,0.762068045227734,1.0,20.0
2019-09-21 08:00:00,2019-09-21 15:00:00,52.66625088971618,46.20257245296826,216.43816500000003,218.01094,LONG,signal_reverse,0.5266625088971618,1.0,20.0
2019-09-21 15:00:00,2019-09-21 17:00:00,99.41098001779247,45.86925775376226,218.01094,215.40765,SHORT,signal_reverse,0.9941098001779247,1.0,20.0
2019-09-21 17:00:00,2019-09-22 01:00:00,-218.8446092791982,46.42360658964526,215.40765000000002,211.124385,LONG,stop_loss,-2.1884460927919824,1.0,20.0
2019-09-22 10:00:00,2019-09-22 16:00:00,-146.6153806786623,47.430372983204215,210.835365,208.16586500000003,LONG,stop_loss,-1.4661538067866229,1.0,20.0
2019-09-22 21:00:00,2019-09-23 02:00:00,47.115880668256594,47.58169259167082,210.16486500000002,208.754325,SHORT,signal_reverse,0.471158806682566,1.0,20.0
2019-09-23 02:00:00,2019-09-23 09:00:00,37.0359440457118,47.90319913132339,208.754325,209.94497500000003,LONG,signal_reverse,0.370359440457118,1.0,20.0
2019-09-23 09:00:00,2019-09-23 16:00:00,81.98505584618144,47.631528213523566,209.944975,207.80384999999998,SHORT,signal_reverse,0.8198505584618144,1.0,20.0
2019-09-23 16:00:00,2019-09-23 20:00:00,-164.67008190656492,48.122303797547545,207.80384999999998,204.79755000000003,LONG,stop_loss,-1.6467008190656491,1.0,20.0
2019-09-25 04:00:00,2019-09-25 07:00:00,-295.3211964091474,59.2542239669826,168.76434,164.1179,LONG,stop_loss,-2.953211964091474,1.0,20.0
2019-09-25 12:00:00,2019-09-25 16:00:00,188.7421782364722,60.45486299371333,165.412665,168.865525,LONG,signal_reverse,1.887421782364722,1.0,20.0
2019-09-25 16:00:00,2019-09-25 20:00:00,-121.83991078107928,59.21871856318808,168.865525,170.58525,SHORT,stop_loss,-1.2183991078107927,1.0,20.0
2019-09-25 20:00:00,2019-09-25 22:00:00,16.37566583878364,58.68036657625001,170.41475,169.794855,SHORT,stop_loss,0.1637566583878364,1.0,20.000000000000004
2019-09-26 01:00:00,2019-09-26 08:00:00,103.30027504713202,59.53658862729702,167.96394,170.03494,LONG,signal_reverse,1.0330027504713202,1.0,20.0
2019-09-26 08:00:00,2019-09-26 11:00:00,47.076507922430515,58.81144193069965,170.03494,168.894405,SHORT,signal_reverse,0.47076507922430516,1.0,20.0
2019-09-26 11:00:00,2019-09-26 13:00:00,-151.31192830218336,59.208592493043206,168.894405,166.67662,LONG,stop_loss,-1.5131192830218336,1.0,20.0
2019-09-26 13:00:00,2019-09-26 14:00:00,-128.84069838431515,59.93645058017886,166.84338,165.02744500000003,LONG,stop_loss,-1.2884069838431516,1.0,20.000000000000004
2019-09-26 22:00:00,2019-09-27 13:00:00,96.02024033599653,59.98202938399655,166.7166,164.78234999999998,SHORT,signal_reverse,0.9602024033599653,1.0,19.999999999999996
2019-09-27 13:00:00,2019-09-27 15:00:00,-68.20813636897259,60.68611110352535,164.78234999999998,163.987965,LONG,stop_loss,-0.6820813636897259,1.0,19.999999999999996
2019-09-27 16:00:00,2019-09-27 20:00:00,-270.19241310458955,59.86717628800039,167.03644,171.215565,SHORT,stop_loss,-2.7019241310458955,1.0,20.0
2019-09-28 07:00:00,2019-09-28 11:00:00,77.69722038378536,57.25978653494321,174.64263499999998,172.93642499999999,SHORT,signal_reverse,0.7769722038378537,1.0,20.0
2019-09-28 11:00:00,2019-09-28 15:00:00,-190.6673420593706,57.82471795632413,172.93642499999999,169.98496500000002,LONG,stop_loss,-1.9066734205937061,1.0,20.0
2019-09-28 17:00:00,2019-09-29 02:00:00,96.64562439950133,57.53969692460677,173.79306,171.76584,SHORT,signal_reverse,0.9664562439950133,1.0,20.0
2019-09-29 02:00:00,2019-09-29 07:00:00,-112.04245733610168,58.21879367864996,171.76584,170.18486500000003,LONG,stop_loss,-1.1204245733610168,1.0,20.0
2019-09-29 16:00:00,2019-09-29 18:00:00,113.3659285141814,58.97089768507973,169.57516999999999,167.31361499999997,SHORT,signal_reverse,1.1336592851418141,1.0,20.0
2019-09-29 18:00:00,2019-09-29 21:00:00,105.01313775331508,59.76799915535864,167.313615,169.405255,LONG,signal_reverse,1.0501313775331507,1.0,20.0
2019-09-29 21:00:00,2019-09-29 22:00:00,-117.41315285644268,59.030046027792935,169.405255,171.05548499999998,SHORT,stop_loss,-1.1741315285644267,1.0,20.0
2019-09-30 02:00:00,2019-09-30 04:00:00,-112.11441455826771,59.53658862729702,167.96394,166.41675,LONG,stop_loss,-1.1211441455826772,1.0,20.0
2019-09-30 04:00:00,2019-09-30 09:00:00,375.00520010265194,60.030045037541285,166.58325,173.163375,LONG,signal_reverse,3.7500520010265195,1.0,19.999999999999996
2019-09-30 09:00:00,2019-09-30 14:00:00,-268.0495659084954,57.748932186150796,173.163375,177.458685,SHORT,stop_loss,-2.6804956590849542,1.0,20.0
2019-09-30 21:00:00,2019-09-30 23:00:00,-235.6591635905764,56.315448053870455,177.57117,181.400655,SHORT,stop_loss,-2.356591635905764,1.0,20.0
2019-09-30 23:00:00,2019-10-01 02:00:00,-175.75765379794169,55.18174673901398,181.219345,184.04197499999998,SHORT,stop_loss,-1.7575765379794168,1.0,20.0
2019-10-01 09:00:00,2019-10-01 17:00:00,-254.90964015198966,55.838002786316345,179.0895,174.882515,LONG,stop_loss,-2.5490964015198965,1.0,20.0
2019-10-01 17:00:00,2019-10-02 10:00:00,89.90561186229934,57.12409269446548,175.05748499999999,176.98146500000001,LONG,signal_reverse,0.8990561186229934,1.0,20.0
2019-10-02 10:00:00,2019-10-02 15:00:00,51.40013221158569,56.503092004578,176.981465,175.71781499999997,SHORT,signal_reverse,0.5140013221158569,1.0,20.0
2019-10-02 15:00:00,2019-10-02 19:00:00,111.06980643937612,56.909426059048144,175.717815,178.020945,LONG,signal_reverse,1.1106980643937612,1.0,20.000000000000004
2019-10-02 19:00:00,2019-10-02 23:00:00,-175.00423278844917,56.17316546656912,178.020945,180.78034499999998,SHORT,stop_loss,-1.7500423278844917,1.0,20.0
2019-10-03 05:00:00,2019-10-03 10:00:00,-148.2630300178398,56.07923749509413,178.31911499999998,176.03194000000002,LONG,stop_loss,-1.482630300178398,1.0,20.0
2019-10-03 10:00:00,2019-10-03 14:00:00,-241.57073859164186,56.751092997675585,176.20806000000002,172.30380499999998,LONG,stop_loss,-2.4157073859164186,1.0,20.0
2019-10-03 22:00:00,2019-10-04 00:00:00,83.82305438433589,57.17144286428929,174.9125,173.09650499999998,SHORT,signal_reverse,0.8382305438433589,1.0,20.0
2019-10-04 00:00:00,2019-10-04 07:00:00,63.547614089610114,57.77124153951,173.09650499999998,174.542685,LONG,signal_reverse,0.6354761408961012,1.0,20.0
2019-10-04 07:00:00,2019-10-04 16:00:00,-239.80067511852405,57.292575738708265,174.542685,178.379145,SHORT,stop_loss,-2.3980067511852403,1.0,20.0
2019-10-04 23:00:00,2019-10-05 12:00:00,-192.81693641225144,56.760761535298,176.178045,173.13339000000002,LONG,stop_loss,-1.9281693641225144,1.0,20.0
2019-10-05 15:00:00,2019-10-06 03:00:00,46.133992238781346,56.79174945365628,176.08191499999998,174.917415,SHORT,signal_reverse,0.46133992238781346,1.0,20.0
2019-10-06 03:00:00,2019-10-06 13:00:00,-184.84779402897098,57.16983640536878,174.917415,172.03394,LONG,stop_loss,-1.8484779402897098,1.0,19.999999999999996
2019-10-06 13:00:00,2019-10-06 18:00:00,-235.4598972881661,58.06996571433084,172.20606,168.49571000000003,LONG,stop_loss,-2.354598972881661,1.0,20.0
2019-10-06 18:00:00,2019-10-07 03:00:00,160.82132264037676,59.28937299057197,168.66429000000002,171.71410000000003,LONG,signal_reverse,1.6082132264037676,1.0,20.0
2019-10-07 03:00:00,2019-10-07 10:00:00,-238.59532793171752,58.23633586292564,171.7141,175.46768999999998,SHORT,stop_loss,-2.3859532793171754,1.0,20.0
2019-10-07 22:00:00,2019-10-08 01:00:00,-221.60253881698338,55.1878344158565,181.199355,184.85237999999998,SHORT,stop_loss,-2.2160253881698337,1.0,20.0
2019-10-08 01:00:00,2019-10-08 08:00:00,197.5443643016582,54.151344994861574,184.66762,180.65027999999998,SHORT,signal_reverse,1.975443643016582,1.0,20.0
2019-10-08 08:00:00,2019-10-08 20:00:00,-193.76557622827966,55.35557431740487,180.65028,177.5112,LONG,stop_loss,-1.9376557622827966,1.0,20.0
2019-10-08 22:00:00,2019-10-09 03:00:00,41.96959099018768,55.33740321488177,180.70960000000002,179.58974999999998,SHORT,signal_reverse,0.41969590990187683,1.0,20.0
2019-10-09 03:00:00,2019-10-09 07:00:00,66.84404315947867,55.68246517409819,179.58975,181.14938,LONG,signal_reverse,0.6684404315947867,1.0,20.000000000000004
2019-10-09 07:00:00,2019-10-09 10:00:00,-195.1446789384518,55.203059486044054,181.14938,184.32211499999997,SHORT,stop_loss,-1.951446789384518,1.0,20.0
2019-10-09 13:00:00,2019-10-09 14:00:00,-179.10711783137808,53.034733640342566,188.555675,191.55573,SHORT,stop_loss,-1.7910711783137807,1.0,20.0
2019-10-09 22:00:00,2019-10-10 08:00:00,116.04329068507757,51.764292742397686,193.18336,190.55523,SHORT,signal_reverse,1.1604329068507757,1.0,19.999999999999996
2019-10-10 08:00:00,2019-10-10 10:00:00,-79.82438792154883,52.47822376746102,190.55523,189.415245,LONG,stop_loss,-0.7982438792154883,1.0,20.0
2019-10-10 13:00:00,2019-10-10 17:00:00,47.774030945384446,52.17460628520352,191.66412,190.365135,SHORT,signal_reverse,0.47774030945384444,1.0,20.0
2019-10-10 17:00:00,2019-10-10 20:00:00,79.21407089591258,52.530627522734136,190.365135,192.253825,LONG,signal_reverse,0.7921407089591258,1.0,20.0
2019-10-10 20:00:00,2019-10-11 00:00:00,66.79047087879889,52.014569801147,192.253825,190.585245,SHORT,signal_reverse,0.6679047087879889,1.0,20.0
2019-10-11 00:00:00,2019-10-11 03:00:00,92.72331181776526,52.46995904640991,190.58524500000001,192.73358500000003,LONG,signal_reverse,0.9272331181776526,1.0,20.0
2019-10-11 03:00:00,2019-10-11 04:00:00,-200.2731994011317,51.88509309366086,192.733585,196.208055,SHORT,stop_loss,-2.002731994011317,1.0,20.0
2019-10-11 05:00:00,2019-10-11 06:00:00,-99.35165386727313,52.970493925224574,188.784345,187.28631000000001,LONG,stop_loss,-0.9935165386727313,1.0,20.0
2019-10-11 14:00:00,2019-10-11 16:00:00,-118.9251886568248,54.25284969196453,184.322115,182.498705,LONG,stop_loss,-1.189251886568248,1.0,20.0
2019-10-12 01:00:00,2019-10-12 10:00:00,-20.159095941412552,54.67214481557719,182.9085,182.91141,SHORT,signal_reverse,-0.2015909594141255,1.0,20.0
2019-10-12 10:00:00,2019-10-12 14:00:00,34.48484596997126,54.67127501778047,182.91141,183.90800000000002,LONG,signal_reverse,0.3448484596997126,1.0,20.0
2019-10-12 14:00:00,2019-10-12 18:00:00,148.4342171085534,54.3750135937534,183.908,180.81036,SHORT,signal_reverse,1.4843421710855342,1.0,20.0
2019-10-12 18:00:00,2019-10-12 19:00:00,-87.48507109880082,55.30656539813316,180.81036,179.59016000000003,LONG,stop_loss,-0.8748507109880082,1.0,20.0
2019-10-13 01:00:00,2019-10-13 06:00:00,47.4599099769415,54.9121981407828,182.10889999999998,180.880395,SHORT,signal_reverse,0.47459909976941506,1.0,20.0
2019-10-13 06:00:00,2019-10-13 08:00:00,56.7592861570233,55.28515127358053,180.880395,182.26882000000003,LONG,signal_reverse,0.5675928615702329,1.0,20.0
2019-10-13 08:00:00,2019-10-13 20:00:00,49.58760143397082,54.86401898031709,182.26882,181.000455,SHORT,signal_reverse,0.4958760143397082,1.0,20.0
2019-10-13 20:00:00,2019-10-14 02:00:00,71.0591633595638,55.248479900230095,181.000455,182.64863000000003,LONG,signal_reverse,0.710591633595638,1.0,20.000000000000004
2019-10-14 02:00:00,2019-10-14 12:00:00,-13.024037464720465,54.749931603647944,182.64863,182.52121499999998,SHORT,signal_reverse,-0.13024037464720464,1.0,20.0
2019-10-14 12:00:00,2019-10-14 13:00:00,17.099248983192453,54.788151612950855,182.521215,183.198355,LONG,signal_reverse,0.17099248983192453,1.0,20.0
2019-10-14 13:00:00,2019-10-14 15:00:00,45.90697825861997,54.58564297697979,183.198355,181.99095,SHORT,signal_reverse,0.45906978258619974,1.0,20.0
2019-10-14 15:00:00,2019-10-14 16:00:00,170.46414121141873,54.94778723887095,181.99095,185.45722500000002,LONG,signal_reverse,1.7046414121141873,1.0,20.000000000000004
2019-10-14 16:00:00,2019-10-15 00:00:00,-83.4132749479002,53.920789551337236,185.45722500000002,186.63326999999998,SHORT,stop_loss,-0.8341327494790021,1.0,20.0
2019-10-15 02:00:00,2019-10-15 03:00:00,41.357061463837866,53.628872755417156,186.46672,185.32261499999998,SHORT,signal_reverse,0.41357061463837863,1.0,20.0
2019-10-15 03:00:00,2019-10-15 08:00:00,-150.26553720925972,53.959955184098824,185.32261499999998,182.9085,LONG,stop_loss,-1.5026553720925973,1.0,20.0
2019-10-15 13:00:00,2019-10-15 14:00:00,-108.34798287130839,54.43901143110362,183.6918,182.06892000000002,LONG,stop_loss,-1.083479828713084,1.0,20.0
2019-10-15 16:00:00,2019-10-15 21:00:00,-119.14697880813854,55.401599128377725,180.500205,178.71060000000003,LONG,stop_loss,-1.1914697880813854,1.0,20.0
2019-10-16 02:00:00,2019-10-16 11:00:00,-191.483377597711,55.713503337517416,179.4897,176.41175,LONG,stop_loss,-1.9148337759771101,1.0,20.0
2019-10-16 11:00:00,2019-10-16 12:00:00,-174.32651945981655,56.62890934136332,176.58825,173.863025,LONG,stop_loss,-1.7432651945981654,1.0,20.0
2019-10-17 00:00:00,2019-10-17 08:00:00,118.44831313537648,57.56495132609932,173.716815,176.12189500000002,LONG,signal_reverse,1.1844831313537647,1.0,20.0
2019-10-17 08:00:00,2019-10-17 16:00:00,-100.44598884198788,56.778857620172666,176.121895,177.53872499999997,SHORT,stop_loss,-1.004459888419879,1.0,20.0
2019-10-17 20:00:00,2019-10-17 23:00:00,35.21760888301916,56.7349860858865,176.258085,177.23134,LONG,signal_reverse,0.3521760888301916,1.0,20.0
2019-10-17 23:00:00,2019-10-18 03:00:00,37.17245042552819,56.423429400240394,177.23134,176.218065,SHORT,signal_reverse,0.3717245042552819,1.0,20.0
2019-10-18 03:00:00,2019-10-18 05:00:00,-161.01704044928604,56.747870883725795,176.218065,173.73309,LONG,stop_loss,-1.6101704044928604,1.0,20.0
2019-10-18 17:00:00,2019-10-19 00:00:00,11.07177215934363,57.82569934834485,172.93349,172.396155,SHORT,signal_reverse,0.11071772159343628,1.0,20.0
2019-10-19 00:00:00,2019-10-19 03:00:00,58.12993277025483,58.00593406506079,172.396155,173.74308500000004,LONG,signal_reverse,0.5812993277025483,1.0,20.0
2019-10-19 03:00:00,2019-10-19 16:00:00,93.22695231295289,57.556247490367745,173.743085,171.77584499999998,SHORT,signal_reverse,0.9322695231295289,1.0,20.0
2019-10-19 16:00:00,2019-10-20 09:00:00,-27.08568774614351,58.21540275351287,171.775845,171.65413,LONG,signal_reverse,-0.2708568774614351,1.0,20.0
2019-10-20 09:00:00,2019-10-20 16:00:00,-158.81664251247406,58.25668161902076,171.65413,174.03697499999998,SHORT,stop_loss,-1.5881664251247405,1.0,20.0
2019-10-21 02:00:00,2019-10-21 05:00:00,27.172155221382404,57.14858343091692,174.982465,174.15703499999998,SHORT,signal_reverse,0.27172155221382405,1.0,20.0
2019-10-21 05:00:00,2019-10-21 10:00:00,136.4381249370735,57.4194433202196,174.15703499999998,176.881515,LONG,signal_reverse,1.364381249370735,1.0,20.0
2019-10-21 10:00:00,2019-10-21 15:00:00,210.9546025767589,56.53502006696403,176.881515,172.796355,SHORT,signal_reverse,2.109546025767589,1.0,20.0
2019-10-21 15:00:00,2019-10-22 03:00:00,104.77838435886005,57.87159109924512,172.796355,174.95248,LONG,signal_reverse,1.0477838435886007,1.0,20.0
2019-10-22 03:00:00,2019-10-22 06:00:00,35.75999837212985,57.158378092153946,174.95247999999998,173.97694499999997,SHORT,signal_reverse,0.3575999837212985,1.0,20.0
2019-10-22 06:00:00,2019-10-22 20:00:00,-124.21323354079783,57.47888031945843,173.97694499999997,172.16387500000002,LONG,stop_loss,-1.2421323354079783,1.0,20.0
2019-10-22 22:00:00,2019-10-23 03:00:00,-321.0790641975041,58.24593530740457,171.6858,166.51670000000001,LONG,stop_loss,-3.2107906419750414,1.0,20.0
2019-10-23 11:00:00,2019-10-23 12:00:00,-394.75137041135963,60.02283508738064,166.60326,160.35978,LONG,stop_loss,-3.947513704113596,1.0,20.0
2019-10-23 20:00:00,2019-10-23 23:00:00,90.77150856276721,62.28191985761855,160.56024,162.33879,LONG,signal_reverse,0.907715085627672,1.0,20.0
2019-10-23 23:00:00,2019-10-24 03:00:00,111.74485284755302,61.59957210473233,162.33879,160.20006,SHORT,signal_reverse,1.1174485284755302,1.0,20.0
2019-10-24 03:00:00,2019-10-24 12:00:00,85.42786313563133,62.4219491553249,160.20006,161.889015,LONG,signal_reverse,0.8542786313563132,1.0,20.0
2019-10-24 12:00:00,2019-10-24 20:00:00,21.290324732658345,61.77071372013722,161.889015,161.22056999999998,SHORT,signal_reverse,0.21290324732658344,1.0,20.0
2019-10-24 20:00:00,2019-10-25 07:00:00,67.958379008338,62.02682449268106,161.22056999999998,162.63864,LONG,signal_reverse,0.67958379008338,1.0,20.0
2019-10-25 07:00:00,2019-10-25 10:00:00,-161.6508401693467,61.48600357209086,162.63864,164.94243,SHORT,stop_loss,-1.6165084016934672,1.0,20.0
2019-10-26 04:00:00,2019-10-26 08:00:00,314.78346931401126,53.01787134359931,188.615645,182.301105,SHORT,signal_reverse,3.147834693140113,1.0,20.0
2019-10-26 08:00:00,2019-10-26 09:00:00,-151.1623975071358,54.85430272076519,182.301105,179.91,LONG,stop_loss,-1.511623975071358,1.0,20.000000000000004
2019-10-26 16:00:00,2019-10-26 17:00:00,-125.31841383588043,55.772571278112956,179.299605,177.41125000000002,LONG,stop_loss,-1.2531841383588043,1.0,19.999999999999996
2019-10-26 22:00:00,2019-10-27 05:00:00,108.9973500266146,56.30035767898735,177.618765,179.91,LONG,signal_reverse,1.089973500266146,1.0,20.0
2019-10-27 05:00:00,2019-10-27 10:00:00,-192.9456394864104,55.583347229170144,179.91,183.021465,SHORT,stop_loss,-1.9294563948641041,1.0,20.0
2019-10-27 13:00:00,2019-10-27 14:00:00,-191.9453244478398,55.05421505117827,181.63913499999998,184.76233499999998,SHORT,stop_loss,-1.919453244478398,1.0,20.0
2019-10-27 23:00:00,2019-10-28 00:00:00,150.46890463849064,54.2204757445515,184.43217,187.576165,LONG,signal_reverse,1.5046890463849063,1.0,20.0
2019-10-28 00:00:00,2019-10-28 05:00:00,139.61089725872017,53.311677419143315,187.57616499999997,184.582245,SHORT,signal_reverse,1.3961089725872018,1.0,20.0
2019-10-28 05:00:00,2019-10-28 06:00:00,-140.4595815810991,54.17639166757344,184.582245,182.358775,LONG,stop_loss,-1.4045958158109908,1.0,20.0
2019-10-28 14:00:00,2019-10-28 20:00:00,60.43956295841044,54.83624567263194,182.36113500000002,183.82804,LONG,signal_reverse,0.6043956295841044,1.0,20.0
2019-10-28 20:00:00,2019-10-28 23:00:00,78.84672653856312,54.39866518731311,183.82804,182.01095999999998,SHORT,signal_reverse,0.7884672653856312,1.0,20.0
2019-10-28 23:00:00,2019-10-29 01:00:00,132.55125295751589,54.94174636516395,182.01095999999998,184.78756,LONG,signal_reverse,1.3255125295751589,1.0,20.0
2019-10-29 01:00:00,2019-10-29 10:00:00,-218.96496279295002,54.11619699940841,184.78755999999998,188.464185,SHORT,stop_loss,-2.1896496279295,1.0,20.0
2019-10-29 10:00:00,2019-10-29 20:00:00,-196.86498927119206,53.113566391944715,188.275815,191.605755,SHORT,stop_loss,-1.9686498927119205,1.0,20.0
2019-10-30 01:00:00,2019-10-30 04:00:00,183.19618986774788,52.22907966825342,191.46422,187.57374,SHORT,signal_reverse,1.8319618986774786,1.0,20.0
2019-10-30 04:00:00,2019-10-30 10:00:00,-226.08641700058638,53.31236664577889,187.57374,183.70810000000003,LONG,stop_loss,-2.260864170005864,1.0,20.0
2019-10-30 10:00:00,2019-10-30 13:00:00,-157.18004980099678,54.37977420430154,183.89190000000002,181.36927000000003,LONG,stop_loss,-1.571800498009968,1.0,20.0
2019-10-30 21:00:00,2019-10-31 00:00:00,92.42345636721203,54.92363171090573,182.07099,184.117895,LONG,signal_reverse,0.9242345636721203,1.0,20.0
2019-10-31 00:00:00,2019-10-31 01:00:00,84.65278239249987,54.31302590114882,184.117895,182.19105,SHORT,signal_reverse,0.8465278239249987,1.0,19.999999999999996
2019-10-31 01:00:00,2019-10-31 09:00:00,-174.27678802004718,54.8874382138969,182.19105,179.380265,LONG,stop_loss,-1.7427678802004718,1.0,20.0
2019-10-31 09:00:00,2019-10-31 12:00:00,197.11382008889902,55.691772991311225,179.559735,183.45822500000003,LONG,signal_reverse,1.9711382008889902,1.0,20.0
2019-10-31 12:00:00,2019-10-31 20:00:00,91.60933231530066,54.508321989924404,183.458225,181.41065999999998,SHORT,signal_reverse,0.9160933231530065,1.0,19.999999999999996
2019-10-31 20:00:00,2019-11-01 08:00:00,19.04042904645195,55.12355227636568,181.41066,182.118895,LONG,signal_reverse,0.1904042904645195,1.0,20.0
2019-11-01 08:00:00,2019-11-01 13:00:00,60.640451942124294,54.90918446435774,182.118895,180.65027999999998,SHORT,signal_reverse,0.606404519421243,1.0,20.0
2019-11-01 13:00:00,2019-11-01 16:00:00,-52.126161110849814,55.35557431740487,180.65028,180.06992,LONG,stop_loss,-0.5212616111084981,1.0,20.0
2019-11-01 20:00:00,2019-11-02 08:00:00,70.02980743032846,54.33957474066166,184.02794,182.37114,SHORT,signal_reverse,0.7002980743032846,1.0,20.0
2019-11-02 08:00:00,2019-11-02 11:00:00,11.109363027506289,54.83323732033479,182.37114,182.93848500000001,LONG,signal_reverse,0.11109363027506289,1.0,20.0
2019-11-02 11:00:00,2019-11-02 16:00:00,-123.5257835441232,54.66318363793162,182.93848500000001,184.83237,SHORT,stop_loss,-1.235257835441232,1.0,20.0
2019-11-02 20:00:00,2019-11-03 02:00:00,20.178622338573625,54.563830651548344,183.27159,184.00795,LONG,signal_reverse,0.20178622338573624,1.0,20.000000000000004
2019-11-03 02:00:00,2019-11-03 06:00:00,24.367648245633724,54.34547800787956,184.00795,183.19154999999998,SHORT,signal_reverse,0.24367648245633725,1.0,20.0
2019-11-03 06:00:00,2019-11-03 14:00:00,-168.57835964595432,54.5876706649406,183.19155,180.46972000000002,LONG,stop_loss,-1.6857835964595433,1.0,20.0
2019-11-03 22:00:00,2019-11-04 04:00:00,67.75002522932674,54.89110935014333,182.178865,180.580245,SHORT,signal_reverse,0.6775002522932674,1.0,20.0
2019-11-04 04:00:00,2019-11-04 06:00:00,24.800858477071397,55.37704304255429,180.58024500000002,181.38926,LONG,signal_reverse,0.24800858477071397,1.0,20.0
2019-11-04 06:00:00,2019-11-04 11:00:00,-213.12830318619916,55.1300556604068,181.38925999999998,184.8924,SHORT,stop_loss,-2.1312830318619915,1.0,20.0
2019-11-05 01:00:00,2019-11-05 06:00:00,133.80383918896845,53.50554843173766,186.89650500000002,184.021965,SHORT,signal_reverse,1.3380383918896848,1.0,20.0
2019-11-05 06:00:00,2019-11-05 11:00:00,82.43532613077012,54.341339089602705,184.021965,185.907,LONG,signal_reverse,0.8243532613077013,1.0,20.0
2019-11-05 11:00:00,2019-11-05 14:00:00,-218.3653116881003,53.79033602822917,185.907,189.59474999999998,SHORT,stop_loss,-2.1836531168810027,1.0,20.0
2019-11-05 22:00:00,2019-11-06 02:00:00,16.068726289813423,52.97330135017291,188.77434,189.455225,LONG,signal_reverse,0.1606872628981342,1.0,20.0
2019-11-06 02:00:00,2019-11-06 05:00:00,-192.65768204597987,52.782920080457,189.455225,192.72631499999997,SHORT,stop_loss,-1.9265768204597986,1.0,19.999999999999996
2019-11-06 10:00:00,2019-11-06 22:00:00,7.758533078621616,52.461696928147305,190.61526,191.14438,LONG,signal_reverse,0.07758533078621616,1.0,20.0
2019-11-06 22:00:00,2019-11-07 01:00:00,65.25858829854337,52.3164740705429,191.14438,189.51470999999998,SHORT,signal_reverse,0.6525858829854337,1.0,20.0
2019-11-07 01:00:00,2019-11-07 09:00:00,-155.51612959226077,52.766352543293344,189.51470999999998,186.94648,LONG,stop_loss,-1.5551612959226075,1.0,20.0
2019-11-07 17:00:00,2019-11-07 22:00:00,44.22814220110758,53.811793360345774,185.83287,187.02644,LONG,signal_reverse,0.44228142201107584,1.0,20.0
2019-11-07 22:00:00,2019-11-08 05:00:00,19.74544989467978,53.46837591519145,187.02644,186.28309499999997,SHORT,signal_reverse,0.19745449894679779,1.0,20.0
2019-11-08 05:00:00,2019-11-08 07:00:00,-101.89256250010234,53.68173639159259,186.283095,184.757575,LONG,stop_loss,-1.0189256250010235,1.0,20.0
2019-11-08 20:00:00,2019-11-09 11:00:00,-45.80224592052242,54.44603015482491,183.66812,184.142025,SHORT,signal_reverse,-0.4580224592052241,1.0,20.0
2019-11-09 11:00:00,2019-11-09 20:00:00,-0.1416868311303885,54.30590871366815,184.14202500000002,184.5077,LONG,signal_reverse,-0.0014168683113038847,1.0,20.0
2019-11-09 20:00:00,2019-11-10 02:00:00,13.375300868202638,54.198280071780204,184.5077,183.8919,SHORT,signal_reverse,0.1337530086820264,1.0,20.0
2019-11-10 02:00:00,2019-11-10 05:00:00,193.39411904493787,54.37977420430154,183.89190000000002,187.816045,LONG,signal_reverse,1.9339411904493786,1.0,20.0
2019-11-10 05:00:00,2019-11-10 16:00:00,-146.13405846129916,53.243587362304424,187.816045,190.185045,SHORT,stop_loss,-1.4613405846129917,1.0,20.0
2019-11-10 16:00:00,2019-11-11 04:00:00,77.41995517723116,52.6329764914021,189.994955,188.144025,SHORT,signal_reverse,0.7741995517723116,1.0,20.0
2019-11-11 04:00:00,2019-11-11 06:00:00,-110.2125379745648,53.150771064879685,188.144025,186.44673,LONG,stop_loss,-1.1021253797456478,1.0,20.0
2019-11-11 15:00:00,2019-11-12 06:00:00,35.28856872061015,53.9803548215091,185.25258,186.27681500000003,LONG,signal_reverse,0.3528856872061015,1.0,20.0
2019-11-12 06:00:00,2019-11-12 10:00:00,23.168281570630647,53.68354617830458,186.276815,185.47268999999997,SHORT,signal_reverse,0.23168281570630647,1.0,20.0
2019-11-12 10:00:00,2019-11-12 12:00:00,0.1830253284199352,53.916293552436215,185.47269,185.84703000000002,LONG,signal_reverse,0.0018302532841993522,1.0,20.000000000000004
2019-11-12 12:00:00,2019-11-12 13:00:00,89.50780327240064,53.80769334866422,185.84703,183.81186,SHORT,signal_reverse,0.8950780327240063,1.0,20.0
2019-11-12 13:00:00,2019-11-12 18:00:00,64.61967579241205,54.40345361828121,183.81186,185.36727000000002,LONG,signal_reverse,0.6461967579241206,1.0,20.0
2019-11-12 18:00:00,2019-11-13 05:00:00,-27.84604531317481,53.94695622371737,185.36727000000002,185.51270999999997,SHORT,signal_reverse,-0.2784604531317481,1.0,20.0
2019-11-13 05:00:00,2019-11-13 08:00:00,14.723496842885602,53.90466238135382,185.51271,186.156875,LONG,signal_reverse,0.14723496842885603,1.0,20.000000000000004
2019-11-13 08:00:00,2019-11-13 17:00:00,-108.47269272219921,53.718134234902685,186.156875,187.803855,SHORT,stop_loss,-1.0847269272219922,1.0,20.0
2019-11-13 23:00:00,2019-11-14 04:00:00,86.31595115255051,53.33156983609075,187.5062,185.51270999999997,SHORT,signal_reverse,0.8631595115255051,1.0,20.0
2019-11-14 04:00:00,2019-11-14 13:00:00,-18.680683388216615,53.90466238135382,185.51271,185.537185,LONG,signal_reverse,-0.18680683388216615,1.0,20.000000000000004
2019-11-14 13:00:00,2019-11-14 15:00:00,54.11721806601837,53.89755158783939,185.537185,184.16203499999997,SHORT,signal_reverse,0.5411721806601837,1.0,20.0
2019-11-14 15:00:00,2019-11-14 21:00:00,6.367812453854441,54.30000814228622,184.162035,184.64763000000002,LONG,signal_reverse,0.0636781245385444,1.0,20.0
2019-11-14 21:00:00,2019-11-15 01:00:00,61.024598041146845,54.157207433423316,184.64763000000002,183.15152999999998,SHORT,signal_reverse,0.6102459804114685,1.0,20.0
2019-11-15 01:00:00,2019-11-15 02:00:00,-108.57911260692062,54.599598485472654,183.15153,181.52919000000003,LONG,stop_loss,-1.0857911260692061,1.0,20.0
2019-11-15 07:00:00,2019-11-15 08:00:00,41.29558594474619,54.86634736098494,182.26108499999998,183.378265,LONG,signal_reverse,0.4129558594474619,1.0,20.0
2019-11-15 08:00:00,2019-11-15 09:00:00,-16.365163559596485,54.532089721756286,183.378265,183.31161,SHORT,stop_loss,-0.16365163559596488,1.0,20.0
2019-11-15 12:00:00,2019-11-15 14:00:00,199.5272472837739,54.493477675657005,183.5082,179.47969499999996,SHORT,signal_reverse,1.9952724728377391,1.0,20.0
2019-11-15 14:00:00,2019-11-15 22:00:00,35.71772338926731,55.71660905708582,179.479695,180.479715,LONG,signal_reverse,0.35717723389267314,1.0,20.0
2019-11-15 22:00:00,2019-11-16 21:00:00,-175.80061171971542,55.40788891427494,180.479715,183.2916,SHORT,stop_loss,-1.7580061171971542,1.0,20.0
2019-11-16 21:00:00,2019-11-17 03:00:00,63.97539381044325,54.61245906796193,183.1084,181.57073999999997,SHORT,signal_reverse,0.6397539381044325,1.0,20.0
2019-11-17 03:00:00,2019-11-17 08:00:00,65.23702662664812,55.07495315599859,181.57074,183.11839500000002,LONG,signal_reverse,0.6523702662664811,1.0,20.0
2019-11-17 08:00:00,2019-11-17 20:00:00,-96.66187768847404,54.60947820124788,183.11839500000002,184.522215,SHORT,stop_loss,-0.9666187768847404,1.0,20.0
2019-11-17 21:00:00,2019-11-17 23:00:00,48.920348817276526,54.03144408516837,185.07741499999997,183.801855,SHORT,signal_reverse,0.48920348817276527,1.0,20.0
2019-11-17 23:00:00,2019-11-18 11:00:00,-122.98345465555813,54.40641499510437,183.80185500000002,181.90900000000002,LONG,stop_loss,-1.2298345465555813,1.0,20.0
2019-11-18 14:00:00,2019-11-18 17:00:00,-143.88667152352033,55.047653790552545,181.660785,179.41025000000002,LONG,stop_loss,-1.4388667152352035,1.0,20.000000000000004
2019-11-19 02:00:00,2019-11-19 11:00:00,-214.48470686114106,56.27499858538721,177.69880500000002,174.242835,LONG,stop_loss,-2.1448470686114107,1.0,19.999999999999996
2019-11-19 22:00:00,2019-11-20 09:00:00,10.436010084250176,56.93070730198375,175.65213,175.117515,SHORT,signal_reverse,0.10436010084250175,1.0,20.0
2019-11-20 09:00:00,2019-11-20 14:00:00,76.16628011195854,57.10451064817817,175.117515,176.801555,LONG,signal_reverse,0.7616628011195854,1.0,20.0
2019-11-20 14:00:00,2019-11-20 18:00:00,134.66860571446918,56.56058850839859,176.80155499999998,174.06698999999998,SHORT,signal_reverse,1.346686057144692,1.0,20.0
2019-11-20 18:00:00,2019-11-21 01:00:00,45.22575015515784,57.44914644643422,174.06698999999998,175.202355,LONG,signal_reverse,0.4522575015515784,1.0,20.0
2019-11-21 01:00:00,2019-11-21 06:00:00,38.521473641149996,57.07685835615623,175.20235499999998,174.177045,SHORT,signal_reverse,0.38521473641149995,1.0,20.0
2019-11-21 06:00:00,2019-11-21 08:00:00,-179.19376746803727,57.41284679620095,174.177045,171.404255,LONG,stop_loss,-1.7919376746803728,1.0,19.999999999999996
2019-11-22 00:00:00,2019-11-22 03:00:00,113.70879166861846,61.64891552930325,162.208855,160.03997999999999,SHORT,signal_reverse,1.1370879166861847,1.0,20.0
2019-11-22 03:00:00,2019-11-22 06:00:00,-339.76259932049476,62.48438671386986,160.03998,154.9225,LONG,stop_loss,-3.3976259932049473,1.0,19.999999999999996
2019-11-22 16:00:00,2019-11-22 19:00:00,338.69989021771414,67.80870080563517,147.4737,152.76358000000002,LONG,signal_reverse,3.3869989021771416,1.0,20.0
2019-11-22 19:00:00,2019-11-23 00:00:00,249.65164079029793,65.46062877028675,152.76358,148.644285,SHORT,signal_reverse,2.4965164079029796,1.0,20.0
2019-11-23 00:00:00,2019-11-23 03:00:00,187.19363680884365,67.27470215218835,148.644285,151.72410000000002,LONG,signal_reverse,1.8719363680884364,1.0,19.999999999999996
2019-11-23 03:00:00,2019-11-23 08:00:00,169.79944517713616,65.90910738636774,151.72410000000002,148.844385,SHORT,signal_reverse,1.6979944517713614,1.0,19.999999999999996
2019-11-23 08:00:00,2019-11-23 14:00:00,123.10852236716859,67.18426093130755,148.84438500000002,150.974475,LONG,signal_reverse,1.2310852236716858,1.0,20.0
2019-11-23 14:00:00,2019-11-23 16:00:00,-198.99217732003856,66.236362140024,150.974475,153.6768,SHORT,stop_loss,-1.9899217732003858,1.0,20.0
2019-11-23 22:00:00,2019-11-24 02:00:00,73.84822426315826,65.69704183630327,152.213855,150.785355,SHORT,signal_reverse,0.7384822426315827,1.0,20.0
2019-11-24 02:00:00,2019-11-24 09:00:00,-10.771981801549297,66.31943798520751,150.785355,150.9245,LONG,signal_reverse,-0.10771981801549298,1.0,20.0
2019-11-24 09:00:00,2019-11-24 10:00:00,94.62287435108277,66.25829471026904,150.9245,149.19456,SHORT,signal_reverse,0.9462287435108278,1.0,20.0
2019-11-24 10:00:00,2019-11-24 14:00:00,-220.25529080953018,67.02657255063455,149.19456,146.20686,LONG,stop_loss,-2.202552908095302,1.0,20.0
2019-11-25 10:00:00,2019-11-25 11:00:00,86.81895306805689,69.50331713268932,143.87802499999998,142.341135,SHORT,stop_loss,0.8681895306805689,1.0,20.0
2019-11-26 03:00:00,2019-11-26 07:00:00,151.75120223428505,67.03519263819514,149.175375,146.61326999999997,SHORT,signal_reverse,1.5175120223428504,1.0,20.0
2019-11-26 07:00:00,2019-11-26 11:00:00,-74.3071578718637,68.20665005289084,146.61327,145.81705499999998,LONG,stop_loss,-0.743071578718637,1.0,19.999999999999996
2019-11-26 11:00:00,2019-11-26 14:00:00,-89.56936912995107,68.51053875351721,145.962945,144.94749000000002,LONG,stop_loss,-0.8956936912995107,1.0,20.0
2019-11-26 17:00:00,2019-11-26 20:00:00,75.35138695729108,68.88829346440572,145.162545,146.54669,LONG,signal_reverse,0.7535138695729108,1.0,20.0
2019-11-26 20:00:00,2019-11-26 21:00:00,-127.63361492504573,68.23763812065629,146.54669,148.12402500000002,SHORT,stop_loss,-1.2763361492504572,1.0,20.0
2019-11-27 03:00:00,2019-11-27 06:00:00,90.34993276405164,68.80293590383853,145.342635,146.94649,LONG,signal_reverse,0.9034993276405164,1.0,19.999999999999996
2019-11-27 06:00:00,2019-11-27 08:00:00,102.76271450920878,68.05198273194547,146.94649,145.14253499999998,SHORT,signal_reverse,1.0276271450920877,1.0,19.999999999999996
2019-11-27 08:00:00,2019-11-27 09:00:00,-227.6327935156978,68.89779071310834,145.14253499999998,142.1289,LONG,stop_loss,-2.2763279351569783,1.0,20.0
2019-11-27 12:00:00,2019-11-27 15:00:00,-257.36629315403354,67.83512442369397,147.416255,150.91541999999998,SHORT,stop_loss,-2.573662931540335,1.0,19.999999999999996
2019-11-28 00:00:00,2019-11-28 05:00:00,180.34360902163297,64.69030454707503,154.58267,151.485705,SHORT,signal_reverse,1.8034360902163298,1.0,20.0
2019-11-28 05:00:00,2019-11-28 15:00:00,140.89273902115096,66.0128293953545,151.485705,153.923,LONG,signal_reverse,1.4089273902115096,1.0,20.0
2019-11-28 15:00:00,2019-11-28 20:00:00,90.2450575937315,64.96754870941965,153.923,152.226075,SHORT,signal_reverse,0.9024505759373149,1.0,20.0
2019-11-28 20:00:00,2019-11-28 23:00:00,-111.41206590263968,65.69176798390157,152.226075,150.834545,LONG,stop_loss,-1.1141206590263968,1.0,20.0
2019-11-29 09:00:00,2019-11-29 14:00:00,-134.815034197554,64.66521782090632,154.64264,156.41817,SHORT,stop_loss,-1.34815034197554,1.0,20.0
2019-11-29 20:00:00,2019-11-30 07:00:00,-4.085633381194706,64.80582570674075,154.30711499999998,154.552685,LONG,signal_reverse,-0.04085633381194705,1.0,20.0
2019-11-30 07:00:00,2019-11-30 09:00:00,52.85606199594707,64.70285521082988,154.552685,153.426675,SHORT,signal_reverse,0.5285606199594707,1.0,19.999999999999996
2019-11-30 09:00:00,2019-11-30 14:00:00,-136.83300834095317,65.17771437072466,153.426675,151.63414500000002,LONG,stop_loss,-1.3683300834095316,1.0,20.0
2019-12-01 00:00:00,2019-12-01 01:00:00,-162.00104463040464,66.36787847775979,150.6753,148.53569500000003,LONG,stop_loss,-1.6200104463040463,1.0,19.999999999999996
2019-12-01 13:00:00,2019-12-02 05:00:00,177.40473970601226,66.2319773682684,150.98447000000002,148.003965,SHORT,signal_reverse,1.7740473970601227,1.0,20.0
2019-12-02 05:00:00,2019-12-02 21:00:00,13.900780968944181,67.5657574444036,148.003965,148.50571000000002,LONG,signal_reverse,0.13900780968944182,1.0,20.0
2019-12-02 21:00:00,2019-12-03 05:00:00,-12.488504314073117,67.33747813467912,148.50571000000002,148.39415999999997,SHORT,signal_reverse,-0.12488504314073116,1.0,20.0
2019-12-03 05:00:00,2019-12-03 10:00:00,-98.02294915109863,67.38809667442439,148.39416,147.236345,LONG,stop_loss,-0.9802294915109863,1.0,20.0
2019-12-03 14:00:00,2019-12-03 20:00:00,54.14663011107584,67.2876622587304,148.615655,147.51371999999998,SHORT,signal_reverse,0.5414663011107583,1.0,20.0
2019-12-03 20:00:00,2019-12-04 00:00:00,-245.4603842951017,67.79030452218275,147.51372,144.18787,LONG,stop_loss,-2.454603842951017,1.0,20.0
2019-12-04 09:00:00,2019-12-04 13:00:00,-333.9219011896368,68.72511678287282,145.50721000000001,150.075,SHORT,stop_loss,-3.3392190118963683,1.0,20.0
2019-12-04 20:00:00,2019-12-05 10:00:00,37.82906105581293,68.54342681902774,145.89291,146.73659500000002,LONG,signal_reverse,0.3782906105581293,1.0,20.000000000000004
2019-12-05 10:00:00,2019-12-06 09:00:00,-57.278362633397634,68.14932566753372,146.736595,147.283605,SHORT,signal_reverse,-0.5727836263339763,1.0,20.0
2019-12-06 09:00:00,2019-12-06 16:00:00,-22.530152626287954,67.8962196776756,147.283605,147.24634,LONG,signal_reverse,-0.22530152626287955,1.0,20.0
2019-12-06 16:00:00,2019-12-06 17:00:00,-98.63183560284097,67.91340280512236,147.24634,148.404165,SHORT,stop_loss,-0.9863183560284097,1.0,20.000000000000004
2019-12-06 21:00:00,2019-12-07 08:00:00,-19.878201729853238,67.47826600964879,148.195865,148.19406,SHORT,signal_reverse,-0.1987820172985324,1.0,20.0
2019-12-07 08:00:00,2019-12-08 09:00:00,-11.784758444435912,67.47908789326644,148.19406,148.31580499999998,LONG,signal_reverse,-0.11784758444435912,1.0,20.0
2019-12-08 09:00:00,2019-12-08 15:00:00,-200.67224865212424,67.42369769695146,148.31580499999998,150.99545999999998,SHORT,stop_loss,-2.0067224865212423,1.0,20.000000000000004
2019-12-09 00:00:00,2019-12-09 01:00:00,37.60329509212381,66.24951993941613,150.94449,150.075,SHORT,signal_reverse,0.37603295092123806,1.0,19.999999999999996
2019-12-09 01:00:00,2019-12-09 12:00:00,-30.661002831916093,66.63334999167084,150.075,149.915005,LONG,signal_reverse,-0.30661002831916095,1.0,20.0
2019-12-09 12:00:00,2019-12-09 15:00:00,99.46636028861757,66.70446363924678,149.915005,148.12402500000002,SHORT,signal_reverse,0.9946636028861757,1.0,20.0
2019-12-09 15:00:00,2019-12-10 14:00:00,-156.17743644219698,67.51099289936253,148.12402500000002,146.10691000000003,LONG,stop_loss,-1.56177436442197,1.0,20.0
2019-12-10 14:00:00,2019-12-10 20:00:00,-137.28948769561043,68.37462374299237,146.25309000000001,144.537695,LONG,stop_loss,-1.3728948769561045,1.0,20.0
2019-12-11 01:00:00,2019-12-11 03:00:00,19.383084950273854,68.56028576201348,145.857035,145.282605,SHORT,signal_reverse,0.19383084950273854,1.0,20.000000000000004
2019-12-11 03:00:00,2019-12-11 09:00:00,7.155350084753774,68.83136491116744,145.28260500000002,145.67712500000002,LONG,signal_reverse,0.07155350084753774,1.0,20.0
2019-12-11 09:00:00,2019-12-11 14:00:00,7.08180848571799,68.64495712693397,145.677125,145.282605,SHORT,signal_reverse,0.0708180848571799,1.0,20.0
2019-12-11 14:00:00,2019-12-11 15:00:00,-202.67534506281905,68.83136491116744,145.28260500000002,142.62865,LONG,stop_loss,-2.0267534506281906,1.0,20.0
2019-12-12 00:00:00,2019-12-12 01:00:00,-101.97215230062186,70.60113370594495,141.640785,140.47972500000003,LONG,stop_loss,-1.0197215230062184,1.0,20.0
2019-12-12 04:00:00,2019-12-12 09:00:00,74.47932901836225,70.62607757737864,141.59076000000002,142.9285,LONG,signal_reverse,0.7447932901836225,1.0,20.000000000000004
2019-12-12 09:00:00,2019-12-12 18:00:00,-169.30507211647773,69.96505245629807,142.9285,145.062495,SHORT,stop_loss,-1.6930507211647774,1.0,20.0
2019-12-12 18:00:00,2019-12-13 06:00:00,28.678384298709986,69.00477620008706,144.917505,144.21206999999998,SHORT,signal_reverse,0.28678384298709986,1.0,19.999999999999996
2019-12-13 06:00:00,2019-12-13 11:00:00,-9.895783341850372,69.34232342688098,144.21206999999998,144.357785,LONG,signal_reverse,-0.09895783341850371,1.0,19.999999999999996
2019-12-13 11:00:00,2019-12-13 14:00:00,10.193037389706376,69.27232916465155,144.357785,143.921925,SHORT,signal_reverse,0.10193037389706376,1.0,19.999999999999996
2019-12-13 14:00:00,2019-12-13 16:00:00,35.285530679221004,69.4821167796359,143.921925,144.717605,LONG,signal_reverse,0.35285530679221006,1.0,19.999999999999996
2019-12-13 16:00:00,2019-12-13 20:00:00,9.40174417618452,69.10009324712084,144.717605,144.29210999999998,SHORT,signal_reverse,0.0940174417618452,1.0,20.0
2019-12-13 20:00:00,2019-12-13 23:00:00,-0.9019356637041607,69.30385867945239,144.29211,144.56768,LONG,signal_reverse,-0.009019356637041606,1.0,20.0
2019-12-13 23:00:00,2019-12-14 06:00:00,28.82038641002056,69.17175401860223,144.56768,143.86189499999998,SHORT,signal_reverse,0.2882038641002056,1.0,20.0
2019-12-14 06:00:00,2019-12-14 15:00:00,-177.97963734594268,69.51110994332446,143.861895,141.58917,LONG,stop_loss,-1.7797963734594267,1.0,20.0
2019-12-14 15:00:00,2019-12-15 07:00:00,64.50313880191179,70.55627911019783,141.73083,142.9285,LONG,signal_reverse,0.645031388019118,1.0,20.0
2019-12-15 07:00:00,2019-12-15 23:00:00,12.69501883809308,69.96505245629807,142.9285,142.46119499999998,SHORT,signal_reverse,0.1269501883809308,1.0,20.0
2019-12-15 23:00:00,2019-12-16 08:00:00,-135.93578167022753,70.19455368179385,142.46119499999998,140.80956,LONG,stop_loss,-1.3593578167022753,1.0,20.0
2019-12-16 13:00:00,2019-12-16 15:00:00,39.19508851491196,70.57704924697111,141.68912,140.85039,SHORT,signal_reverse,0.3919508851491196,1.0,20.0
2019-12-16 15:00:00,2019-12-16 18:00:00,-561.4990331230184,70.99731850227748,140.85039,133.223355,LONG,stop_loss,-5.614990331230183,1.0,20.0
2019-12-16 18:00:00,2019-12-16 19:00:00,-177.64531268764094,74.9868894797106,133.356645,131.25434,LONG,stop_loss,-1.7764531268764094,1.0,20.0
2019-12-17 11:00:00,2019-12-17 13:00:00,105.64424387983233,75.74382997388618,132.023955,130.36515,SHORT,signal_reverse,1.0564424387983233,1.0,20.0
2019-12-17 13:00:00,2019-12-17 14:00:00,-141.93212679922362,76.70761702801707,130.36515,128.77558000000002,LONG,stop_loss,-1.4193212679922362,1.0,20.0
2019-12-18 05:00:00,2019-12-18 07:00:00,-142.8718269705978,81.24697202691128,123.08151,121.569185,LONG,stop_loss,-1.428718269705978,1.0,20.0
2019-12-18 10:00:00,2019-12-18 11:00:00,121.6617399608901,81.06467753403521,123.35829,121.61077499999999,SHORT,signal_reverse,1.2166173996089011,1.0,20.0
2019-12-18 11:00:00,2019-12-18 12:00:00,-109.71779022048008,82.22955572810056,121.610775,120.51971,LONG,stop_loss,-1.097177902204801,1.0,20.0
2019-12-18 14:00:00,2019-12-18 15:00:00,-376.0459122688011,81.18966567597684,123.168385,127.55374499999999,SHORT,stop_loss,-3.7604591226880113,1.0,20.0
2019-12-19 04:00:00,2019-12-19 09:00:00,-135.3418760077858,78.07375799680224,128.08401,126.606665,LONG,stop_loss,-1.353418760077858,1.0,19.999999999999996
2019-12-19 11:00:00,2019-12-19 19:00:00,98.41734452935536,79.30653414862036,126.093015,127.58617500000001,LONG,signal_reverse,0.9841734452935536,1.0,19.999999999999996
2019-12-19 19:00:00,2019-12-20 04:00:00,53.11763990103248,78.37839797297787,127.58617500000001,126.653295,SHORT,signal_reverse,0.5311763990103249,1.0,20.0
2019-12-20 04:00:00,2019-12-20 07:00:00,20.51138187916906,78.95570344221996,126.653295,127.166385,LONG,signal_reverse,0.2051138187916906,1.0,20.0
2019-12-20 07:00:00,2019-12-20 15:00:00,-30.005002501250413,78.6371335475173,127.166385,127.293615,SHORT,stop_loss,-0.30005002501250416,1.0,20.0
2019-12-20 19:00:00,2019-12-21 00:00:00,1.2567245521574815,78.1152600035183,128.01596,127.74384,SHORT,signal_reverse,0.012567245521574814,1.0,20.0
2019-12-21 00:00:00,2019-12-22 01:00:00,-53.4677586019024,78.28166117442531,127.74384,127.31631,LONG,signal_reverse,-0.534677586019024,1.0,20.0
2019-12-22 01:00:00,2019-12-22 05:00:00,3.0001953402521058,78.54453211846935,127.31631,127.02347999999999,SHORT,signal_reverse,0.030001953402521056,1.0,20.0
2019-12-22 05:00:00,2019-12-22 07:00:00,157.27824808452772,78.72560254214417,127.02347999999999,129.27533,LONG,signal_reverse,1.572782480845277,1.0,19.999999999999996
2019-12-22 07:00:00,2019-12-22 18:00:00,-177.82554954607244,77.35427942825596,129.27533,131.31562499999998,SHORT,stop_loss,-1.7782554954607244,1.0,20.0
2019-12-23 05:00:00,2019-12-23 11:00:00,30.385807398506277,75.51376925619994,132.42618000000002,133.09342,LONG,signal_reverse,0.30385807398506276,1.0,20.0
2019-12-23 11:00:00,2019-12-23 16:00:00,76.74031969424259,75.1351945122456,133.09342,131.80587,SHORT,signal_reverse,0.7674031969424259,1.0,20.0
2019-12-23 16:00:00,2019-12-23 17:00:00,-207.44005862561212,75.86915514460775,131.80587,129.33530000000002,LONG,stop_loss,-2.0744005862561212,1.0,20.0
2019-12-24 07:00:00,2019-12-25 06:00:00,-169.2586777415408,78.71940221115717,127.033485,125.13740000000001,LONG,stop_loss,-1.6925867774154078,1.0,20.000000000000004
2019-12-25 09:00:00,2019-12-25 12:00:00,-94.59586508837224,79.79404836939666,125.32263,124.387775,LONG,stop_loss,-0.9459586508837223,1.0,20.000000000000004
2019-12-25 19:00:00,2019-12-26 03:00:00,34.74069782635589,79.89301685898447,125.16738500000001,124.48221,SHORT,signal_reverse,0.34740697826355893,1.0,20.0
2019-12-26 03:00:00,2019-12-26 08:00:00,39.056631465654306,80.33276401503477,124.48221,125.21736000000001,LONG,signal_reverse,0.39056631465654307,1.0,20.0
2019-12-26 08:00:00,2019-12-26 16:00:00,-246.53687955088552,79.86113107639389,125.21736,128.053995,SHORT,stop_loss,-2.465368795508855,1.0,20.000000000000004
2019-12-26 21:00:00,2019-12-26 22:00:00,-95.77085644073011,79.28766062788057,126.12303,125.16738500000001,LONG,stop_loss,-0.9577085644073011,1.0,20.0
2019-12-27 04:00:00,2019-12-27 11:00:00,-185.6149876811069,79.84504312790082,125.24259,123.16838500000001,LONG,stop_loss,-1.856149876811069,1.0,20.0
2019-12-27 15:00:00,2019-12-28 01:00:00,-142.29800157457873,79.60062456242045,125.627155,127.16354999999999,SHORT,stop_loss,-1.4229800157457875,1.0,20.000000000000004
2019-12-28 10:00:00,2019-12-28 18:00:00,-115.60758725510607,78.49523380865077,127.39626999999999,128.614275,SHORT,stop_loss,-1.1560758725510607,1.0,20.0
2019-12-29 00:00:00,2019-12-29 06:00:00,27.922607170246867,78.30619318983565,127.70382000000001,128.31581,LONG,signal_reverse,0.27922607170246866,1.0,19.999999999999996
2019-12-29 06:00:00,2019-12-29 12:00:00,-196.08469291507967,77.93271928065606,128.31581,130.57525499999997,SHORT,stop_loss,-1.9608469291507966,1.0,20.0
2019-12-30 02:00:00,2019-12-30 09:00:00,36.38027657643864,74.55292474851436,134.13289999999998,133.376655,SHORT,signal_reverse,0.36380276576438636,1.0,20.0
2019-12-30 09:00:00,2019-12-30 14:00:00,-212.09471102720332,74.97563947753825,133.376655,130.81456,LONG,stop_loss,-2.1209471102720334,1.0,20.0
2019-12-30 22:00:00,2019-12-31 00:00:00,48.08562199754896,75.7782511645128,131.963985,131.0655,SHORT,signal_reverse,0.48085621997548966,1.0,20.0
2019-12-31 00:00:00,2019-12-31 05:00:00,54.65313144954409,76.29772899809639,131.0655,132.043945,LONG,signal_reverse,0.5465313144954409,1.0,20.000000000000004
2019-12-31 05:00:00,2019-12-31 12:00:00,40.46131081588141,75.7323631916632,132.043945,131.24559,SHORT,signal_reverse,0.4046131081588141,1.0,20.0
2019-12-31 12:00:00,2019-12-31 15:00:00,-164.02769647345838,76.19303627649509,131.24559,129.35529,LONG,stop_loss,-1.6402769647345838,1.0,20.000000000000004
2020-01-01 00:00:00,2020-01-01 01:00:00,100.6441225561448,77.80028410329746,128.534235,130.08492500000003,LONG,signal_reverse,1.0064412255614479,1.0,20.0
2020-01-01 01:00:00,2020-01-01 15:00:00,-143.8337186265037,76.87285825010085,130.084925,131.69581499999998,SHORT,stop_loss,-1.438337186265037,1.0,20.0
2020-01-01 22:00:00,2020-01-02 16:00:00,-230.01050375782393,76.96752270715096,129.92493000000002,127.19637000000002,LONG,stop_loss,-2.3001050375782395,1.0,20.0
2020-01-02 16:00:00,2020-01-03 04:00:00,116.80139342555653,78.54001649183266,127.32363000000001,129.065435,LONG,signal_reverse,1.1680139342555653,1.0,20.0
2020-01-03 04:00:00,2020-01-03 08:00:00,-246.2825054593408,77.48007822543657,129.065435,131.98595999999998,SHORT,stop_loss,-2.462825054593408,1.0,20.0
2020-01-03 15:00:00,2020-01-03 17:00:00,-143.428537051423,75.57790074974034,132.31381,133.94693999999998,SHORT,stop_loss,-1.43428537051423,1.0,20.0
2020-01-03 23:00:00,2020-01-04 12:00:00,92.38676819957672,74.59183255983469,134.06293499999998,132.556245,SHORT,signal_reverse,0.9238676819957672,1.0,20.0
2020-01-04 12:00:00,2020-01-04 17:00:00,109.49861396571549,75.43967468299965,132.55624500000002,134.27283,LONG,signal_reverse,1.094986139657155,1.0,20.0
2020-01-04 17:00:00,2020-01-05 04:00:00,-129.1065854499373,74.47523076708818,134.27283,135.737835,SHORT,stop_loss,-1.2910658544993732,1.0,20.0
2020-01-05 10:00:00,2020-01-05 12:00:00,38.87094255852023,74.08644651064135,134.977455,135.77208000000002,LONG,signal_reverse,0.3887094255852023,1.0,20.0
2020-01-05 12:00:00,2020-01-05 15:00:00,-116.22191837968171,73.65284526833499,135.77208000000002,137.07850499999998,SHORT,stop_loss,-1.1622191837968172,1.0,20.0
2020-01-05 15:00:00,2020-01-05 21:00:00,67.89592957196892,73.02388512700259,136.941495,135.737835,SHORT,signal_reverse,0.6789592957196892,1.0,20.0
2020-01-05 21:00:00,2020-01-06 01:00:00,86.34765170668982,73.67142698275687,135.737835,137.181375,LONG,signal_reverse,0.8634765170668981,1.0,20.0
2020-01-06 01:00:00,2020-01-06 02:00:00,-144.50924916009882,72.89619308743625,137.181375,138.88941,SHORT,stop_loss,-1.4450924916009882,1.0,20.0
2020-01-06 17:00:00,2020-01-06 23:00:00,-204.66389170849948,70.67676251236666,141.48922,144.102015,SHORT,stop_loss,-2.046638917084995,1.0,19.999999999999996
2020-01-07 04:00:00,2020-01-07 13:00:00,-118.39591756898906,70.19455368179385,142.46119499999998,141.059435,LONG,stop_loss,-1.1839591756898906,1.0,20.0
2020-01-07 17:00:00,2020-01-07 20:00:00,-175.19952534602308,70.10722795354653,142.638645,144.85238999999999,SHORT,stop_loss,-1.7519952534602308,1.0,20.0
2020-01-08 00:00:00,2020-01-08 07:00:00,266.3772182177079,67.6333570016266,147.85603500000002,143.621775,SHORT,signal_reverse,2.663772182177079,1.0,20.0
2020-01-08 07:00:00,2020-01-08 13:00:00,-48.78498055047814,69.62732496517327,143.621775,143.20836,LONG,stop_loss,-0.48784980550478135,1.0,20.0
2020-01-08 14:00:00,2020-01-08 16:00:00,-255.88902928079347,70.40717454741211,142.03098,138.68062500000002,LONG,stop_loss,-2.5588902928079347,1.0,19.999999999999996
2020-01-09 05:00:00,2020-01-09 09:00:00,-89.63896845995251,71.89614802726675,139.08951000000002,138.120905,LONG,stop_loss,-0.8963896845995251,1.0,20.0
2020-01-09 16:00:00,2020-01-10 11:00:00,136.7744587773782,73.50347476651437,136.04799,138.18087500000001,LONG,signal_reverse,1.3677445877737817,1.0,20.0
2020-01-10 11:00:00,2020-01-10 15:00:00,-349.31149118863226,72.36891501808772,138.180875,142.73132999999999,SHORT,stop_loss,-3.4931149118863227,1.0,20.0
2020-01-11 08:00:00,2020-01-11 09:00:00,40.06113352860709,70.09118161816707,142.6713,143.5282,LONG,signal_reverse,0.4006113352860709,1.0,20.0
2020-01-11 09:00:00,2020-01-11 11:00:00,49.461611028355726,69.67271936804057,143.5282,142.53123,SHORT,signal_reverse,0.4946161102835573,1.0,20.000000000000004
2020-01-11 11:00:00,2020-01-11 13:00:00,41.532479583594565,70.1600624649068,142.53123000000002,143.40825999999998,LONG,signal_reverse,0.41532479583594567,1.0,20.0
2020-01-11 13:00:00,2020-01-11 16:00:00,-207.90793501016017,69.73099039065114,143.40825999999998,146.103015,SHORT,stop_loss,-2.079079350101602,1.0,20.0
2020-01-11 16:00:00,2020-01-11 21:00:00,125.59803355762789,68.51333630932429,145.956985,143.83187999999998,SHORT,signal_reverse,1.2559803355762789,1.0,20.0
2020-01-11 21:00:00,2020-01-12 07:00:00,15.174051816608108,69.52561560065823,143.83187999999998,144.337795,LONG,signal_reverse,0.15174051816608108,1.0,20.000000000000004
2020-01-12 07:00:00,2020-01-12 10:00:00,31.686739429544858,69.28192300568261,144.337795,143.59176,SHORT,signal_reverse,0.3168673942954486,1.0,20.000000000000004
2020-01-12 10:00:00,2020-01-12 13:00:00,72.32737310274513,69.64187917189676,143.59176000000002,144.917505,LONG,signal_reverse,0.7232737310274512,1.0,20.0
2020-01-12 13:00:00,2020-01-13 02:00:00,120.50062482099761,69.00477620008706,144.917505,142.881405,SHORT,signal_reverse,1.2050062482099761,1.0,19.999999999999996
2020-01-13 02:00:00,2020-01-13 20:00:00,77.73280154964925,69.98811356873205,142.881405,144.277825,LONG,signal_reverse,0.7773280154964926,1.0,19.999999999999996
2020-01-13 20:00:00,2020-01-14 01:00:00,-215.8506097523982,69.31072047974108,144.277825,147.103515,SHORT,stop_loss,-2.1585060975239823,1.0,20.0
2020-01-15 03:00:00,2020-01-15 04:00:00,-174.3681145098692,61.46609986317338,162.691305,160.17987,LONG,stop_loss,-1.7436811450986922,1.0,20.0
2020-01-15 07:00:00,2020-01-15 09:00:00,189.05411633583148,62.08461704919947,161.07049500000002,164.43774000000002,LONG,signal_reverse,1.890541163358315,1.0,20.0
2020-01-15 09:00:00,2020-01-15 10:00:00,-183.93955548160488,60.81329018508767,164.43774000000002,167.133525,SHORT,stop_loss,-1.839395554816049,1.0,20.0
2020-01-15 13:00:00,2020-01-15 15:00:00,294.0148315588505,59.64233979881148,167.666125,162.40115999999998,SHORT,signal_reverse,2.9401483155885053,1.0,20.0
2020-01-15 15:00:00,2020-01-15 22:00:00,229.10998172673234,61.57591485183973,162.40116,166.44673500000002,LONG,signal_reverse,2.2910998172673236,1.0,20.0
2020-01-15 22:00:00,2020-01-16 00:00:00,146.71639729070003,60.07928001711779,166.446735,163.671795,SHORT,signal_reverse,1.4671639729070005,1.0,20.0
2020-01-16 00:00:00,2020-01-16 01:00:00,-226.6318146018988,61.0978818922344,163.671795,160.289815,LONG,stop_loss,-2.266318146018988,1.0,20.0
2020-01-16 07:00:00,2020-01-16 11:00:00,152.28619467822452,62.243134255515166,160.66029,163.428245,LONG,signal_reverse,1.522861946782245,1.0,20.0
2020-01-16 11:00:00,2020-01-17 02:00:00,-149.9952771321738,61.18893340621751,163.428245,165.55273499999998,SHORT,stop_loss,-1.4999527713217382,1.0,20.0
2020-01-17 14:00:00,2020-01-17 17:00:00,190.73539088373,60.174608661954395,166.18304999999998,169.68511500000002,LONG,signal_reverse,1.9073539088373,1.0,19.999999999999996
2020-01-17 17:00:00,2020-01-17 18:00:00,-153.2359058129529,58.93268835041895,169.685115,171.94593,SHORT,stop_loss,-1.532359058129529,1.0,20.0
2020-01-17 21:00:00,2020-01-18 00:00:00,-155.48186933204195,58.604747547156904,170.63464,172.94643,SHORT,stop_loss,-1.5548186933204196,1.0,20.0
2020-01-18 00:00:00,2020-01-18 04:00:00,217.8419338096685,57.879223077927946,172.77357,168.66429,SHORT,signal_reverse,2.1784193380966848,1.0,20.0
2020-01-18 04:00:00,2020-01-18 06:00:00,-79.77317427417526,59.28937299057197,168.66429000000002,167.65613000000002,LONG,stop_loss,-0.7977317427417526,1.0,20.0
2020-01-18 11:00:00,2020-01-18 12:00:00,117.78964842673909,59.38095590987776,168.40416,170.72459500000002,LONG,signal_reverse,1.177896484267391,1.0,20.0
2020-01-18 12:00:00,2020-01-18 13:00:00,-223.3954158743216,58.5738686332804,170.724595,174.197055,SHORT,stop_loss,-2.233954158743216,1.0,19.999999999999996
2020-01-18 17:00:00,2020-01-19 01:00:00,-25.992057365373274,57.299138086310194,174.52269500000003,174.62726999999998,SHORT,stop_loss,-0.2599205736537327,1.0,20.0
2020-01-19 10:00:00,2020-01-19 11:00:00,-483.0434495725708,57.37659298938362,174.28709999999998,166.21685000000002,LONG,stop_loss,-4.830434495725708,1.0,20.0
2020-01-19 23:00:00,2020-01-20 04:00:00,120.53491694918975,59.94609048083059,166.81655,164.47219499999997,SHORT,signal_reverse,1.2053491694918974,1.0,20.0
2020-01-20 04:00:00,2020-01-20 11:00:00,-129.6580488878366,60.800550512504564,164.472195,162.66862500000002,LONG,stop_loss,-1.2965804888783659,1.0,20.0
2020-01-20 14:00:00,2020-01-20 22:00:00,-130.878212458871,60.37293326846866,165.63714,167.47369499999996,SHORT,stop_loss,-1.30878212458871,1.0,20.0
2020-01-21 02:00:00,2020-01-21 07:00:00,35.83454248052238,59.82421969176407,167.15638,166.22306999999998,SHORT,signal_reverse,0.3583454248052238,1.0,19.999999999999996
2020-01-21 07:00:00,2020-01-21 10:00:00,54.788355190409504,60.16012097478408,166.22306999999998,167.466225,LONG,signal_reverse,0.547883551904095,1.0,20.0
2020-01-21 10:00:00,2020-01-21 18:00:00,42.88193335701072,59.71353328111385,167.466225,166.413165,SHORT,signal_reverse,0.4288193335701072,1.0,20.0
2020-01-21 18:00:00,2020-01-21 21:00:00,130.36881246745037,60.09139961973561,166.41316500000002,168.9155,LONG,signal_reverse,1.3036881246745038,1.0,20.0
2020-01-21 21:00:00,2020-01-22 08:00:00,36.92580017819604,59.201198232252224,168.9155,167.953935,SHORT,signal_reverse,0.3692580017819604,1.0,20.000000000000004
2020-01-22 08:00:00,2020-01-23 01:00:00,-237.6861768674847,59.540135216242476,167.953935,164.29781,LONG,stop_loss,-2.3768617686748468,1.0,20.0
2020-01-23 16:00:00,2020-01-23 18:00:00,-177.13413173974783,61.85409059193405,161.670795,159.13039500000002,LONG,stop_loss,-1.7713413173974784,1.0,19.999999999999996
2020-01-23 21:00:00,2020-01-24 01:00:00,39.11463746669877,61.68312269574985,162.1189,161.16054,SHORT,signal_reverse,0.39114637466698765,1.0,20.0
2020-01-24 01:00:00,2020-01-24 02:00:00,-206.1286888217181,62.04992859914715,161.16054000000003,158.16088000000002,LONG,stop_loss,-2.061286888217181,1.0,20.0
2020-01-24 07:00:00,2020-01-24 09:00:00,-208.803940501543,62.99238985788509,158.74933499999997,155.75208500000002,LONG,stop_loss,-2.0880394050154303,1.0,20.0
2020-01-24 11:00:00,2020-01-24 14:00:00,-148.41099483275067,62.617364509016305,159.70011,161.75083499999997,SHORT,stop_loss,-1.4841099483275066,1.0,20.0
2020-01-24 18:00:00,2020-01-24 19:00:00,-168.9036657336264,61.9773431286045,161.349285,163.75183499999997,SHORT,stop_loss,-1.6890366573362643,1.0,20.0
2020-01-25 00:00:00,2020-01-25 08:00:00,149.57217593734725,63.259509485763445,158.079,160.75958,LONG,signal_reverse,1.4957217593734726,1.0,20.0
2020-01-25 08:00:00,2020-01-25 11:00:00,85.75357313075943,62.20469100503995,160.75958,159.05948999999998,SHORT,signal_reverse,0.8575357313075944,1.0,20.0
2020-01-25 11:00:00,2020-01-25 15:00:00,46.6675091187592,62.86955905617452,159.05948999999998,160.1199,LONG,signal_reverse,0.46667509118759204,1.0,20.0
2020-01-25 15:00:00,2020-01-25 23:00:00,-13.759051810549439,62.453199133899034,160.1199,160.01997,SHORT,signal_reverse,-0.13759051810549439,1.0,20.0
2020-01-25 23:00:00,2020-01-26 03:00:00,34.964389757102914,62.4922001922635,160.01997,160.89951,LONG,signal_reverse,0.34964389757102915,1.0,20.0
2020-01-26 03:00:00,2020-01-26 08:00:00,-95.29575447432924,62.15059324916527,160.89951,162.11101499999998,SHORT,stop_loss,-0.9529575447432924,1.0,20.0
2020-01-26 08:00:00,2020-01-26 17:00:00,-272.17756073000396,61.74783991390869,161.948985,166.032975,SHORT,stop_loss,-2.7217756073000396,1.0,20.0
2020-01-27 08:00:00,2020-01-27 11:00:00,146.46627989616601,60.46217711421345,165.392655,168.145885,LONG,signal_reverse,1.4646627989616603,1.0,20.0
2020-01-27 11:00:00,2020-01-27 16:00:00,-147.8187688030554,59.47216608958346,168.145885,170.295105,SHORT,stop_loss,-1.478187688030554,1.0,20.0
2020-01-27 18:00:00,2020-01-28 01:00:00,-156.57299878646185,58.56701107095139,170.744585,173.076495,SHORT,stop_loss,-1.5657299878646187,1.0,20.0
2020-01-28 08:00:00,2020-01-28 20:00:00,54.809793744892254,58.51532403694529,170.895405,172.17387,LONG,signal_reverse,0.5480979374489225,1.0,20.0
2020-01-28 20:00:00,2020-01-28 23:00:00,-227.57853674311903,58.080822601013736,172.17387,175.74783,SHORT,stop_loss,-2.2757853674311903,1.0,20.0
2020-01-29 10:00:00,2020-01-29 12:00:00,89.63199493534121,56.404343788762134,177.29130999999998,175.34762999999998,SHORT,signal_reverse,0.8963199493534122,1.0,20.000000000000004
2020-01-29 12:00:00,2020-01-30 00:00:00,-165.08750417670274,57.02957034549028,175.34762999999998,172.803555,LONG,stop_loss,-1.6508750417670273,1.0,20.0
2020-01-30 07:00:00,2020-01-30 16:00:00,-131.43273008394652,56.953392732114914,175.58216499999997,177.53872499999997,SHORT,stop_loss,-1.3143273008394654,1.0,20.0
2020-01-31 04:00:00,2020-01-31 12:00:00,-251.05417622008426,55.017352885730304,181.760835,177.56117500000002,LONG,stop_loss,-2.5105417622008424,1.0,19.999999999999996
2020-01-31 16:00:00,2020-01-31 20:00:00,79.29256970392866,56.07294529453366,178.339125,180.1099,LONG,signal_reverse,0.7929256970392866,1.0,20.0
2020-01-31 20:00:00,2020-02-01 01:00:00,-204.43017291109567,55.52165649972601,180.10989999999998,183.43167,SHORT,stop_loss,-2.044301729110957,1.0,20.0
2020-02-01 01:00:00,2020-02-01 11:00:00,119.04765189401701,54.57075652476614,183.24833,180.70030500000001,SHORT,signal_reverse,1.19047651894017,1.0,20.0
2020-02-01 11:00:00,2020-02-01 16:00:00,90.5864209803077,55.34024970240088,180.70030500000001,182.69860500000001,LONG,signal_reverse,0.9058642098030769,1.0,20.0
2020-02-01 16:00:00,2020-02-02 00:00:00,48.85274247167985,54.7349554201577,182.698605,181.44067499999997,SHORT,signal_reverse,0.4885274247167985,1.0,20.0
2020-02-02 00:00:00,2020-02-02 06:00:00,214.5907277957379,55.114433409157016,181.440675,185.697105,LONG,signal_reverse,2.145907277957379,1.0,20.0
2020-02-02 06:00:00,2020-02-02 09:00:00,-169.54918117867263,53.851135697565134,185.697105,188.47419,SHORT,stop_loss,-1.6954918117867264,1.0,20.0
2020-02-02 22:00:00,2020-02-03 01:00:00,132.12210999902214,52.83329368194642,189.27459000000002,192.153875,LONG,signal_reverse,1.3212210999902214,1.0,20.0
2020-02-03 01:00:00,2020-02-03 08:00:00,101.20546619213435,52.041625494151496,192.153875,189.824865,SHORT,signal_reverse,1.0120546619213435,1.0,20.0
2020-02-03 08:00:00,2020-02-03 16:00:00,-162.15603419499197,52.68013755732159,189.824865,187.12639000000001,LONG,stop_loss,-1.6215603419499198,1.0,20.0
2020-02-03 19:00:00,2020-02-04 03:00:00,80.18044256762728,52.693961664563254,189.775065,187.87389,SHORT,signal_reverse,0.8018044256762727,1.0,20.0
2020-02-04 03:00:00,2020-02-04 05:00:00,-41.69913019845214,53.22719405022167,187.87389,187.46622000000002,LONG,stop_loss,-0.4169913019845214,1.0,20.0
2020-02-04 08:00:00,2020-02-04 15:00:00,43.36248716505827,53.57239909283714,186.663285,187.84603,LONG,signal_reverse,0.43362487165058267,1.0,20.0
2020-02-04 15:00:00,2020-02-05 05:00:00,-178.07254483898402,53.2350883327159,187.84602999999998,190.81536,SHORT,stop_loss,-1.7807254483898403,1.0,20.0
2020-02-06 01:00:00,2020-02-06 05:00:00,-154.57831316442054,49.02010044708783,203.99795,206.74331999999998,SHORT,stop_loss,-1.5457831316442052,1.0,20.0
2020-02-06 14:00:00,2020-02-07 00:00:00,-219.58132075600983,46.90138056089736,213.21334,217.46868,SHORT,stop_loss,-2.1958132075600982,1.0,19.999999999999996
2020-02-07 00:00:00,2020-02-07 02:00:00,-111.51820113221633,46.02963977388031,217.25132000000002,219.23956499999997,SHORT,stop_loss,-1.1151820113221633,1.0,20.0
2020-02-07 07:00:00,2020-02-07 10:00:00,-173.33871245060163,45.77063223958381,218.480705,221.83085999999997,SHORT,stop_loss,-1.7333871245060164,1.0,20.0
2020-02-07 14:00:00,2020-02-07 20:00:00,124.04358278675828,45.020935522884514,222.11888499999998,218.91940499999998,SHORT,signal_reverse,1.2404358278675829,1.0,20.0
2020-02-07 20:00:00,2020-02-07 22:00:00,111.5388190462145,45.67891092157865,218.919405,221.799045,LONG,signal_reverse,1.115388190462145,1.0,20.0
2020-02-07 22:00:00,2020-02-08 02:00:00,220.34661646086067,45.08585688455061,221.799045,216.46818,SHORT,signal_reverse,2.203466164608607,1.0,20.0
2020-02-08 02:00:00,2020-02-08 03:00:00,0.940953076798644,46.196166106260975,216.46818000000002,216.92148500000002,LONG,stop_loss,0.00940953076798644,1.0,20.0
2020-02-08 08:00:00,2020-02-08 18:00:00,54.478870565347485,44.44297486340896,225.00744,223.33160999999998,SHORT,signal_reverse,0.5447887056534748,1.0,20.0
2020-02-08 18:00:00,2020-02-09 00:00:00,127.09180666364202,44.77646491690092,223.33161,226.616635,LONG,signal_reverse,1.2709180666364202,1.0,20.0
2020-02-09 00:00:00,2020-02-09 07:00:00,-154.50645403855677,44.12738720615104,226.616635,229.664775,SHORT,stop_loss,-1.5450645403855676,1.0,20.0
2020-02-09 14:00:00,2020-02-09 22:00:00,48.68733774705584,44.22567477323285,226.113,227.66611,LONG,signal_reverse,0.4868733774705585,1.0,20.0
2020-02-09 22:00:00,2020-02-10 03:00:00,66.67605380528533,43.92397269843983,227.66611,225.69279,SHORT,signal_reverse,0.6667605380528534,1.0,20.0
2020-02-10 03:00:00,2020-02-10 04:00:00,-73.83800696513113,44.308017105907545,225.69279,224.47770500000001,LONG,stop_loss,-0.7383800696513113,1.0,20.0
2020-02-10 08:00:00,2020-02-10 09:00:00,-145.00408937743236,45.124164779912526,221.61075,218.840525,LONG,stop_loss,-1.4500408937743237,1.0,20.0
2020-02-10 13:00:00,2020-02-10 14:00:00,138.4935492869859,45.56022654184805,219.48969,222.96846000000002,LONG,signal_reverse,1.3849354928698592,1.0,20.000000000000004
2020-02-10 14:00:00,2020-02-11 00:00:00,84.41813160480285,44.849392600191074,222.96846000000002,220.640265,SHORT,signal_reverse,0.8441813160480285,1.0,20.0
2020-02-11 00:00:00,2020-02-11 09:00:00,-5.5330122994551765,45.32264317213361,220.640265,220.959465,LONG,signal_reverse,-0.05533012299455177,1.0,20.0
2020-02-11 09:00:00,2020-02-11 12:00:00,-130.0733566674775,45.257169680420795,220.959465,223.39164,SHORT,stop_loss,-1.3007335666747748,1.0,20.0
2020-02-13 00:00:00,2020-02-13 07:00:00,188.6886551780309,36.675229110156245,272.66360000000003,266.97342,SHORT,signal_reverse,1.886886551780309,1.0,20.0
2020-02-13 07:00:00,2020-02-13 08:00:00,-208.57513980230615,37.45691237726962,266.97342,261.938965,LONG,stop_loss,-2.0857513980230618,1.0,20.0
2020-02-13 12:00:00,2020-02-13 13:00:00,-69.1677763764501,37.27924026101284,268.24581,269.564715,SHORT,stop_loss,-0.6916777637645011,1.0,20.0
2020-02-13 21:00:00,2020-02-13 23:00:00,207.63594415922415,38.03997145100143,262.881375,268.8655,LONG,signal_reverse,2.0763594415922415,1.0,20.0
2020-02-13 23:00:00,2020-02-14 05:00:00,152.33337858520272,37.193317848515335,268.8655,264.23205,SHORT,signal_reverse,1.5233337858520273,1.0,20.0
2020-02-14 05:00:00,2020-02-14 07:00:00,-110.56565999469017,37.84552252461425,264.23205,261.839015,LONG,stop_loss,-1.1056565999469017,1.0,20.0
2020-02-14 09:00:00,2020-02-14 10:00:00,-114.81022514690832,37.34045868944773,267.80603,270.345105,SHORT,stop_loss,-1.1481022514690833,1.0,20.0
2020-02-15 05:00:00,2020-02-15 09:00:00,167.88366689340873,35.86551779370828,278.81934,284.0579,LONG,signal_reverse,1.6788366689340872,1.0,19.999999999999996
2020-02-15 09:00:00,2020-02-15 15:00:00,340.5272023766968,35.204090433675674,284.05789999999996,273.81684,SHORT,signal_reverse,3.4052720237669676,1.0,20.0
2020-02-15 15:00:00,2020-02-15 16:00:00,-269.81644664367616,36.520763295639526,273.81684,266.976445,LONG,stop_loss,-2.6981644664367614,1.0,20.000000000000004
2020-02-16 02:00:00,2020-02-16 10:00:00,207.49941848739348,36.633600019225305,272.973445,266.763315,SHORT,signal_reverse,2.0749941848739346,1.0,19.999999999999996
2020-02-16 10:00:00,2020-02-16 13:00:00,-28.870972382388977,37.48641375220577,266.763315,266.52667,LONG,stop_loss,-0.28870972382388976,1.0,19.999999999999996
2020-02-16 23:00:00,2020-02-17 02:00:00,174.2333588878151,38.735539514695205,258.160855,253.14651,SHORT,signal_reverse,1.7423335888781508,1.0,20.0
2020-02-17 02:00:00,2020-02-17 03:00:00,-156.73563976844827,39.5028159779884,253.14651,249.68509500000002,LONG,stop_loss,-1.5673563976844824,1.0,20.0
2020-02-17 06:00:00,2020-02-17 10:00:00,-88.10671769262495,40.097093508045994,249.39463500000002,247.69609,LONG,stop_loss,-0.8810671769262495,1.0,20.000000000000004
2020-02-17 10:00:00,2020-02-17 11:00:00,-10.645464935999552,40.33170244028176,247.94391,248.17585000000003,LONG,stop_loss,-0.10645464935999552,1.0,20.0
2020-02-17 13:00:00,2020-02-17 14:00:00,250.36479723561376,40.71118283878712,245.632755,252.27380000000002,LONG,signal_reverse,2.503647972356138,1.0,20.0
2020-02-17 14:00:00,2020-02-17 15:00:00,-196.57402393748364,39.639471082609454,252.2738,256.7283,SHORT,stop_loss,-1.9657402393748364,1.0,20.0
2020-02-17 21:00:00,2020-02-17 23:00:00,-317.9629958044945,38.47781901873174,259.88998999999995,267.63374999999996,SHORT,stop_loss,-3.1796299580449445,1.0,20.0
2020-02-18 07:00:00,2020-02-18 09:00:00,140.75324985494123,37.18364180789619,268.93546499999997,264.61224,SHORT,signal_reverse,1.4075324985494122,1.0,20.0
2020-02-18 09:00:00,2020-02-18 13:00:00,-67.01180867521674,37.79114677386049,264.61224000000004,263.36825,LONG,stop_loss,-0.6701180867521673,1.0,20.0
2020-02-18 15:00:00,2020-02-18 16:00:00,-288.75859542721565,36.47733156355048,274.14286,281.51068499999997,SHORT,stop_loss,-2.8875859542721565,1.0,20.0
2020-02-19 06:00:00,2020-02-19 08:00:00,157.24122326202917,35.9558331489698,278.11899,283.048405,LONG,signal_reverse,1.5724122326202916,1.0,20.0
2020-02-19 08:00:00,2020-02-19 19:00:00,181.72539039744868,35.32964617836303,283.048405,277.3386,SHORT,signal_reverse,1.8172539039744868,1.0,20.0
2020-02-19 19:00:00,2020-02-19 20:00:00,-93.42360565748834,36.05700757125045,277.3386,275.30228,LONG,stop_loss,-0.9342360565748834,1.0,20.0
2020-02-20 07:00:00,2020-02-20 08:00:00,-181.30067634894172,38.3243960841665,260.9304,256.72157500000003,LONG,stop_loss,-1.8130067634894171,1.0,20.0
2020-02-20 17:00:00,2020-02-20 21:00:00,208.04083792063128,39.49501125676937,253.19653499999998,258.97045,LONG,signal_reverse,2.080408379206313,1.0,19.999999999999996
2020-02-20 21:00:00,2020-02-21 03:00:00,-148.61061947415126,38.61444423485381,258.97045,262.301085,SHORT,stop_loss,-1.4861061947415126,1.0,19.999999999999996
2020-02-21 11:00:00,2020-02-21 12:00:00,-177.78374424108355,38.16663806077144,262.00892999999996,266.14300499999996,SHORT,stop_loss,-1.7778374424108356,1.0,19.999999999999996
2020-02-21 15:00:00,2020-02-22 01:00:00,62.38344073148026,37.69072330476785,265.317275,263.13149999999996,SHORT,signal_reverse,0.6238344073148027,1.0,20.0
2020-02-22 01:00:00,2020-02-22 06:00:00,-203.20573553527396,38.00381178232177,263.1315,258.31078,LONG,stop_loss,-2.0320573553527397,1.0,20.000000000000004
2020-02-22 09:00:00,2020-02-22 11:00:00,103.15874978598093,38.614597816220936,258.96941999999996,262.158855,LONG,signal_reverse,1.0315874978598092,1.0,20.0
2020-02-22 11:00:00,2020-02-22 19:00:00,16.17329653045808,38.14481109173291,262.158855,261.21054,SHORT,signal_reverse,0.1617329653045808,1.0,20.0
2020-02-22 19:00:00,2020-02-22 21:00:00,47.68122756455546,38.28329438773795,261.21054,262.978445,LONG,signal_reverse,0.4768122756455546,1.0,20.0
2020-02-22 21:00:00,2020-02-23 04:00:00,-162.7818542314357,38.02593022405315,262.978445,266.7333,SHORT,stop_loss,-1.627818542314357,1.0,20.0
2020-02-23 13:00:00,2020-02-23 23:00:00,-169.31437590228367,36.835913630759634,271.474195,275.527695,SHORT,stop_loss,-1.6931437590228366,1.0,20.0
2020-02-24 02:00:00,2020-02-24 07:00:00,-61.97968027638711,37.210090833366685,268.744305,267.616125,LONG,stop_loss,-0.6197968027638711,1.0,20.0
2020-02-24 09:00:00,2020-02-24 11:00:00,208.99132862742874,37.65446993200205,265.57272,271.654105,LONG,signal_reverse,2.0899132862742875,1.0,20.0
2020-02-24 11:00:00,2020-02-24 15:00:00,133.88815861994962,36.81151808841615,271.654105,267.47366999999997,SHORT,signal_reverse,1.3388815861994963,1.0,20.0
2020-02-24 15:00:00,2020-02-24 17:00:00,-142.84685815990696,37.3868575549885,267.47366999999997,264.18784,LONG,stop_loss,-1.4284685815990694,1.0,20.0
2020-02-24 17:00:00,2020-02-24 18:00:00,-113.14425716923539,37.81402277069697,264.45216,261.98894,LONG,stop_loss,-1.131442571692354,1.0,19.999999999999996
2020-02-25 01:00:00,2020-02-25 06:00:00,-158.55618492354003,38.16780272177272,262.000935,258.37075,LONG,stop_loss,-1.5855618492354002,1.0,20.0
2020-02-25 11:00:00,2020-02-25 14:00:00,325.10022977384125,38.08237858271401,262.58864000000005,253.5267,SHORT,signal_reverse,3.2510022977384123,1.0,20.0
2020-02-25 14:00:00,2020-02-25 15:00:00,-91.89045571925894,39.44357734313585,253.5267,251.70408500000002,LONG,stop_loss,-0.9189045571925893,1.0,20.0
2020-02-25 19:00:00,2020-02-25 21:00:00,-11.198756106334267,40.01201961069105,249.9249,250.144865,LONG,stop_loss,-0.11198756106334266,1.0,20.0
2020-02-25 23:00:00,2020-02-26 01:00:00,-313.93084028858044,40.524661444820886,246.76332,239.510185,LONG,stop_loss,-3.1393084028858045,1.0,19.999999999999996
2020-02-26 07:00:00,2020-02-26 12:00:00,101.86817652616854,42.14988613313636,237.24856499999999,240.13987,LONG,stop_loss,1.0186817652616853,1.0,20.0
2020-02-26 13:00:00,2020-02-26 14:00:00,-152.51675089765922,42.7118605989087,234.127005,231.02443,LONG,stop_loss,-1.5251675089765924,1.0,20.0
2020-02-26 21:00:00,2020-02-27 00:00:00,-380.5920126488967,44.68438170042303,223.79184,215.72208500000002,LONG,stop_loss,-3.805920126488967,1.0,20.0
2020-02-27 06:00:00,2020-02-27 08:00:00,-225.28075742705934,44.663195845054354,223.89799499999998,228.49418999999997,SHORT,stop_loss,-2.2528075742705935,1.0,20.0
2020-02-27 10:00:00,2020-02-27 12:00:00,17.502491797842612,43.966437428593004,227.44622,226.59323999999998,SHORT,stop_loss,0.17502491797842612,1.0,20.0
2020-02-27 13:00:00,2020-02-27 15:00:00,-128.85844932516645,43.718603894475095,228.73557499999998,231.225555,SHORT,stop_loss,-1.2885844932516646,1.0,20.0
2020-02-27 21:00:00,2020-02-27 22:00:00,55.60083574501242,44.14363792399357,226.53321,228.24582000000004,LONG,stop_loss,0.5560083574501242,1.0,20.0
2020-02-28 01:00:00,2020-02-28 05:00:00,223.35848748054957,42.92150365186883,232.98345,227.31359999999998,SHORT,signal_reverse,2.2335848748054956,1.0,20.0
2020-02-28 05:00:00,2020-02-28 07:00:00,-186.96823243307762,43.99208846281085,227.31359999999998,223.51818500000002,LONG,stop_loss,-1.869682324330776,1.0,20.0
2020-02-28 15:00:00,2020-02-28 23:00:00,-27.36244574240639,44.020602346227676,227.16636,227.33361,SHORT,stop_loss,-0.2736244574240639,1.0,20.0
2020-02-29 00:00:00,2020-02-29 09:00:00,165.110788517767,43.43391578576351,230.234825,225.97293,SHORT,signal_reverse,1.65110788517767,1.0,20.0
2020-02-29 09:00:00,2020-02-29 11:00:00,-5.225663976654765,44.25308819069611,225.97293000000002,226.30679,LONG,stop_loss,-0.05225663976654765,1.0,20.0
2020-02-29 13:00:00,2020-02-29 14:00:00,-107.8230252278029,44.49540354694664,224.742315,222.76856,LONG,stop_loss,-1.078230252278029,1.0,19.999999999999996
2020-02-29 16:00:00,2020-02-29 23:00:00,-254.48949682462134,44.921359544946625,222.61125,217.39125,LONG,stop_loss,-2.544894968246213,1.0,20.0
2020-03-01 06:00:00,2020-03-01 11:00:00,142.52752057476891,45.304154196131925,220.73031,224.31778500000001,LONG,signal_reverse,1.4252752057476892,1.0,20.0
2020-03-01 11:00:00,2020-03-01 12:00:00,98.00245798611269,44.57961280243562,224.31778500000001,221.67077999999998,SHORT,stop_loss,0.9800245798611268,1.0,20.000000000000004
2020-03-01 16:00:00,2020-03-01 18:00:00,-248.30804877281568,45.98363313742466,217.46868,212.50369500000002,LONG,stop_loss,-2.4830804877281567,1.0,20.0
2020-03-02 01:00:00,2020-03-02 06:00:00,-115.09919493567418,45.726702473723144,218.69060000000002,220.77032999999997,SHORT,stop_loss,-1.1509919493567418,1.0,20.0
2020-03-02 08:00:00,2020-03-02 10:00:00,-149.90426690474058,45.22239423816048,221.12938,224.00194499999998,SHORT,stop_loss,-1.4990426690474057,1.0,20.0
2020-03-02 23:00:00,2020-03-03 00:00:00,127.12302461981668,43.14546768403392,231.77405499999998,228.364125,SHORT,signal_reverse,1.2712302461981668,1.0,19.999999999999996
2020-03-03 00:00:00,2020-03-03 03:00:00,139.82414050368035,43.78971521906079,228.364125,232.013935,LONG,signal_reverse,1.3982414050368035,1.0,20.0
2020-03-03 03:00:00,2020-03-03 06:00:00,170.94542748046635,43.10085943760232,232.013935,227.583735,SHORT,signal_reverse,1.7094542748046635,1.0,20.0
2020-03-03 06:00:00,2020-03-03 11:00:00,143.91988645410106,43.93987118631303,227.583735,231.314285,LONG,signal_reverse,1.4391988645410105,1.0,20.0
2020-03-03 11:00:00,2020-03-03 14:00:00,264.1143165887927,43.23122542993832,231.314285,224.742315,SHORT,signal_reverse,2.6411431658879265,1.0,20.0
2020-03-03 14:00:00,2020-03-03 16:00:00,-154.5198388652335,44.49540354694664,224.742315,221.71908500000004,LONG,stop_loss,-1.5451983886523353,1.0,19.999999999999996
2020-03-04 01:00:00,2020-03-04 11:00:00,151.75503557450332,43.987700599035506,227.336275,223.43166,SHORT,signal_reverse,1.5175503557450332,1.0,20.0
2020-03-04 11:00:00,2020-03-04 16:00:00,-48.33595740191767,44.756414556468854,223.43166,222.79854500000002,LONG,stop_loss,-0.4833595740191767,1.0,20.0
2020-03-04 18:00:00,2020-03-04 23:00:00,55.76574874951837,44.923378573197105,222.601245,224.2878,LONG,signal_reverse,0.5576574874951837,1.0,20.0
2020-03-04 23:00:00,2020-03-05 00:00:00,-139.2942728048502,44.58557264371936,224.2878,226.96342499999997,SHORT,stop_loss,-1.392942728048502,1.0,20.0
2020-03-05 14:00:00,2020-03-05 16:00:00,106.2818144207495,43.5606994933564,229.56472499999998,232.46371000000002,LONG,signal_reverse,1.062818144207495,1.0,20.000000000000004
2020-03-05 16:00:00,2020-03-05 22:00:00,125.3657003065144,43.01746711346902,232.46371000000002,229.08448499999997,SHORT,signal_reverse,1.253657003065144,1.0,20.0
2020-03-05 22:00:00,2020-03-06 05:00:00,170.2675774834784,43.65201772612406,229.084485,233.44322000000003,LONG,signal_reverse,1.7026757748347838,1.0,20.0
2020-03-06 05:00:00,2020-03-06 07:00:00,-117.00752928270984,42.83696909252708,233.44322,235.707795,SHORT,stop_loss,-1.1700752928270985,1.0,19.999999999999996
2020-03-06 15:00:00,2020-03-06 17:00:00,116.1359546446124,42.50117999213601,235.28758499999998,238.49069500000002,LONG,signal_reverse,1.161359546446124,1.0,20.0
2020-03-06 17:00:00,2020-03-06 23:00:00,-322.8252318187921,41.93035707326024,238.49069500000002,245.712795,SHORT,stop_loss,-3.228252318187921,1.0,20.000000000000004
2020-03-07 08:00:00,2020-03-07 16:00:00,-79.09972601864726,40.89182368598776,244.547665,245.992935,SHORT,stop_loss,-0.7909972601864725,1.0,20.0
2020-03-07 17:00:00,2020-03-08 00:00:00,-238.85983623283477,41.79386367865617,239.269575,234.032925,LONG,stop_loss,-2.3885983623283478,1.0,20.0
2020-03-08 12:00:00,2020-03-08 14:00:00,-279.36929738193453,44.2374192208136,226.05297,220.18985000000004,LONG,stop_loss,-2.7936929738193452,1.0,20.0
2020-03-09 08:00:00,2020-03-09 11:00:00,284.3747307179592,48.193653666910535,207.4962,201.18054,SHORT,signal_reverse,2.843747307179592,1.0,20.000000000000004
2020-03-09 11:00:00,2020-03-09 13:00:00,41.049890809518786,49.7065968706516,201.18054,202.408745,LONG,stop_loss,0.41049890809518785,1.0,20.0
2020-03-09 14:00:00,2020-03-09 15:00:00,-212.36626945692808,50.543628312266115,197.848875,194.04292999999998,LONG,stop_loss,-2.1236626945692807,1.0,20.0
2020-03-09 23:00:00,2020-03-10 07:00:00,152.24653181181745,49.365976717080116,202.56866499999998,199.07949,SHORT,signal_reverse,1.5224653181181744,1.0,20.0
2020-03-10 07:00:00,2020-03-10 10:00:00,184.88700267415788,50.231191570764025,199.07949,203.15837,LONG,signal_reverse,1.8488700267415787,1.0,20.0
2020-03-10 10:00:00,2020-03-10 12:00:00,-148.1985083853542,49.22268277698822,203.15837,205.76282999999998,SHORT,stop_loss,-1.481985083853542,1.0,20.0
2020-03-10 15:00:00,2020-03-11 14:00:00,-195.17365655796374,50.849626062019865,196.65828,193.213345,LONG,stop_loss,-1.9517365655796375,1.0,20.0
2020-03-12 01:00:00,2020-03-12 03:00:00,-104.68055911910719,54.14704208651944,184.682295,183.11839500000002,LONG,stop_loss,-1.0468055911910719,1.0,20.0
2020-03-13 07:00:00,2020-03-13 08:00:00,73.71747652615949,78.53836644360331,127.326305,126.13303499999999,SHORT,stop_loss,0.7371747652615949,1.0,20.0
2020-03-13 09:00:00,2020-03-13 10:00:00,-194.84848618999933,76.99116969027031,129.88502499999998,132.156045,SHORT,stop_loss,-1.9484848618999933,1.0,20.0
2020-03-13 12:00:00,2020-03-13 13:00:00,-197.4245149151634,76.40906141172006,130.87453,133.196565,SHORT,stop_loss,-1.974245149151634,1.0,19.999999999999996
2020-03-13 16:00:00,2020-03-13 17:00:00,11.888433756192448,80.58536240224642,124.092015,124.487725,LONG,stop_loss,0.11888433756192449,1.0,19.999999999999996
2020-03-13 18:00:00,2020-03-13 19:00:00,785.3274989748872,83.83662555570059,119.27961,128.885525,LONG,stop_loss,7.853274989748872,1.0,20.0
2020-03-13 21:00:00,2020-03-13 22:00:00,-388.63450601947903,77.08608137183624,129.72510499999999,134.50722,SHORT,stop_loss,-3.88634506019479,1.0,20.0
2020-03-14 08:00:00,2020-03-14 09:00:00,-205.53077682897003,77.70955138198276,128.68431,126.29682000000001,LONG,stop_loss,-2.0553077682897003,1.0,20.0
2020-03-14 13:00:00,2020-03-14 22:00:00,-160.557444050252,79.16833662376733,126.313125,124.5377,LONG,stop_loss,-1.60557444050252,1.0,20.0
2020-03-15 08:00:00,2020-03-15 10:00:00,299.6514409625616,81.83904445059056,122.191065,126.09692,LONG,signal_reverse,2.996514409625616,1.0,20.0
2020-03-15 10:00:00,2020-03-15 12:00:00,91.39090471044048,79.30407816463716,126.09692,124.692315,SHORT,stop_loss,0.9139090471044048,1.0,19.999999999999996
2020-03-15 17:00:00,2020-03-15 20:00:00,-225.62173221483266,81.55191333836999,122.62128,120.09992,LONG,stop_loss,-2.2562173221483266,1.0,20.0
2020-03-15 20:00:00,2020-03-15 21:00:00,1074.9248245384633,83.18077978321092,120.22008,133.383275,LONG,signal_reverse,10.749248245384633,1.0,20.0
2020-03-15 21:00:00,2020-03-16 04:00:00,916.613679638621,74.97191833084021,133.383275,120.89041499999999,SHORT,signal_reverse,9.16613679638621,1.0,20.0
2020-03-16 04:00:00,2020-03-16 05:00:00,-404.52717694781717,82.7195439770804,120.890415,116.24185,LONG,stop_loss,-4.0452717694781715,1.0,20.000000000000004
2020-03-16 15:00:00,2020-03-16 20:00:00,470.320918034777,87.12123390152058,114.78258000000001,109.15454999999999,SHORT,signal_reverse,4.70320918034777,1.0,20.0
2020-03-16 20:00:00,2020-03-16 22:00:00,-165.51477698364334,91.61322180339711,109.15455,107.56619,LONG,stop_loss,-1.6551477698364334,1.0,20.0
2020-03-16 22:00:00,2020-03-17 01:00:00,676.4158693743634,92.8730951379913,107.67381,115.172385,LONG,signal_reverse,6.764158693743634,1.0,20.0
2020-03-17 01:00:00,2020-03-17 02:00:00,-183.76451698903253,86.82636901198148,115.172385,117.0585,SHORT,stop_loss,-1.8376451698903253,1.0,20.000000000000004
2020-03-17 12:00:00,2020-03-17 13:00:00,-175.91056845077574,86.89795251913255,115.07750999999999,113.28333,LONG,stop_loss,-1.7591056845077575,1.0,20.0
2020-03-17 15:00:00,2020-03-17 16:00:00,26.841101513633564,84.80253010044603,117.92101000000001,117.36865499999999,SHORT,stop_loss,0.26841101513633564,1.0,19.999999999999996
2020-03-17 17:00:00,2020-03-17 21:00:00,38.521908012829236,84.55884466912293,118.26083999999999,117.568755,SHORT,stop_loss,0.38521908012829237,1.0,20.0
2020-03-18 05:00:00,2020-03-18 06:00:00,-71.32582820811422,86.14896137519932,116.07800999999999,115.48223000000002,LONG,stop_loss,-0.7132582820811422,1.0,20.0
2020-03-18 13:00:00,2020-03-18 22:00:00,-80.06797483418741,86.27233337286044,115.912015,116.60827499999999,SHORT,stop_loss,-0.800679748341874,1.0,20.0
2020-03-19 05:00:00,2020-03-19 07:00:00,-122.54872983565433,84.86007210560327,117.84105000000001,119.049495,SHORT,stop_loss,-1.2254872983565432,1.0,20.0
2020-03-20 00:00:00,2020-03-20 07:00:00,-156.17239623071177,72.47375951648407,137.980975,139.859895,SHORT,stop_loss,-1.5617239623071177,1.0,20.0
2020-03-20 13:00:00,2020-03-20 16:00:00,-90.55344100877721,71.28086220760679,140.29011,139.300315,LONG,stop_loss,-0.9055344100877721,1.0,19.999999999999996
2020-03-20 16:00:00,2020-03-20 17:00:00,-50.782126336557205,71.71559516933792,139.439685,139.01046000000002,LONG,stop_loss,-0.507821263365572,1.0,20.0
2020-03-21 00:00:00,2020-03-21 06:00:00,158.10612489392597,76.5021239858448,130.715325,133.04344500000002,LONG,stop_loss,1.5810612489392597,1.0,20.0
2020-03-21 09:00:00,2020-03-21 11:00:00,158.9945821172729,77.81239781043695,128.51422499999998,130.81456,LONG,stop_loss,1.589945821172729,1.0,20.0
2020-03-21 15:00:00,2020-03-21 17:00:00,290.5198119203913,75.2029652830023,132.97348,128.84439,SHORT,signal_reverse,2.905198119203913,1.0,20.0
2020-03-21 17:00:00,2020-03-21 20:00:00,485.0976608294686,77.61300278576351,128.84439,135.35228999999998,LONG,signal_reverse,4.850976608294686,1.0,20.0
2020-03-21 20:00:00,2020-03-21 21:00:00,111.91797493784536,73.88127677780702,135.35228999999998,133.56674999999998,SHORT,stop_loss,1.1191797493784537,1.0,20.0
2020-03-22 01:00:00,2020-03-22 06:00:00,-26.29511998605589,74.16057001890611,134.842545,134.92743000000002,SHORT,stop_loss,-0.2629511998605589,1.0,19.999999999999996
2020-03-22 08:00:00,2020-03-22 11:00:00,-157.2130602621208,75.31461456371505,132.776355,130.95449000000002,LONG,stop_loss,-1.5721306026212079,1.0,20.0
2020-03-22 22:00:00,2020-03-22 23:00:00,-79.52282311379996,81.23376543197841,123.10152000000001,122.36878500000002,LONG,stop_loss,-0.7952282311379997,1.0,20.0
2020-03-23 01:00:00,2020-03-23 08:00:00,-170.6879097885281,80.89844191623331,123.611775,121.74909500000001,LONG,stop_loss,-1.7068790978852808,1.0,20.0
2020-03-23 08:00:00,2020-03-23 12:00:00,915.6150264084775,82.05403906699469,121.87090500000001,133.27333000000002,LONG,signal_reverse,9.156150264084776,1.0,20.0
2020-03-23 12:00:00,2020-03-23 13:00:00,81.10049775150223,75.03376707102612,133.27333000000002,131.92593,SHORT,stop_loss,0.8110049775150223,1.0,19.999999999999996
2020-03-23 16:00:00,2020-03-23 23:00:00,-291.90123142166647,75.2199270825549,132.94349499999998,136.558245,SHORT,stop_loss,-2.9190123142166646,1.0,20.000000000000004
2020-03-24 06:00:00,2020-03-24 08:00:00,-345.917086983859,73.43121101835321,136.181875,140.620275,SHORT,stop_loss,-3.4591708698385903,1.0,19.999999999999996
2020-03-24 15:00:00,2020-03-24 19:00:00,196.63518771167003,73.14308451335987,136.718325,139.680125,LONG,signal_reverse,1.9663518771167003,1.0,20.0
2020-03-24 19:00:00,2020-03-25 00:00:00,-56.507341327192,71.5921466994678,139.680125,140.19006,SHORT,stop_loss,-0.5650734132719201,1.0,20.0
2020-03-25 00:00:00,2020-03-25 03:00:00,235.032954673168,71.4031009224281,140.04994,136.478205,SHORT,signal_reverse,2.35032954673168,1.0,19.999999999999996
2020-03-25 03:00:00,2020-03-25 08:00:00,240.97500329814673,73.27177258815794,136.478205,140.03994500000002,LONG,signal_reverse,2.409750032981467,1.0,20.0
2020-03-25 08:00:00,2020-03-25 09:00:00,-80.73017238045595,71.40819713975179,140.03994500000002,140.89040999999997,SHORT,stop_loss,-0.8073017238045596,1.0,20.0
2020-03-25 10:00:00,2020-03-25 11:00:00,-195.7890611646942,73.07356703283101,136.84839,134.442745,LONG,stop_loss,-1.9578906116469421,1.0,20.0
2020-03-25 20:00:00,2020-03-26 00:00:00,110.08624838872355,73.76385607934041,135.56775,137.33130000000003,LONG,signal_reverse,1.1008624838872354,1.0,20.0
2020-03-26 00:00:00,2020-03-26 05:00:00,131.728702779337,72.8166120906159,137.3313,135.24759,SHORT,signal_reverse,1.31728702779337,1.0,20.0
2020-03-26 05:00:00,2020-03-26 19:00:00,-0.43440182556984297,73.9384709184097,135.24759,135.51221,LONG,signal_reverse,-0.00434401825569843,1.0,20.0
2020-03-26 19:00:00,2020-03-26 21:00:00,-98.66781893675663,73.79408837033947,135.51221,136.57825499999998,SHORT,stop_loss,-0.9866781893675662,1.0,20.0
2020-03-27 05:00:00,2020-03-27 13:00:00,-158.38060889233955,72.98285869843464,137.018475,135.12240500000001,LONG,stop_loss,-1.5838060889233956,1.0,19.999999999999996
2020-03-27 18:00:00,2020-03-27 23:00:00,397.92252910374776,72.86433982412517,137.241345,131.50572,SHORT,signal_reverse,3.9792252910374777,1.0,20.000000000000004
2020-03-27 23:00:00,2020-03-28 00:00:00,-113.59973087102128,76.04231968008692,131.50572,130.27483,LONG,stop_loss,-1.1359973087102129,1.0,20.0
2020-03-28 11:00:00,2020-03-28 17:00:00,-254.26201000364935,77.90944343869846,128.354145,125.347295,LONG,stop_loss,-2.5426201000364936,1.0,20.0
2020-03-28 17:00:00,2020-03-28 20:00:00,416.0940492994073,79.69860855394806,125.47270499999999,130.944495,LONG,signal_reverse,4.160940492994073,1.0,20.000000000000004
2020-03-28 20:00:00,2020-03-29 05:00:00,70.85147107558821,76.36823525876365,130.944495,129.754845,SHORT,signal_reverse,0.708514710755882,1.0,20.0
2020-03-29 05:00:00,2020-03-29 16:00:00,-168.64878455983498,77.06841312939028,129.754845,127.82605500000001,LONG,stop_loss,-1.6864878455983496,1.0,20.0
2020-03-29 16:00:00,2020-03-29 19:00:00,-254.18230676670402,78.15311985886795,127.953945,124.95749,LONG,stop_loss,-2.54182306766704,1.0,19.999999999999996
2020-03-30 04:00:00,2020-03-30 05:00:00,-210.4927063720014,78.43369787747433,127.49622000000001,129.92493000000002,SHORT,stop_loss,-2.104927063720014,1.0,20.0
2020-03-30 14:00:00,2020-03-30 20:00:00,-183.0956301894105,75.74956466725185,132.01396000000003,134.16705,SHORT,stop_loss,-1.830956301894105,1.0,20.0
2020-03-30 20:00:00,2020-03-31 04:00:00,198.41121903233608,74.60851977069818,134.03295,131.10551999999998,SHORT,signal_reverse,1.984112190323361,1.0,20.0
2020-03-31 04:00:00,2020-03-31 14:00:00,127.0517793606252,76.2744390930298,131.10551999999998,133.03345,LONG,signal_reverse,1.2705177936062522,1.0,19.999999999999996
2020-03-31 14:00:00,2020-03-31 20:00:00,-157.10423957282993,75.16906462246902,133.03345,134.857395,SHORT,stop_loss,-1.5710423957282993,1.0,20.0
2020-04-01 00:00:00,2020-04-01 16:00:00,-248.05477925689834,75.49095542863009,132.46620000000001,129.445245,LONG,stop_loss,-2.4805477925689834,1.0,20.0
2020-04-01 20:00:00,2020-04-01 22:00:00,-151.20984587950198,75.71516952664315,132.07393,133.80687,SHORT,stop_loss,-1.51209845879502,1.0,20.0
2020-04-02 14:00:00,2020-04-02 16:00:00,-343.3566812125175,71.8337342134594,139.21036,143.71182,SHORT,stop_loss,-3.433566812125175,1.0,20.0
2020-04-02 21:00:00,2020-04-03 07:00:00,-200.04720456536018,70.23025762495175,142.38877,144.95244,SHORT,stop_loss,-2.0004720456536016,1.0,20.0
2020-04-03 14:00:00,2020-04-03 16:00:00,-75.03940998360729,70.41709524271259,142.01097,141.22935,LONG,stop_loss,-0.7503940998360727,1.0,20.0
2020-04-03 20:00:00,2020-04-04 08:00:00,60.15852799813428,71.02254315889024,140.800365,141.929,LONG,signal_reverse,0.6015852799813428,1.0,20.0
2020-04-04 08:00:00,2020-04-04 10:00:00,-162.53182929492755,70.45776409331427,141.929,143.95193999999998,SHORT,stop_loss,-1.6253182929492755,1.0,20.0
2020-04-04 11:00:00,2020-04-04 16:00:00,191.26442528717993,70.95195924434319,140.940435,143.91800500000002,LONG,signal_reverse,1.9126442528717993,1.0,20.0
2020-04-04 16:00:00,2020-04-04 20:00:00,-15.406064724144503,69.48400931488732,143.91800500000002,143.85189,SHORT,stop_loss,-0.15406064724144503,1.0,20.000000000000004
2020-04-04 20:00:00,2020-04-05 04:00:00,8.982358754840865,69.58549520969972,143.70811,143.29161,SHORT,signal_reverse,0.08982358754840865,1.0,20.0
2020-04-05 04:00:00,2020-04-05 13:00:00,21.622115907555237,69.787756589517,143.29161,143.88802,LONG,signal_reverse,0.21622115907555237,1.0,20.0
2020-04-05 13:00:00,2020-04-05 16:00:00,53.43488359906654,69.49848917234388,143.88802,142.83138,SHORT,signal_reverse,0.5343488359906654,1.0,20.0
2020-04-05 16:00:00,2020-04-06 00:00:00,111.35978942442627,70.01262607698673,142.83138,144.70761000000002,LONG,signal_reverse,1.1135978942442626,1.0,20.000000000000004
2020-04-06 00:00:00,2020-04-06 04:00:00,-271.9929670595771,69.10486601222978,144.70761,148.35414,SHORT,stop_loss,-2.719929670595771,1.0,20.000000000000004
2020-04-06 04:00:00,2020-04-06 06:00:00,-179.8715462398033,67.47371527684533,148.20586,150.57524999999998,SHORT,stop_loss,-1.798715462398033,1.0,20.0
2020-04-07 05:00:00,2020-04-07 07:00:00,-250.03097199495755,58.801072590365116,170.06492500000002,173.97694499999997,SHORT,stop_loss,-2.5003097199495756,1.0,20.0
2020-04-07 12:00:00,2020-04-07 14:00:00,-170.40266233713592,58.53245782824212,170.84537999999998,168.27582,LONG,stop_loss,-1.7040266233713592,1.0,19.999999999999996
2020-04-07 14:00:00,2020-04-07 16:00:00,239.3957238534453,59.3668478186661,168.44418000000002,172.81355000000002,LONG,signal_reverse,2.393957238534453,1.0,20.000000000000004
2020-04-07 16:00:00,2020-04-07 19:00:00,189.99510744383292,57.8658328585924,172.81355,169.18454999999997,SHORT,signal_reverse,1.8999510744383292,1.0,20.0
2020-04-07 19:00:00,2020-04-07 20:00:00,-356.10279425632973,59.10705203282451,169.18455,163.49821000000003,LONG,stop_loss,-3.5610279425632974,1.0,20.0
2020-04-07 22:00:00,2020-04-07 23:00:00,-127.8538254910999,60.06612078576096,166.4832,164.68761500000002,LONG,stop_loss,-1.278538254910999,1.0,20.0
2020-04-08 02:00:00,2020-04-08 03:00:00,-247.09802400607754,59.28539050278873,168.67561999999998,172.50620999999998,SHORT,stop_loss,-2.4709802400607757,1.0,20.0
2020-04-08 10:00:00,2020-04-08 16:00:00,164.00306300005087,59.721573247792925,167.44368,170.52469500000004,LONG,signal_reverse,1.6400306300005087,1.0,20.0
2020-04-08 16:00:00,2020-04-08 22:00:00,-152.62917725787236,58.64253268419568,170.524695,172.78634999999997,SHORT,stop_loss,-1.5262917725787235,1.0,20.0
2020-04-09 03:00:00,2020-04-09 07:00:00,82.48921985171997,58.614839894150975,170.60526000000002,172.35378,LONG,signal_reverse,0.8248921985171997,1.0,20.0
2020-04-09 07:00:00,2020-04-09 11:00:00,199.2893593630502,58.020195437547116,172.35378,168.574245,SHORT,signal_reverse,1.9928935936305021,1.0,20.0
2020-04-09 11:00:00,2020-04-09 12:00:00,118.82636698150328,59.32104278444194,168.57424500000002,170.9145,LONG,stop_loss,1.1882636698150328,1.0,20.0
2020-04-09 16:00:00,2020-04-09 22:00:00,38.83261407807624,58.8564509407056,169.90491,170.90450500000003,LONG,signal_reverse,0.38832614078076244,1.0,20.0
2020-04-09 22:00:00,2020-04-10 01:00:00,89.41958493136352,58.51220832358983,170.904505,169.034475,SHORT,signal_reverse,0.894195849313635,1.0,20.0
2020-04-10 01:00:00,2020-04-10 03:00:00,-361.7140201725113,59.15952943918689,169.034475,163.25833,LONG,stop_loss,-3.617140201725113,1.0,20.0
2020-04-10 20:00:00,2020-04-11 04:00:00,-99.17830004334938,62.85338925273668,159.10041,160.36014,SHORT,stop_loss,-0.9917830004334938,1.0,20.0
2020-04-11 07:00:00,2020-04-11 16:00:00,-207.88284081076569,62.88933806550446,159.009465,156.02195,LONG,stop_loss,-2.078828408107657,1.0,20.0
2020-04-11 19:00:00,2020-04-11 22:00:00,102.64970785934918,64.11162603432088,155.97795,157.891015,LONG,signal_reverse,1.0264970785934917,1.0,20.0
2020-04-11 22:00:00,2020-04-12 03:00:00,103.06463417186905,63.33482624074587,157.891015,155.947935,SHORT,signal_reverse,1.0306463417186904,1.0,20.0
2020-04-12 03:00:00,2020-04-12 09:00:00,109.72534711665203,64.12396547604173,155.947935,157.970975,LONG,signal_reverse,1.0972534711665203,1.0,20.0
2020-04-12 09:00:00,2020-04-12 12:00:00,-133.2401062916771,63.302768119270006,157.970975,159.75984,SHORT,stop_loss,-1.332401062916771,1.0,20.0
2020-04-12 23:00:00,2020-04-13 00:00:00,-366.475276589858,62.924971661739015,158.91942,153.41325500000002,LONG,stop_loss,-3.66475276589858,1.0,20.0
2020-04-13 11:00:00,2020-04-13 13:00:00,245.01631866132095,64.22520542592518,155.70211,151.57575,SHORT,signal_reverse,2.4501631866132096,1.0,20.0
2020-04-13 13:00:00,2020-04-13 19:00:00,194.86253572883598,65.97361385313944,151.57575,154.832545,LONG,signal_reverse,1.9486253572883596,1.0,20.0
2020-04-13 19:00:00,2020-04-13 21:00:00,-147.61012227758513,64.58590472694225,154.832545,156.80836499999998,SHORT,stop_loss,-1.4761012227758512,1.0,19.999999999999996
2020-04-14 01:00:00,2020-04-14 08:00:00,36.68602067531172,63.48351840895067,157.5212,156.628275,SHORT,signal_reverse,0.36686020675311715,1.0,20.0
2020-04-14 08:00:00,2020-04-14 09:00:00,65.72526256833306,63.84543276110268,156.628275,157.970975,LONG,signal_reverse,0.6572526256833305,1.0,20.0
2020-04-14 09:00:00,2020-04-14 14:00:00,-111.70640366054499,63.302768119270006,157.970975,159.41967,SHORT,stop_loss,-1.11706403660545,1.0,20.0
2020-04-14 18:00:00,2020-04-14 23:00:00,134.48157291642215,62.274383799642884,160.57967,158.09901,SHORT,signal_reverse,1.3448157291642215,1.0,20.0
2020-04-14 23:00:00,2020-04-15 02:00:00,86.32957157669755,63.25150296640061,158.09901000000002,159.78007000000002,LONG,signal_reverse,0.8632957157669754,1.0,20.0
2020-04-15 02:00:00,2020-04-15 08:00:00,48.89282249031682,62.58602840767311,159.78007000000002,158.67929999999998,SHORT,signal_reverse,0.4889282249031682,1.0,20.0
2020-04-15 08:00:00,2020-04-15 12:00:00,-182.4276134316184,63.02019229981479,158.67929999999998,156.10191,LONG,stop_loss,-1.824276134316184,1.0,20.0
2020-04-15 22:00:00,2020-04-15 23:00:00,-197.04119835381007,64.28067720593366,155.567745,152.813555,LONG,stop_loss,-1.9704119835381007,1.0,20.0
2020-04-16 06:00:00,2020-04-16 07:00:00,-618.2987635793195,64.33257781153952,155.44224,164.74232999999998,SHORT,stop_loss,-6.182987635793195,1.0,20.000000000000004
2020-04-17 04:00:00,2020-04-17 19:00:00,63.1216743701782,58.96408765707407,169.594755,171.004455,LONG,signal_reverse,0.631216743701782,1.0,20.0
2020-04-17 19:00:00,2020-04-17 23:00:00,-23.56920525842298,58.478008657727656,171.004455,171.06548999999998,SHORT,stop_loss,-0.2356920525842298,1.0,20.0
2020-04-18 00:00:00,2020-04-18 10:00:00,-21.892227808935587,57.91943094390775,172.65363000000002,172.6863,SHORT,signal_reverse,-0.21892227808935588,1.0,20.0
2020-04-18 10:00:00,2020-04-18 11:00:00,51.6151194391232,57.908473341544756,172.6863,173.92299500000001,LONG,signal_reverse,0.5161511943912319,1.0,20.0
2020-04-18 11:00:00,2020-04-18 12:00:00,-311.30449369274135,57.496709966384834,173.922995,178.98945,SHORT,stop_loss,-3.113044936927414,1.0,19.999999999999996
2020-04-19 05:00:00,2020-04-19 14:00:00,-67.63256357305332,55.37704304255429,180.58024500000002,179.72009500000001,LONG,stop_loss,-0.6763256357305332,1.0,20.0
2020-04-19 21:00:00,2020-04-19 23:00:00,138.07445782532716,54.54398136210339,183.338285,180.44017499999998,SHORT,signal_reverse,1.3807445782532715,1.0,20.0
2020-04-19 23:00:00,2020-04-20 02:00:00,159.44673352262254,55.420030489329775,180.44017499999998,183.67811500000002,LONG,signal_reverse,1.5944673352262253,1.0,20.0
2020-04-20 02:00:00,2020-04-20 04:00:00,-53.97192964442127,54.44306742803844,183.67811500000002,184.302105,SHORT,stop_loss,-0.5397192964442127,1.0,20.0
2020-04-20 08:00:00,2020-04-20 10:00:00,-124.76747807276611,54.80918237963711,182.45118000000002,180.539685,LONG,stop_loss,-1.2476747807276611,1.0,20.0
2020-04-20 13:00:00,2020-04-20 17:00:00,-302.60711672906046,55.89108370380039,178.91941500000001,173.863025,LONG,stop_loss,-3.0260711672906044,1.0,20.0
2020-04-20 23:00:00,2020-04-21 05:00:00,179.82733772450968,58.638911696982255,170.535225,173.94298500000002,LONG,signal_reverse,1.798273377245097,1.0,20.0
2020-04-21 05:00:00,2020-04-21 09:00:00,139.6755971504111,57.49010228840215,173.942985,171.16554,SHORT,signal_reverse,1.3967559715041111,1.0,20.0
2020-04-21 09:00:00,2020-04-21 17:00:00,68.1065195716368,58.42297462444835,171.16554000000002,172.67362,LONG,signal_reverse,0.681065195716368,1.0,20.0
2020-04-21 17:00:00,2020-04-21 23:00:00,77.7665262360292,57.91272575393971,172.67362,170.98545,SHORT,signal_reverse,0.777665262360292,1.0,19.999999999999996
2020-04-21 23:00:00,2020-04-22 05:00:00,163.4919286991971,58.48450847718328,170.98545000000001,174.12289500000003,LONG,signal_reverse,1.634919286991971,1.0,20.0
2020-04-22 05:00:00,2020-04-22 13:00:00,-386.82798089245944,57.43070145944908,174.122895,180.51020999999997,SHORT,stop_loss,-3.868279808924594,1.0,20.0
2020-04-22 22:00:00,2020-04-23 01:00:00,-251.14479068280883,54.845973584314365,182.32879,186.54322499999998,SHORT,stop_loss,-2.511447906828088,1.0,20.000000000000004
2020-04-23 06:00:00,2020-04-23 11:00:00,231.06493043053712,55.80994192166299,179.179545,183.67811500000002,LONG,signal_reverse,2.3106493043053713,1.0,20.0
2020-04-23 11:00:00,2020-04-23 13:00:00,-148.20552954825118,54.44306742803844,183.67811500000002,186.03296999999998,SHORT,stop_loss,-1.4820552954825117,1.0,20.0
2020-04-23 23:00:00,2020-04-24 04:00:00,138.92592206858504,53.82338448438678,185.79285,188.74558000000002,LONG,signal_reverse,1.3892592206858505,1.0,20.0
2020-04-24 04:00:00,2020-04-24 05:00:00,85.55214061171723,52.98137312672434,188.74558,186.75332999999998,SHORT,signal_reverse,0.8555214061171724,1.0,19.999999999999996
2020-04-24 05:00:00,2020-04-24 07:00:00,120.39562239666665,53.54656862075766,186.75333,189.375265,LONG,signal_reverse,1.2039562239666666,1.0,20.0
2020-04-24 07:00:00,2020-04-24 11:00:00,142.22604361768285,52.80520663561843,189.375265,186.303105,SHORT,signal_reverse,1.4222604361768283,1.0,20.0
2020-04-24 11:00:00,2020-04-24 18:00:00,95.00747666014374,53.67597067155697,186.30310500000002,188.44573,LONG,signal_reverse,0.9500747666014374,1.0,20.0
2020-04-24 18:00:00,2020-04-24 22:00:00,68.74650542625758,53.065675725313596,188.44573,186.77334,SHORT,signal_reverse,0.6874650542625759,1.0,20.0
2020-04-24 22:00:00,2020-04-25 05:00:00,360.12250570664906,53.540831898171334,186.77334000000002,193.873015,LONG,signal_reverse,3.6012250570664905,1.0,20.0
2020-04-25 05:00:00,2020-04-25 07:00:00,-80.57882784770135,51.580154153996105,193.873015,195.047475,SHORT,stop_loss,-0.8057882784770135,1.0,20.0
2020-04-25 12:00:00,2020-04-25 15:00:00,27.630230908174653,51.43431267350723,194.42274,193.4967,SHORT,stop_loss,0.2763023090817465,1.0,20.000000000000004
2020-04-25 21:00:00,2020-04-26 00:00:00,103.9428427415871,51.73932342245897,193.27659,195.67211500000002,LONG,signal_reverse,1.039428427415871,1.0,20.0
2020-04-26 00:00:00,2020-04-26 05:00:00,119.81016150410706,51.105902340760196,195.67211500000002,192.93642,SHORT,signal_reverse,1.1981016150410706,1.0,20.0
2020-04-26 05:00:00,2020-04-26 09:00:00,117.13014888531765,51.83054604205883,192.93642,195.58216000000002,LONG,signal_reverse,1.1713014888531765,1.0,20.0
2020-04-26 09:00:00,2020-04-26 13:00:00,-215.69755237389597,51.12940771285069,195.58216000000002,199.409655,SHORT,stop_loss,-2.15697552373896,1.0,19.999999999999996
2020-04-26 15:00:00,2020-04-26 20:00:00,118.77149640772,51.502048223582335,194.167035,196.86152,LONG,signal_reverse,1.1877149640772,1.0,19.999999999999996
2020-04-26 20:00:00,2020-04-27 05:00:00,21.325750202479043,50.79712886500114,196.86152,196.04797499999998,SHORT,signal_reverse,0.21325750202479044,1.0,20.0
2020-04-27 05:00:00,2020-04-27 13:00:00,-97.29179554137016,51.00792293314941,196.04797499999998,194.53268500000001,LONG,stop_loss,-0.9729179554137016,1.0,20.000000000000004
2020-04-27 21:00:00,2020-04-28 01:00:00,44.92633109007221,51.297182635616416,194.94248,193.67679,SHORT,signal_reverse,0.4492633109007221,1.0,20.0
2020-04-28 01:00:00,2020-04-28 06:00:00,80.44311453117281,51.63241294942982,193.67679,195.62214,LONG,signal_reverse,0.8044311453117282,1.0,20.0
2020-04-28 06:00:00,2020-04-28 08:00:00,48.75755474303751,51.11895821198971,195.62214,194.27709,SHORT,signal_reverse,0.48757554743037507,1.0,20.0
2020-04-28 08:00:00,2020-04-28 09:00:00,70.8413853635543,51.47287310099198,194.27709000000002,196.04193,LONG,signal_reverse,0.708413853635543,1.0,20.0
2020-04-28 09:00:00,2020-04-28 14:00:00,42.46469824083042,51.00949577470494,196.04192999999998,194.81735999999998,SHORT,signal_reverse,0.42464698240830423,1.0,20.0
2020-04-28 14:00:00,2020-04-28 18:00:00,86.97917269795622,51.33012786950814,194.81736,196.9015,LONG,signal_reverse,0.8697917269795621,1.0,20.0
2020-04-28 18:00:00,2020-04-29 06:00:00,-471.56309119026525,50.78681472716054,196.9015,205.792845,SHORT,stop_loss,-4.715630911902653,1.0,20.0
2020-04-30 08:00:00,2020-04-30 09:00:00,-510.68177026690654,46.02174463003326,217.28859,206.626635,LONG,stop_loss,-5.1068177026690655,1.0,19.999999999999996
2020-04-30 15:00:00,2020-04-30 16:00:00,-68.85541669447598,47.99981990467572,208.334115,207.31629,LONG,stop_loss,-0.6885541669447598,1.0,20.0
2020-04-30 23:00:00,2020-05-01 04:00:00,248.78232798721078,48.42305362506964,206.513205,212.063915,LONG,signal_reverse,2.487823279872108,1.0,20.0
2020-05-01 04:00:00,2020-05-01 10:00:00,-172.48610306944457,47.15559457628612,212.06391499999998,215.29759499999997,SHORT,stop_loss,-1.7248610306944456,1.0,20.0
2020-05-01 13:00:00,2020-05-01 21:00:00,41.017259354400075,47.36519049734918,211.12551000000002,212.41374000000002,LONG,signal_reverse,0.4101725935440007,1.0,20.0
2020-05-01 21:00:00,2020-05-02 07:00:00,30.284882701091828,47.07793384740554,212.41374000000002,211.34562,SHORT,signal_reverse,0.30284882701091825,1.0,20.0
2020-05-02 07:00:00,2020-05-02 12:00:00,37.63284803347187,47.31586109993668,211.34562,212.563665,LONG,signal_reverse,0.3763284803347187,1.0,20.0
2020-05-02 12:00:00,2020-05-03 00:00:00,-259.6980688115255,47.04472892862475,212.563665,217.658775,SHORT,stop_loss,-2.5969806881152553,1.0,20.0
2020-05-03 00:00:00,2020-05-03 06:00:00,133.3391379670531,45.989439215125834,217.441225,214.107,SHORT,signal_reverse,1.333391379670531,1.0,20.0
2020-05-03 06:00:00,2020-05-03 12:00:00,-77.61091416908319,46.70561915304031,214.107,212.87351,LONG,stop_loss,-0.7761091416908318,1.0,20.000000000000004
2020-05-03 12:00:00,2020-05-03 14:00:00,-265.4623003081973,46.92930086745528,213.08649,207.85602000000003,LONG,stop_loss,-2.6546230030819733,1.0,20.000000000000004
2020-05-04 00:00:00,2020-05-04 01:00:00,-226.56538852674962,48.085261708604946,207.96393,203.66811500000003,LONG,stop_loss,-2.265653885267496,1.0,20.0
2020-05-04 09:00:00,2020-05-04 13:00:00,315.3360248981683,50.21857257072112,199.129515,205.80704500000002,LONG,signal_reverse,3.1533602489816834,1.0,20.0
2020-05-04 13:00:00,2020-05-04 22:00:00,-86.88279305501936,48.58920159900261,205.807045,207.18354,SHORT,stop_loss,-0.8688279305501936,1.0,20.0
2020-05-05 04:00:00,2020-05-05 09:00:00,117.28507110698287,47.6428690535744,209.895,207.013455,SHORT,signal_reverse,1.1728507110698287,1.0,20.0
2020-05-05 09:00:00,2020-05-05 10:00:00,-210.08643665214777,48.30603885143601,207.013455,203.07841000000002,LONG,stop_loss,-2.1008643665214777,1.0,20.0
2020-05-05 14:00:00,2020-05-05 22:00:00,24.359713187866625,48.992708684626365,204.11200499999998,205.01744000000002,LONG,signal_reverse,0.24359713187866622,1.0,20.0
2020-05-05 22:00:00,2020-05-06 00:00:00,92.97282806770089,48.77633824712668,205.01744,202.70129999999997,SHORT,signal_reverse,0.9297282806770089,1.0,20.0
2020-05-06 00:00:00,2020-05-06 03:00:00,183.51300164330485,49.33367472236241,202.7013,206.826535,LONG,signal_reverse,1.8351300164330484,1.0,20.0
2020-05-06 03:00:00,2020-05-06 10:00:00,-125.78526589927115,48.34969555526325,206.826535,209.014455,SHORT,stop_loss,-1.2578526589927115,1.0,20.0
2020-05-06 18:00:00,2020-05-06 20:00:00,-108.62227505272008,48.26172138459983,207.20355,205.367265,LONG,stop_loss,-1.0862227505272009,1.0,20.0
2020-05-06 22:00:00,2020-05-06 23:00:00,-352.7542369805225,48.5595029818327,205.932915,199.08041000000003,LONG,stop_loss,-3.5275423698052246,1.0,20.0
2020-05-07 01:00:00,2020-05-07 12:00:00,191.76418499511226,49.30447167891982,202.82136,207.11639000000002,LONG,signal_reverse,1.9176418499511225,1.0,20.0
2020-05-07 12:00:00,2020-05-07 18:00:00,-315.0114184589646,48.2820311806323,207.11639,213.22656,SHORT,stop_loss,-3.150114184589646,1.0,20.0
2020-05-08 05:00:00,2020-05-08 06:00:00,-146.15233838161447,47.43487494067973,210.815355,208.15587,LONG,stop_loss,-1.4615233838161446,1.0,20.000000000000004
2020-05-08 08:00:00,2020-05-08 10:00:00,94.5281984348113,47.733905624674655,209.49469499999998,211.894,LONG,signal_reverse,0.945281984348113,1.0,20.0
2020-05-08 10:00:00,2020-05-08 16:00:00,-150.408364559638,47.1934080247671,211.894,214.657275,SHORT,stop_loss,-1.5040836455963797,1.0,20.0
2020-05-08 16:00:00,2020-05-08 23:00:00,105.2968595693809,46.632498257984736,214.44272500000002,211.755825,SHORT,signal_reverse,1.052968595693809,1.0,20.0
2020-05-08 23:00:00,2020-05-09 03:00:00,76.6783322253346,47.224202687222416,211.75582500000002,213.803045,LONG,signal_reverse,0.766783322253346,1.0,20.0
2020-05-09 03:00:00,2020-05-09 07:00:00,112.25302754691789,46.772018611802274,213.803045,210.975435,SHORT,signal_reverse,1.122530275469179,1.0,19.999999999999996
2020-05-09 07:00:00,2020-05-09 14:00:00,59.54409478999225,47.39888319225411,210.975435,212.65362,LONG,signal_reverse,0.5954409478999225,1.0,20.0
2020-05-09 14:00:00,2020-05-09 18:00:00,39.62654197939327,47.02482845107457,212.65362,211.38564,SHORT,signal_reverse,0.39626541979393265,1.0,20.0
2020-05-09 18:00:00,2020-05-10 00:00:00,-920.8114269256882,47.30690315576782,211.38564,192.34378,LONG,stop_loss,-9.208114269256882,1.0,20.0
2020-05-10 11:00:00,2020-05-10 14:00:00,-149.976099181761,52.6496128252772,189.93492,187.46622000000002,LONG,stop_loss,-1.49976099181761,1.0,20.0
2020-05-10 14:00:00,2020-05-10 16:00:00,-406.0316589412698,53.28962731259663,187.65378,180.40975,LONG,stop_loss,-4.0603165894126985,1.0,20.0
2020-05-10 21:00:00,2020-05-11 08:00:00,117.67578623006303,52.90572947623407,189.015445,186.41315999999998,SHORT,signal_reverse,1.1767578623006303,1.0,20.0
2020-05-11 08:00:00,2020-05-11 11:00:00,115.30831192390038,53.64428133721889,186.41316,188.935485,LONG,signal_reverse,1.1530831192390039,1.0,20.0
2020-05-11 11:00:00,2020-05-11 12:00:00,51.545056768981574,52.92811988176811,188.935485,187.583745,SHORT,stop_loss,0.5154505676898158,1.0,20.0
2020-05-11 16:00:00,2020-05-11 18:00:00,-42.5103963079181,54.441976680378154,183.681795,183.26832000000002,LONG,stop_loss,-0.425103963079181,1.0,20.0
2020-05-11 19:00:00,2020-05-12 09:00:00,-165.71577221757275,53.40273552842607,187.256325,189.98494499999998,SHORT,stop_loss,-1.6571577221757277,1.0,20.0
2020-05-12 19:00:00,2020-05-13 00:00:00,56.975441472532516,52.735727846518365,189.624765,191.08441000000002,LONG,signal_reverse,0.5697544147253252,1.0,20.000000000000004
2020-05-13 00:00:00,2020-05-13 12:00:00,-169.80369146807809,52.33289309159234,191.08441000000002,193.946925,SHORT,stop_loss,-1.6980369146807808,1.0,20.0
2020-05-14 03:00:00,2020-05-14 08:00:00,-162.11878358509736,50.208272701614014,199.170365,202.00095,SHORT,stop_loss,-1.6211878358509735,1.0,20.0
2020-05-14 15:00:00,2020-05-14 16:00:00,132.2124698712992,49.43183053977582,202.2988,199.21956,SHORT,signal_reverse,1.322124698712992,1.0,20.0
2020-05-14 16:00:00,2020-05-14 17:00:00,-85.68456430683752,50.195874340852875,199.21956,197.910995,LONG,stop_loss,-0.8568456430683751,1.0,20.0
2020-05-14 19:00:00,2020-05-15 02:00:00,157.87009753095492,49.15738466688265,203.428235,199.809855,SHORT,signal_reverse,1.5787009753095493,1.0,20.0
2020-05-15 02:00:00,2020-05-15 15:00:00,-115.53357615919339,50.047581486909145,199.809855,197.901,LONG,stop_loss,-1.1553357615919337,1.0,20.0
2020-05-15 15:00:00,2020-05-15 19:00:00,-193.46781154877036,50.47981059975063,198.099,194.66262,LONG,stop_loss,-1.9346781154877035,1.0,20.0
2020-05-15 23:00:00,2020-05-16 02:00:00,203.5602474171402,51.35650240854292,194.71731,199.070415,LONG,signal_reverse,2.035602474171402,1.0,19.999999999999996
2020-05-16 02:00:00,2020-05-16 05:00:00,-100.86962595622342,50.23348145428842,199.070415,200.68029,SHORT,stop_loss,-1.0086962595622342,1.0,20.0
2020-05-16 08:00:00,2020-05-16 12:00:00,-120.34710698655297,49.88782099850723,200.449725,202.46118,SHORT,stop_loss,-1.2034710698655298,1.0,20.0
2020-05-16 12:00:00,2020-05-16 17:00:00,165.38697101070966,49.44160160728714,202.25882000000001,198.50920499999998,SHORT,signal_reverse,1.6538697101070965,1.0,20.000000000000004
2020-05-16 17:00:00,2020-05-16 21:00:00,122.06293355514765,50.37549770047187,198.509205,201.32928500000003,LONG,signal_reverse,1.2206293355514766,1.0,20.0
2020-05-16 21:00:00,2020-05-17 12:00:00,-314.25873141108036,49.66987291491151,201.329285,207.25357499999998,SHORT,stop_loss,-3.1425873141108034,1.0,20.0
2020-05-17 12:00:00,2020-05-18 01:00:00,-381.30954688060757,48.29834661477492,207.046425,214.52720999999997,SHORT,stop_loss,-3.8130954688060754,1.0,20.0
2020-05-18 09:00:00,2020-05-18 19:00:00,74.27490448721979,47.419121827263616,210.88539,212.87351,LONG,signal_reverse,0.7427490448721978,1.0,20.0
2020-05-18 19:00:00,2020-05-19 00:00:00,14.174754763990544,46.97625364471136,212.87350999999998,212.14602,SHORT,signal_reverse,0.14174754763990544,1.0,20.0
2020-05-19 00:00:00,2020-05-19 08:00:00,81.6646458887143,47.13734436309481,212.14602,214.302795,LONG,signal_reverse,0.816646458887143,1.0,19.999999999999996
2020-05-19 08:00:00,2020-05-19 12:00:00,127.79461929089656,46.66294716314829,214.302795,211.135515,SHORT,signal_reverse,1.2779461929089657,1.0,20.0
2020-05-19 12:00:00,2020-05-19 16:00:00,78.88530596096172,47.36294602071092,211.135515,213.22333500000002,LONG,signal_reverse,0.7888530596096172,1.0,20.000000000000004
2020-05-19 16:00:00,2020-05-19 19:00:00,59.14799756790401,46.89918202433144,213.22333500000002,211.53571499999998,SHORT,signal_reverse,0.5914799756790401,1.0,20.000000000000004
2020-05-19 19:00:00,2020-05-19 22:00:00,60.2519328710054,47.27334105259719,211.535715,213.23333000000002,LONG,signal_reverse,0.602519328710054,1.0,20.0
2020-05-19 22:00:00,2020-05-20 11:00:00,-4.667969120962263,46.896983693871874,213.23333,212.9064,SHORT,signal_reverse,-0.04667969120962263,1.0,20.0
2020-05-20 11:00:00,2020-05-20 13:00:00,45.11781703133438,46.96899670465519,212.90640000000002,214.29280000000003,LONG,signal_reverse,0.4511781703133438,1.0,20.0
2020-05-20 13:00:00,2020-05-20 15:00:00,265.0660404829276,46.665123606579414,214.2928,208.18404,SHORT,signal_reverse,2.6506604048292757,1.0,20.000000000000004
2020-05-20 15:00:00,2020-05-21 00:00:00,113.07600332859352,48.03442185097378,208.18404,210.95447000000001,LONG,signal_reverse,1.1307600332859353,1.0,20.0
2020-05-21 00:00:00,2020-05-21 02:00:00,44.93012449558582,47.40359377073167,210.95447000000001,209.58473999999998,SHORT,signal_reverse,0.4493012449558582,1.0,20.000000000000004
2020-05-21 02:00:00,2020-05-21 08:00:00,-176.40189261870825,47.713397454413915,209.58473999999998,206.306795,LONG,stop_loss,-1.7640189261870824,1.0,20.000000000000004
2020-05-21 12:00:00,2020-05-21 14:00:00,-335.836211242785,48.49353499951785,206.21305500000003,199.70010000000002,LONG,stop_loss,-3.3583621124278498,1.0,20.0
2020-05-22 03:00:00,2020-05-22 06:00:00,118.57976346581462,50.73347798969913,197.10850499999998,199.84003,LONG,signal_reverse,1.1857976346581462,1.0,20.0
2020-05-22 06:00:00,2020-05-22 10:00:00,-186.20794142194708,50.04002451360721,199.84002999999998,203.16153,SHORT,stop_loss,-1.8620794142194708,1.0,19.999999999999996
2020-05-22 14:00:00,2020-05-22 16:00:00,-261.41036137073917,49.21057744946449,203.208345,208.114005,SHORT,stop_loss,-2.6141036137073916,1.0,20.0
2020-05-23 00:00:00,2020-05-23 08:00:00,47.54740354395408,47.84793161765005,208.99545,207.58373999999998,SHORT,signal_reverse,0.4754740354395408,1.0,20.0
2020-05-23 08:00:00,2020-05-23 20:00:00,-3.5129186900646405,48.173329953492505,207.58373999999998,207.92598500000003,LONG,signal_reverse,-0.035129186900646404,1.0,20.0
2020-05-23 20:00:00,2020-05-23 23:00:00,43.615665930354716,48.094036923764,207.925985,206.60325,SHORT,signal_reverse,0.43615665930354713,1.0,20.0
2020-05-23 23:00:00,2020-05-24 02:00:00,92.40070037620447,48.40194914649213,206.60325,208.925485,LONG,signal_reverse,0.9240070037620446,1.0,20.0
2020-05-24 02:00:00,2020-05-24 11:00:00,109.34874843057108,47.86395494068136,208.925485,206.22306,SHORT,signal_reverse,1.0934874843057107,1.0,20.0
2020-05-24 11:00:00,2020-05-24 16:00:00,-133.22957772035693,48.49118231491667,206.22306,203.88800500000002,LONG,stop_loss,-1.3322957772035693,1.0,20.0
2020-05-24 21:00:00,2020-05-24 23:00:00,323.92069241402396,48.32634159904663,206.926485,199.809855,SHORT,signal_reverse,3.2392069241402393,1.0,19.999999999999996
2020-05-24 23:00:00,2020-05-25 07:00:00,189.60402578741696,50.047581486909145,199.809855,203.99795,LONG,signal_reverse,1.8960402578741695,1.0,20.0
2020-05-25 07:00:00,2020-05-25 10:00:00,87.70206269229836,49.02010044708783,203.99795,201.80084999999997,SHORT,signal_reverse,0.8770206269229835,1.0,20.0
2020-05-25 10:00:00,2020-05-25 13:00:00,64.11015117131568,49.5538051499783,201.80085,203.4982,LONG,signal_reverse,0.6411015117131569,1.0,19.999999999999996
2020-05-25 13:00:00,2020-05-26 00:00:00,-6.897427102548919,49.140483797891086,203.4982,203.231565,SHORT,signal_reverse,-0.0689742710254892,1.0,20.0
2020-05-26 00:00:00,2020-05-26 13:00:00,-118.51963694714298,49.20495494880434,203.231565,201.22933500000002,LONG,stop_loss,-1.1851963694714298,1.0,20.0
2020-05-26 19:00:00,2020-05-26 20:00:00,112.46138529449883,50.185792823612296,199.25958,201.899,LONG,signal_reverse,1.1246138529449883,1.0,20.0
2020-05-26 20:00:00,2020-05-27 10:00:00,-242.59372260387497,49.52971535272587,201.899,206.39314499999998,SHORT,stop_loss,-2.4259372260387497,1.0,20.000000000000004
2020-05-27 21:00:00,2020-05-27 23:00:00,113.0599616659459,48.6824923225884,205.412655,208.14587500000002,LONG,signal_reverse,1.1305996166594592,1.0,20.0
2020-05-27 23:00:00,2020-05-28 07:00:00,132.94297809168586,48.04322929772209,208.145875,204.96243,SHORT,signal_reverse,1.3294297809168585,1.0,20.0
2020-05-28 07:00:00,2020-05-28 11:00:00,107.03474485543524,48.78942936029788,204.96243,207.566165,LONG,signal_reverse,1.0703474485543523,1.0,20.0
2020-05-28 11:00:00,2020-05-28 13:00:00,-105.68135370232467,48.17740887586376,207.56616499999998,209.34462,SHORT,stop_loss,-1.0568135370232468,1.0,20.000000000000004
2020-05-28 22:00:00,2020-05-28 23:00:00,-189.93581755783708,46.19967907854925,216.45172,220.13001,SHORT,stop_loss,-1.8993581755783708,1.0,20.0
2020-05-29 10:00:00,2020-05-29 16:00:00,135.8180102979246,45.82761347432657,218.20905,221.60914000000002,LONG,signal_reverse,1.358180102979246,1.0,20.0
2020-05-29 16:00:00,2020-05-29 21:00:00,96.85822164194143,45.12449260892398,221.60914,219.019455,SHORT,signal_reverse,0.9685822164194143,1.0,20.0
2020-05-29 21:00:00,2020-05-30 03:00:00,122.42661685008848,45.65804439610171,219.019455,222.138875,LONG,signal_reverse,1.2242661685008849,1.0,20.0
2020-05-30 03:00:00,2020-05-30 04:00:00,-280.4240252859828,45.01688414510967,222.138875,227.923905,SHORT,stop_loss,-2.8042402528598283,1.0,20.0
2020-05-30 16:00:00,2020-05-30 21:00:00,-184.27893852082946,42.36176857164292,236.06191,239.93990999999997,SHORT,stop_loss,-1.8427893852082946,1.0,20.0
2020-05-30 21:00:00,2020-05-30 22:00:00,-293.38225029452445,41.71879952151875,239.70009,246.253065,SHORT,stop_loss,-2.9338225029452447,1.0,20.0
2020-05-31 02:00:00,2020-05-31 03:00:00,230.1392339229106,41.07649752124903,243.448215,237.35862,SHORT,signal_reverse,2.301392339229106,1.0,20.000000000000004
2020-05-31 03:00:00,2020-05-31 14:00:00,-170.63998939663412,42.13034268567959,237.35862,233.78305000000003,LONG,stop_loss,-1.7063998939663414,1.0,20.0
2020-05-31 14:00:00,2020-05-31 23:00:00,-138.9069851564169,42.731947408083045,234.01695,231.234325,LONG,stop_loss,-1.389069851564169,1.0,20.0
2020-06-01 01:00:00,2020-06-01 04:00:00,-146.59197050101028,42.22054479997732,236.851515,239.84986499999997,SHORT,stop_loss,-1.4659197050101027,1.0,20.0
2020-06-01 07:00:00,2020-06-01 20:00:00,-175.68598794217345,41.96201191649803,238.310785,242.02095,SHORT,stop_loss,-1.7568598794217345,1.0,20.0
2020-06-01 20:00:00,2020-06-01 22:00:00,-199.66610423855906,41.36007648305343,241.77905,246.123,SHORT,stop_loss,-1.9966610423855904,1.0,20.0
2020-06-02 14:00:00,2020-06-02 15:00:00,-55.599457853303015,42.695439977576356,234.21705,233.38325,LONG,stop_loss,-0.5559945785330301,1.0,20.0
2020-06-03 01:00:00,2020-06-03 05:00:00,-51.92880843820554,42.20149678580741,236.95842,236.20184,LONG,stop_loss,-0.5192880843820554,1.0,20.000000000000004
2020-06-03 09:00:00,2020-06-03 18:00:00,-195.80741436426308,42.06080002207351,237.751065,241.930905,SHORT,stop_loss,-1.9580741436426308,1.0,20.0
2020-06-03 18:00:00,2020-06-03 23:00:00,-140.94670634601832,41.37547041582493,241.689095,244.612245,SHORT,stop_loss,-1.4094670634601834,1.0,20.000000000000004
2020-06-04 09:00:00,2020-06-04 11:00:00,80.90813393353352,41.557533985075985,240.63025499999998,243.05841,LONG,stop_loss,0.8090813393353352,1.0,20.0
2020-06-04 13:00:00,2020-06-04 18:00:00,152.7607942522036,40.86676946838749,244.69759,240.47017499999998,SHORT,signal_reverse,1.5276079425220361,1.0,20.0
2020-06-04 18:00:00,2020-06-05 00:00:00,112.57091030103997,41.58519866341013,240.47017499999998,243.65811000000002,LONG,signal_reverse,1.1257091030103998,1.0,20.0
2020-06-05 00:00:00,2020-06-05 08:00:00,-135.5334004683848,41.041112893800246,243.65811,246.47317499999997,SHORT,stop_loss,-1.355334004683848,1.0,19.999999999999996
2020-06-05 08:00:00,2020-06-05 10:00:00,116.27475397938429,40.61295920946063,246.226825,242.871375,SHORT,signal_reverse,1.162747539793843,1.0,20.0
2020-06-05 10:00:00,2020-06-05 15:00:00,-72.79461196281241,41.17405766735582,242.871375,241.58914500000003,LONG,stop_loss,-0.7279461196281242,1.0,20.0
2020-06-05 20:00:00,2020-06-06 09:00:00,22.568722681786905,41.409464717034524,241.490685,242.51868,LONG,signal_reverse,0.22568722681786907,1.0,19.999999999999996
2020-06-06 09:00:00,2020-06-06 16:00:00,43.015558224215894,41.233937113627704,242.51868,240.990435,SHORT,signal_reverse,0.43015558224215894,1.0,20.0
2020-06-06 16:00:00,2020-06-06 20:00:00,26.825302423311015,41.4954228370101,240.990435,242.11888000000002,LONG,signal_reverse,0.26825302423311015,1.0,19.999999999999996
2020-06-06 20:00:00,2020-06-07 08:00:00,-18.434653257935274,41.3020248565498,242.11888000000002,242.08097999999998,SHORT,signal_reverse,-0.18434653257935274,1.0,19.999999999999996
2020-06-07 08:00:00,2020-06-07 11:00:00,-166.6577423802556,41.30849106774105,242.08098,238.53067500000003,LONG,stop_loss,-1.666577423802556,1.0,20.0
2020-06-07 19:00:00,2020-06-08 12:00:00,-46.51975606281191,41.266250778513616,242.32877499999998,242.97142499999998,SHORT,signal_reverse,-0.4651975606281191,1.0,20.0
2020-06-08 12:00:00,2020-06-08 23:00:00,109.86918111872745,41.15710314494802,242.97142499999998,246.126875,LONG,signal_reverse,1.0986918111872745,1.0,20.0
2020-06-08 23:00:00,2020-06-09 00:00:00,64.30245579642683,40.62945178172843,246.126875,244.051965,SHORT,stop_loss,0.6430245579642682,1.0,20.0
2020-06-09 10:00:00,2020-06-09 12:00:00,24.414993361546312,41.240313990553815,242.48118000000002,243.55816000000002,LONG,signal_reverse,0.2441499336154631,1.0,19.999999999999996
2020-06-09 12:00:00,2020-06-09 18:00:00,9.019557382106514,41.057955110188054,243.55816000000002,242.851365,SHORT,signal_reverse,0.09019557382106515,1.0,20.0
2020-06-09 18:00:00,2020-06-09 21:00:00,47.37989716467286,41.17745024822076,242.851365,244.48769500000003,LONG,signal_reverse,0.47379897164672863,1.0,20.0
2020-06-09 21:00:00,2020-06-10 03:00:00,11.735748500553658,40.90185397674103,244.487695,243.711795,SHORT,signal_reverse,0.11735748500553658,1.0,19.999999999999996
2020-06-10 03:00:00,2020-06-10 05:00:00,2.4041269730097072,41.032072329531694,243.711795,244.25781,LONG,signal_reverse,0.024041269730097074,1.0,20.0
2020-06-10 05:00:00,2020-06-10 07:00:00,12.184641301747117,40.940349051684365,244.25781,243.47167499999998,SHORT,signal_reverse,0.12184641301747118,1.0,20.0
2020-06-10 07:00:00,2020-06-10 18:00:00,50.877443957289586,41.072539546951404,243.471675,245.19734,LONG,signal_reverse,0.5087744395728958,1.0,20.0
2020-06-10 18:00:00,2020-06-11 00:00:00,-184.24362515515043,40.78347668861335,245.19734,249.22455,SHORT,stop_loss,-1.8424362515515043,1.0,20.000000000000004
2020-06-11 06:00:00,2020-06-11 12:00:00,-165.14270670570033,40.48362630625228,247.013445,243.42822500000003,LONG,stop_loss,-1.6514270670570035,1.0,20.000000000000004
2020-06-12 07:00:00,2020-06-12 14:00:00,-76.78867645923506,42.50935801007233,235.24232,236.57823,SHORT,stop_loss,-0.7678867645923506,1.0,20.0
2020-06-12 17:00:00,2020-06-12 20:00:00,77.88108241602302,42.492145645568506,235.33761,237.64112,LONG,signal_reverse,0.7788108241602302,1.0,20.0
2020-06-12 20:00:00,2020-06-13 02:00:00,39.88315490181262,42.080259510643614,237.64112,236.21804999999998,SHORT,signal_reverse,0.3988315490181262,1.0,20.0
2020-06-13 02:00:00,2020-06-13 08:00:00,-3.338064131847603,42.3337674661187,236.21805,236.611635,LONG,signal_reverse,-0.03338064131847603,1.0,20.0
2020-06-13 08:00:00,2020-06-13 10:00:00,5.0911160814215055,42.263348545814324,236.61163499999998,236.01794999999998,SHORT,signal_reverse,0.05091116081421506,1.0,19.999999999999996
2020-06-13 10:00:00,2020-06-13 14:00:00,54.27846060013556,42.36965874841299,236.01795,237.771055,LONG,signal_reverse,0.5427846060013556,1.0,20.0
2020-06-13 14:00:00,2020-06-14 05:00:00,33.53321917169422,42.05726386670573,237.771055,236.49819,SHORT,signal_reverse,0.3353321917169422,1.0,20.0
2020-06-14 05:00:00,2020-06-14 21:00:00,-192.28292529426918,42.28362170551918,236.49819,232.42373,LONG,stop_loss,-1.9228292529426916,1.0,19.999999999999996
2020-06-15 12:00:00,2020-06-15 15:00:00,127.06643623655815,44.8971453541938,222.73131,226.00694000000001,LONG,signal_reverse,1.2706643623655816,1.0,20.0
2020-06-15 15:00:00,2020-06-15 16:00:00,-100.39200035184736,44.24642889284727,226.00694000000001,227.823855,SHORT,stop_loss,-1.0039200035184734,1.0,20.0
2020-06-16 02:00:00,2020-06-16 03:00:00,-141.96500122866738,43.37366151320339,230.554665,233.366625,SHORT,stop_loss,-1.4196500122866738,1.0,20.0
2020-06-16 07:00:00,2020-06-16 14:00:00,3.088054267141685,42.95651754433311,232.793545,232.25606999999997,SHORT,signal_reverse,0.03088054267141685,1.0,20.0
2020-06-16 14:00:00,2020-06-16 21:00:00,76.73030289369986,43.05592529831406,232.25607,234.50269000000003,LONG,signal_reverse,0.7673030289369986,1.0,20.0
2020-06-16 21:00:00,2020-06-17 01:00:00,46.36491035561253,42.64343406892262,234.50269,232.946415,SHORT,signal_reverse,0.4636491035561253,1.0,20.0
2020-06-17 01:00:00,2020-06-17 06:00:00,30.503674847282255,42.92832752974541,232.946415,234.12288,LONG,signal_reverse,0.3050367484728225,1.0,20.0
2020-06-17 06:00:00,2020-06-17 13:00:00,28.967875331108846,42.712613137169676,234.12288,232.97643,SHORT,signal_reverse,0.28967875331108844,1.0,20.0
2020-06-17 13:00:00,2020-06-17 19:00:00,-185.7268505659572,42.92279695418116,232.97643000000002,229.115385,LONG,stop_loss,-1.857268505659572,1.0,20.000000000000004
2020-06-17 19:00:00,2020-06-17 23:00:00,163.067520464783,43.602506211013505,229.34461499999998,233.54317,LONG,signal_reverse,1.6306752046478301,1.0,20.0
2020-06-17 23:00:00,2020-06-18 13:00:00,60.81589369537176,42.81863605773613,233.54317,231.65577,SHORT,signal_reverse,0.6081589369537176,1.0,19.999999999999996
2020-06-18 13:00:00,2020-06-18 20:00:00,-146.05751197131752,43.16749805109538,231.65577,228.735575,LONG,stop_loss,-1.4605751197131753,1.0,19.999999999999996
2020-06-19 01:00:00,2020-06-19 09:00:00,34.79272545489758,43.79739055585042,228.324105,229.57515500000002,LONG,signal_reverse,0.3479272545489758,1.0,20.0
2020-06-19 09:00:00,2020-06-19 17:00:00,20.98418228226758,43.558720454746066,229.575155,228.63426,SHORT,signal_reverse,0.20984182282267577,1.0,19.999999999999996
2020-06-19 17:00:00,2020-06-20 03:00:00,35.57915948379803,43.73797697685377,228.63426,229.90499000000003,LONG,signal_reverse,0.3557915948379803,1.0,20.0
2020-06-20 03:00:00,2020-06-20 08:00:00,42.23483883494691,43.49622859425539,229.90499,228.47418,SHORT,signal_reverse,0.42234838834946914,1.0,20.0
2020-06-20 08:00:00,2020-06-20 22:00:00,8.06465921006851,43.76862190729823,228.47418000000002,229.115385,LONG,signal_reverse,0.08064659210068512,1.0,20.0
2020-06-20 22:00:00,2020-06-21 13:00:00,-25.201527605838614,43.6461305293837,229.115385,229.23456,SHORT,signal_reverse,-0.25201527605838614,1.0,20.0
2020-06-21 13:00:00,2020-06-21 15:00:00,12.734592899080381,43.62343967680963,229.23456000000002,229.98495,LONG,signal_reverse,0.12734592899080382,1.0,19.999999999999996
2020-06-21 15:00:00,2020-06-21 18:00:00,9.582587904122422,43.48110604628694,229.98495,229.30459499999998,SHORT,signal_reverse,0.09582587904122421,1.0,20.0
2020-06-21 18:00:00,2020-06-22 01:00:00,129.97409886182297,43.6101160554589,229.304595,232.74357000000003,LONG,signal_reverse,1.2997409886182298,1.0,20.000000000000004
2020-06-22 01:00:00,2020-06-22 11:00:00,-173.58233097481408,42.96574122326988,232.74357,236.3181,SHORT,stop_loss,-1.7358233097481408,1.0,20.0
2020-06-22 22:00:00,2020-06-23 05:00:00,47.30821143697137,41.10349821802976,243.288295,241.65076499999998,SHORT,signal_reverse,0.4730821143697137,1.0,20.0
2020-06-23 05:00:00,2020-06-23 07:00:00,72.58112632087098,41.382033282617584,241.650765,243.88799500000002,LONG,signal_reverse,0.7258112632087098,1.0,20.0
2020-06-23 07:00:00,2020-06-23 22:00:00,33.99076736023925,41.00242818429829,243.887995,242.57122499999997,SHORT,signal_reverse,0.33990767360239255,1.0,20.0
2020-06-23 22:00:00,2020-06-24 02:00:00,98.150658636449,41.22500515054908,242.571225,245.43722000000002,LONG,signal_reverse,0.98150658636449,1.0,20.0
2020-06-24 02:00:00,2020-06-24 07:00:00,115.11479636218236,40.743616636466136,245.43722,242.12099999999998,SHORT,signal_reverse,1.1511479636218236,1.0,19.999999999999996
2020-06-24 07:00:00,2020-06-24 10:00:00,-184.79879894763386,41.30166321797779,242.121,238.130875,LONG,stop_loss,-1.8479879894763387,1.0,20.0
2020-06-24 13:00:00,2020-06-24 14:00:00,-161.56924725422863,41.92358751206168,238.529205,235.15236500000003,LONG,stop_loss,-1.6156924725422863,1.0,20.0
2020-06-24 23:00:00,2020-06-25 03:00:00,-244.1549080693013,42.68267710958118,234.287085,229.03542500000003,LONG,stop_loss,-2.4415490806930134,1.0,20.0
2020-06-25 07:00:00,2020-06-25 08:00:00,106.5820321646762,43.24220169053658,231.25556999999998,234.18285000000003,LONG,signal_reverse,1.065820321646762,1.0,20.0
2020-06-25 08:00:00,2020-06-25 12:00:00,77.22979287338995,42.70167520806925,234.18285,231.905895,SHORT,signal_reverse,0.7722979287338996,1.0,20.0
2020-06-25 12:00:00,2020-06-25 21:00:00,69.56456238423908,43.12093920682784,231.905895,233.98295000000002,LONG,signal_reverse,0.6956456238423908,1.0,20.0
2020-06-25 21:00:00,2020-06-25 22:00:00,32.85150050463108,42.73815677595312,233.98295,232.74631499999998,SHORT,signal_reverse,0.32851500504631087,1.0,20.0
2020-06-25 22:00:00,2020-06-26 07:00:00,-208.2115727589495,42.96523448717116,232.74631499999998,228.36576,LONG,stop_loss,-2.082115727589495,1.0,20.000000000000004
2020-06-26 13:00:00,2020-06-27 06:00:00,-9.548641460491032,43.52465815515862,229.75482,229.99494500000003,LONG,signal_reverse,-0.09548641460491032,1.0,20.0
2020-06-27 06:00:00,2020-06-27 10:00:00,18.281058742400138,43.47921646712714,229.994945,229.1145,SHORT,signal_reverse,0.18281058742400136,1.0,20.0
2020-06-27 10:00:00,2020-06-27 16:00:00,-171.77454940651802,43.64629912118177,229.1145,225.63712500000003,LONG,stop_loss,-1.7177454940651802,1.0,20.0
2020-06-27 22:00:00,2020-06-28 09:00:00,138.88733843230463,45.543618421355255,219.56973000000002,223.058415,LONG,signal_reverse,1.3888733843230463,1.0,20.0
2020-06-28 09:00:00,2020-06-28 14:00:00,-172.63983651995295,44.83130573666096,223.058415,226.46317499999998,SHORT,stop_loss,-1.7263983651995294,1.0,20.0
2020-06-29 01:00:00,2020-06-29 06:00:00,115.8941031400824,44.18975531668489,226.296795,223.221555,SHORT,signal_reverse,1.158941031400824,1.0,20.0
2020-06-29 06:00:00,2020-06-29 17:00:00,105.22894574406105,44.798541072792005,223.22155500000002,226.01693500000002,LONG,signal_reverse,1.0522894574406105,1.0,20.0
2020-06-29 17:00:00,2020-06-29 22:00:00,-109.68487250745154,44.2444722117836,226.016935,228.043965,SHORT,stop_loss,-1.0968487250745154,1.0,20.0
2020-06-30 04:00:00,2020-06-30 11:00:00,15.014958619018078,44.14948760435808,226.50319499999998,227.29629500000001,LONG,signal_reverse,0.1501495861901808,1.0,20.0
2020-06-30 11:00:00,2020-06-30 12:00:00,85.76085281108558,43.995437761095054,227.296295,224.89238999999998,SHORT,signal_reverse,0.8576085281108559,1.0,20.0
2020-06-30 12:00:00,2020-07-01 08:00:00,99.33551864516151,44.465710911783184,224.89239,227.576155,LONG,signal_reverse,0.9933551864516152,1.0,20.0
2020-07-01 08:00:00,2020-07-01 16:00:00,-197.06556295407944,43.94133471496607,227.576155,231.60574499999998,SHORT,stop_loss,-1.9706556295407944,1.0,19.999999999999996
2020-07-01 23:00:00,2020-07-02 05:00:00,85.2317901355251,43.300452268893906,230.94447,228.5142,SHORT,signal_reverse,0.852317901355251,1.0,20.0
2020-07-02 05:00:00,2020-07-02 13:00:00,55.296196035081586,43.76095664952113,228.51420000000002,230.234825,LONG,signal_reverse,0.5529619603508159,1.0,20.000000000000004
2020-07-02 13:00:00,2020-07-02 15:00:00,194.6606187834534,43.43391578576351,230.234825,225.29259,SHORT,signal_reverse,1.946606187834534,1.0,20.0
2020-07-02 15:00:00,2020-07-03 01:00:00,69.38154601533815,44.38672394862165,225.29259000000002,227.30629,LONG,signal_reverse,0.6938154601533815,1.0,20.0
2020-07-03 01:00:00,2020-07-03 09:00:00,17.091582463468637,43.99350321541916,227.30629,226.46317499999998,SHORT,signal_reverse,0.17091582463468635,1.0,20.0
2020-07-03 09:00:00,2020-07-03 11:00:00,6.637222585968434,44.157289590239124,226.463175,227.06641000000002,LONG,signal_reverse,0.06637222585968434,1.0,20.000000000000004
2020-07-03 11:00:00,2020-07-03 17:00:00,-4.008422910283306,44.03997931706411,227.06641000000002,226.703295,SHORT,signal_reverse,-0.04008422910283306,1.0,20.0
2020-07-03 17:00:00,2020-07-03 20:00:00,-15.886694103850063,44.1105189935594,226.703295,226.796545,LONG,signal_reverse,-0.15886694103850063,1.0,20.0
2020-07-03 20:00:00,2020-07-03 22:00:00,1.7573861189121798,44.092382447889584,226.796545,226.30309499999998,SHORT,signal_reverse,0.017573861189121798,1.0,20.0
2020-07-03 22:00:00,2020-07-04 05:00:00,-12.770094461145138,44.188525128213556,226.30309499999998,226.46671000000003,LONG,signal_reverse,-0.12770094461145137,1.0,19.999999999999996
2020-07-04 05:00:00,2020-07-04 10:00:00,11.08116861855828,44.15660032328813,226.46671,225.762825,SHORT,signal_reverse,0.11081168618558279,1.0,20.0
2020-07-04 10:00:00,2020-07-04 13:00:00,-0.7754000243382714,44.294272097277315,225.762825,226.19684500000002,LONG,signal_reverse,-0.007754000243382714,1.0,20.000000000000004
2020-07-04 13:00:00,2020-07-04 17:00:00,-190.56493427218234,44.209281522030075,226.196845,230.05497,SHORT,stop_loss,-1.9056493427218233,1.0,20.0
2020-07-04 17:00:00,2020-07-05 02:00:00,55.31990749658588,43.51136166500229,229.82503,228.09399,SHORT,signal_reverse,0.5531990749658587,1.0,20.000000000000004
2020-07-05 02:00:00,2020-07-05 09:00:00,-182.04920611893266,43.84157600995976,228.09399,224.39774500000001,LONG,stop_loss,-1.8204920611893265,1.0,20.0
2020-07-05 15:00:00,2020-07-05 21:00:00,12.602513702730041,44.3946100148824,225.25257,225.98695,LONG,signal_reverse,0.12602513702730042,1.0,20.0
2020-07-05 21:00:00,2020-07-06 06:00:00,-317.33331946822483,44.25034277421772,225.98695,232.70629499999998,SHORT,stop_loss,-3.1733331946822485,1.0,20.000000000000004
2020-07-07 06:00:00,2020-07-07 15:00:00,39.0904210555484,42.14633143053184,237.268575,238.670605,LONG,signal_reverse,0.39090421055548397,1.0,20.0
2020-07-07 15:00:00,2020-07-08 03:00:00,-147.79935761255453,41.8987499528901,238.670605,241.72079999999997,SHORT,stop_loss,-1.4779935761255452,1.0,20.000000000000004
2020-07-08 07:00:00,2020-07-08 10:00:00,-155.1716486358825,41.56282195600958,240.59964,243.85186499999998,SHORT,stop_loss,-1.5517164863588249,1.0,20.0
2020-07-08 13:00:00,2020-07-09 01:00:00,38.645709511684004,40.60142237338944,246.29679,244.85236499999996,SHORT,signal_reverse,0.38645709511684007,1.0,20.0
2020-07-09 01:00:00,2020-07-09 06:00:00,76.95475067190021,40.84093694582039,244.852365,247.226325,LONG,signal_reverse,0.7695475067190022,1.0,19.999999999999996
2020-07-09 06:00:00,2020-07-09 10:00:00,72.38154553322896,40.44876693450829,247.226325,244.94240999999997,SHORT,signal_reverse,0.7238154553322895,1.0,20.0
2020-07-09 10:00:00,2020-07-09 12:00:00,71.61071780097296,40.82592312209225,244.94241,247.18634500000002,LONG,signal_reverse,0.7161071780097297,1.0,20.0
2020-07-09 12:00:00,2020-07-09 14:00:00,179.2535226814421,40.4553091312548,247.186345,242.26106999999996,SHORT,signal_reverse,1.792535226814421,1.0,19.999999999999996
2020-07-09 14:00:00,2020-07-09 15:00:00,-125.71157800962294,41.277783508510055,242.26107,239.70009000000002,LONG,stop_loss,-1.2571157800962294,1.0,20.0
2020-07-10 00:00:00,2020-07-10 04:00:00,-171.9503668474891,41.52818056652245,240.80034,237.14137,LONG,stop_loss,-1.719503668474891,1.0,19.999999999999996
2020-07-10 11:00:00,2020-07-10 15:00:00,80.92569058028843,42.03643226122145,237.88888500000002,240.289795,LONG,signal_reverse,0.8092569058028843,1.0,20.0
2020-07-10 15:00:00,2020-07-11 04:00:00,-6.688157106297056,41.616415711703446,240.289795,239.969925,SHORT,signal_reverse,-0.06688157106297056,1.0,20.0
2020-07-11 04:00:00,2020-07-11 14:00:00,-13.334581406397593,41.67188867521628,239.969925,240.12987500000003,LONG,signal_reverse,-0.13334581406397591,1.0,20.0
2020-07-11 14:00:00,2020-07-11 18:00:00,26.659333829246666,41.64413111862903,240.129875,239.00944499999997,SHORT,signal_reverse,0.2665933382924667,1.0,20.0
2020-07-11 18:00:00,2020-07-12 00:00:00,14.332534431850869,41.839350741975906,239.009445,239.830025,LONG,signal_reverse,0.14332534431850869,1.0,20.0
2020-07-12 00:00:00,2020-07-12 11:00:00,-15.821207123671071,41.69619712961295,239.83002499999998,239.729805,SHORT,signal_reverse,-0.15821207123671072,1.0,20.0
2020-07-12 11:00:00,2020-07-12 12:00:00,10.863913646447813,41.71362839092953,239.72980500000003,240.469705,LONG,signal_reverse,0.10863913646447813,1.0,20.0
2020-07-12 12:00:00,2020-07-12 13:00:00,95.22927597054282,41.585279942020136,240.469705,237.69879,SHORT,signal_reverse,0.9522927597054281,1.0,20.0
2020-07-12 13:00:00,2020-07-12 22:00:00,95.73155252494114,42.07005008313253,237.69879,240.449715,LONG,signal_reverse,0.9573155252494114,1.0,20.000000000000004
2020-07-12 22:00:00,2020-07-13 08:00:00,-167.7325518975971,41.588737171096255,240.449715,244.00194,SHORT,stop_loss,-1.6773255189759708,1.0,20.0
2020-07-13 15:00:00,2020-07-13 19:00:00,-198.89817977609036,41.21650514948711,242.62125,238.28080000000003,LONG,stop_loss,-1.9889817977609037,1.0,20.0
2020-07-14 02:00:00,2020-07-14 11:00:00,20.9467157748192,41.77639497910396,239.369625,240.34976500000002,LONG,signal_reverse,0.20946715774819202,1.0,19.999999999999996
2020-07-14 11:00:00,2020-07-15 03:00:00,20.77973614827565,41.60603194265657,240.349765,239.36962499999998,SHORT,signal_reverse,0.20779736148275652,1.0,20.0
2020-07-15 03:00:00,2020-07-16 01:00:00,-45.02698494013231,41.77639497910396,239.369625,238.770555,LONG,signal_reverse,-0.4502698494013231,1.0,19.999999999999996
2020-07-16 01:00:00,2020-07-16 05:00:00,7.706933964281325,41.88121102285833,238.77055499999997,238.108995,SHORT,signal_reverse,0.07706933964281325,1.0,20.0
2020-07-16 05:00:00,2020-07-16 06:00:00,-155.50496065887808,41.997573422205235,238.10899500000002,234.88250000000002,LONG,stop_loss,-1.5550496065887809,1.0,20.0
2020-07-16 19:00:00,2020-07-16 22:00:00,24.242356587993214,43.067056613024064,232.19604,233.22333,LONG,signal_reverse,0.24242356587993213,1.0,20.0
2020-07-16 22:00:00,2020-07-17 04:00:00,32.19825134989865,42.8773570808718,233.22333,232.00594499999997,SHORT,signal_reverse,0.3219825134989865,1.0,20.000000000000004
2020-07-17 04:00:00,2020-07-17 11:00:00,26.871643741716113,43.10234377830275,232.005945,233.09339500000002,LONG,signal_reverse,0.2687164374171611,1.0,20.0
2020-07-17 11:00:00,2020-07-17 20:00:00,3.9039377327715554,42.90125852772448,233.09339500000002,232.53620999999998,SHORT,signal_reverse,0.03903937732771555,1.0,20.000000000000004
2020-07-17 20:00:00,2020-07-18 02:00:00,-3.345819560745858,43.004055153388805,232.53620999999998,232.92348,LONG,signal_reverse,-0.03345819560745858,1.0,20.0
2020-07-18 02:00:00,2020-07-18 19:00:00,-147.69901943762844,42.93255450244862,232.92347999999998,235.89789,SHORT,stop_loss,-1.4769901943762844,1.0,20.0
2020-07-18 23:00:00,2020-07-19 02:00:00,-3.682994266662527,42.4336351736815,235.66211,235.27757999999997,SHORT,signal_reverse,-0.03682994266662527,1.0,20.0
2020-07-19 02:00:00,2020-07-19 16:00:00,-54.20959192116739,42.50298732246396,235.27758,234.47270500000002,LONG,signal_reverse,-0.5420959192116739,1.0,20.0
2020-07-19 16:00:00,2020-07-19 22:00:00,-168.68319107761337,42.648887425937275,234.472705,237.95891999999998,SHORT,stop_loss,-1.6868319107761338,1.0,20.0
2020-07-20 08:00:00,2020-07-20 10:00:00,24.50886999362532,41.912791677142245,238.590645,237.52870499999997,SHORT,signal_reverse,0.2450886999362532,1.0,20.0
2020-07-20 10:00:00,2020-07-20 17:00:00,12.925704705879975,42.10017479782075,237.528705,238.310785,LONG,signal_reverse,0.12925704705879976,1.0,20.0
2020-07-20 17:00:00,2020-07-20 19:00:00,97.62329598301754,41.96201191649803,238.310785,235.50769499999998,SHORT,signal_reverse,0.9762329598301753,1.0,20.0
2020-07-20 19:00:00,2020-07-21 05:00:00,71.86154193390698,42.46145757572805,235.50769499999998,237.671105,LONG,signal_reverse,0.7186154193390698,1.0,20.0
2020-07-21 05:00:00,2020-07-21 07:00:00,-204.28239309948967,42.07495059191146,237.67110499999998,242.050965,SHORT,stop_loss,-2.0428239309948966,1.0,20.0
2020-07-21 23:00:00,2020-07-22 04:00:00,50.26736522213832,40.72703126781171,245.53717,243.81184499999998,SHORT,signal_reverse,0.5026736522213832,1.0,20.0
2020-07-22 04:00:00,2020-07-22 11:00:00,-16.466742622778803,41.01523451413938,243.811845,243.89799000000002,LONG,signal_reverse,-0.16466742622778802,1.0,20.000000000000004
2020-07-22 11:00:00,2020-07-22 21:00:00,-172.34873399325562,41.00074789464234,243.89799000000002,247.613745,SHORT,stop_loss,-1.7234873399325563,1.0,19.999999999999996
2020-07-23 21:00:00,2020-07-24 04:00:00,106.83916129094528,36.376536144744854,274.90248,271.41563999999994,SHORT,signal_reverse,1.0683916129094528,1.0,20.0
2020-07-24 04:00:00,2020-07-24 10:00:00,127.24962054508129,36.84386058224205,271.41564,275.41222500000003,LONG,signal_reverse,1.2724962054508129,1.0,19.999999999999996
2020-07-24 10:00:00,2020-07-24 16:00:00,-143.34637650888376,36.30920885955589,275.41222500000003,278.809335,SHORT,stop_loss,-1.4334637650888375,1.0,20.0
2020-07-25 01:00:00,2020-07-25 13:00:00,-72.06087721165876,35.32340948047813,283.09838,284.57221499999997,SHORT,stop_loss,-0.7206087721165876,1.0,20.0
2020-07-25 15:00:00,2020-07-25 16:00:00,-131.37037196578467,34.93610762361417,286.23681,289.42463999999995,SHORT,stop_loss,-1.3137037196578465,1.0,20.0
2020-07-26 02:00:00,2020-07-26 07:00:00,-305.21001888780177,32.98171254738957,303.198325,311.845845,SHORT,stop_loss,-3.0521001888780175,1.0,20.000000000000004
2020-07-26 12:00:00,2020-07-26 14:00:00,270.69100318261974,32.87829769325863,304.152,312.993425,LONG,signal_reverse,2.706910031826197,1.0,19.999999999999996
2020-07-26 14:00:00,2020-07-27 00:00:00,-76.35501768128147,31.949552933899486,312.993425,314.7573,SHORT,stop_loss,-0.7635501768128147,1.0,19.999999999999996
2020-07-27 09:00:00,2020-07-27 14:00:00,130.7053794994001,30.831106903487182,324.347745,319.45965,SHORT,signal_reverse,1.3070537949940009,1.0,20.0
2020-07-27 14:00:00,2020-07-27 15:00:00,-209.89643919036354,31.302857810055198,319.45965,313.39322500000003,LONG,stop_loss,-2.0989643919036354,1.0,20.0
2020-07-27 17:00:00,2020-07-27 22:00:00,-140.44235930409113,30.83300718435275,324.327755,328.23403499999995,SHORT,stop_loss,-1.4044235930409112,1.0,19.999999999999996
2020-07-27 22:00:00,2020-07-28 02:00:00,258.0263542933717,30.49654799661848,327.905965,318.789315,SHORT,signal_reverse,2.5802635429337166,1.0,20.0
2020-07-28 02:00:00,2020-07-28 08:00:00,-178.9217317399724,31.368679969716048,318.789315,313.72306000000003,LONG,stop_loss,-1.7892173173997237,1.0,20.0
2020-07-28 14:00:00,2020-07-29 00:00:00,119.36066791490244,31.29790878484257,319.51016500000003,315.05744999999996,SHORT,signal_reverse,1.1936066791490243,1.0,20.0
2020-07-29 00:00:00,2020-07-29 05:00:00,74.06094031422063,31.74024293029732,315.05744999999996,318.02091,LONG,signal_reverse,0.7406094031422064,1.0,20.0
2020-07-29 05:00:00,2020-07-29 06:00:00,-156.16038643496657,31.44447325806344,318.02091,322.351095,SHORT,stop_loss,-1.5616038643496655,1.0,20.0
2020-07-29 10:00:00,2020-07-29 23:00:00,138.57608975063263,30.91685207889319,323.448195,318.31908,SHORT,signal_reverse,1.3857608975063263,1.0,20.0
2020-07-29 23:00:00,2020-07-30 16:00:00,104.3940514027622,31.415019168816393,318.31908000000004,322.27878000000004,LONG,signal_reverse,1.043940514027622,1.0,20.0
2020-07-30 16:00:00,2020-07-30 18:00:00,-276.18829139169605,31.029036413753335,322.27878,330.535185,SHORT,stop_loss,-2.7618829139169603,1.0,20.0
2020-07-31 03:00:00,2020-07-31 06:00:00,245.50764101624264,30.356879267276003,329.414625,338.160835,LONG,signal_reverse,2.4550764101624263,1.0,20.0
2020-07-31 06:00:00,2020-07-31 10:00:00,-174.9789170588022,29.571727311354675,338.16083499999996,343.401615,SHORT,stop_loss,-1.749789170588022,1.0,20.0
2020-07-31 20:00:00,2020-08-01 03:00:00,-231.07427809418476,28.958039077425834,345.32725,352.61622,SHORT,stop_loss,-2.3107427809418475,1.0,20.0
2020-08-01 12:00:00,2020-08-01 16:00:00,-177.0544352146973,27.995418045919262,357.20131,362.811315,SHORT,stop_loss,-1.770544352146973,1.0,20.0
2020-08-02 04:00:00,2020-08-02 05:00:00,-82.78411718204018,26.809909870310953,372.996405,370.65458,LONG,stop_loss,-0.8278411718204018,1.0,20.000000000000004
2020-08-02 10:00:00,2020-08-02 11:00:00,-335.74864619254174,26.786917424893808,373.31656499999997,361.52914499999997,LONG,stop_loss,-3.357486461925417,1.0,20.000000000000004
2020-08-02 16:00:00,2020-08-02 17:00:00,-105.19728233787272,26.186307486195265,381.878965,385.13246999999996,SHORT,stop_loss,-1.051972823378727,1.0,20.0
2020-08-02 23:00:00,2020-08-03 00:00:00,118.47640935371122,26.86178746741548,372.27604499999995,377.43119,LONG,stop_loss,1.1847640935371122,1.0,20.0
2020-08-03 01:00:00,2020-08-03 06:00:00,-114.47206713685031,26.300577012304156,380.21979500000003,383.81181,SHORT,stop_loss,-1.1447206713685032,1.0,20.0
2020-08-03 10:00:00,2020-08-03 11:00:00,-172.04061174556094,25.95331388132458,385.30725,391.165485,SHORT,stop_loss,-1.7204061174556096,1.0,20.0
2020-08-03 17:00:00,2020-08-03 21:00:00,244.4567509504098,25.306696601114517,395.152325,384.702255,SHORT,signal_reverse,2.4445675095040977,1.0,20.0
2020-08-03 21:00:00,2020-08-04 00:00:00,385.7031066792172,25.994128888066957,384.702255,400.309745,LONG,signal_reverse,3.8570310667921723,1.0,20.0
2020-08-04 00:00:00,2020-08-04 11:00:00,328.6466461115002,24.980655916832603,400.30974499999996,386.35308,SHORT,signal_reverse,3.286466461115002,1.0,20.0
2020-08-04 11:00:00,2020-08-04 21:00:00,113.3254545298307,25.883060127280462,386.35308000000003,391.50415000000004,LONG,signal_reverse,1.133254545298307,1.0,20.0
2020-08-04 21:00:00,2020-08-05 11:00:00,-181.80339339953258,25.542513406307446,391.50415,397.83881999999994,SHORT,stop_loss,-1.8180339339953258,1.0,20.0
2020-08-05 16:00:00,2020-08-05 21:00:00,-263.8341184502136,25.211678513382285,396.64158,406.31305499999996,SHORT,stop_loss,-2.6383411845021363,1.0,20.0
2020-08-06 03:00:00,2020-08-06 13:00:00,50.94574825714697,25.227801051895867,396.388095,399.2003,LONG,signal_reverse,0.5094574825714696,1.0,20.0
2020-08-06 13:00:00,2020-08-06 21:00:00,71.49855348304959,25.05008137518935,399.20029999999997,395.547675,SHORT,signal_reverse,0.7149855348304959,1.0,20.0
2020-08-06 21:00:00,2020-08-07 01:00:00,14.73070597621365,25.28140255153819,395.547675,396.92144,LONG,signal_reverse,0.1473070597621365,1.0,20.0
2020-08-07 01:00:00,2020-08-07 05:00:00,33.515375737828904,25.1939023500469,396.92144,394.7973,SHORT,signal_reverse,0.33515375737828906,1.0,20.0
2020-08-07 05:00:00,2020-08-07 14:00:00,-257.592936932445,25.32945387417796,394.7973,385.41719500000005,LONG,stop_loss,-2.57592936932445,1.0,19.999999999999996
2020-08-08 01:00:00,2020-08-08 03:00:00,74.95569634567535,26.161657038544636,382.238785,378.60921,SHORT,signal_reverse,0.7495569634567535,1.0,20.0
2020-08-08 03:00:00,2020-08-08 09:00:00,171.6952839050064,26.412458376276685,378.60921,385.86697000000004,LONG,signal_reverse,1.716952839050064,1.0,19.999999999999996
2020-08-08 09:00:00,2020-08-08 11:00:00,-163.79670796907115,25.915667257034205,385.86697,391.41561,SHORT,stop_loss,-1.6379670796907115,1.0,20.0
2020-08-08 21:00:00,2020-08-08 23:00:00,-176.76352390391568,25.554909200916008,391.31424499999997,397.448625,SHORT,stop_loss,-1.767635239039157,1.0,20.0
2020-08-08 23:00:00,2020-08-09 09:00:00,176.87263392552242,25.185657649466645,397.051375,389.23452,SHORT,signal_reverse,1.7687263392552242,1.0,20.0
2020-08-09 09:00:00,2020-08-09 20:00:00,76.31442761037785,25.69145203256895,389.23452000000003,392.98341000000005,LONG,signal_reverse,0.7631442761037784,1.0,20.0
2020-08-09 20:00:00,2020-08-10 04:00:00,-116.05672666945316,25.44636680718914,392.98341,396.75827999999996,SHORT,stop_loss,-1.1605672666945317,1.0,20.0
2020-08-10 06:00:00,2020-08-10 10:00:00,132.85769065114425,25.198344040424693,396.851475,390.78529499999996,SHORT,signal_reverse,1.3285769065114426,1.0,19.999999999999996
2020-08-10 10:00:00,2020-08-10 13:00:00,112.21147433400878,25.589499215931347,390.78529499999996,395.951925,LONG,signal_reverse,1.1221147433400878,1.0,20.0
2020-08-10 13:00:00,2020-08-10 21:00:00,22.552893258442825,25.2555913195775,395.95192499999996,394.26703499999996,SHORT,signal_reverse,0.22552893258442827,1.0,20.0
2020-08-10 21:00:00,2020-08-11 01:00:00,51.1276812681028,25.363520437360428,394.267035,397.071365,LONG,signal_reverse,0.511276812681028,1.0,20.0
2020-08-11 01:00:00,2020-08-11 03:00:00,48.35761123192455,25.184389712917223,397.07136499999996,394.35708,SHORT,signal_reverse,0.4835761123192455,1.0,19.999999999999996
2020-08-11 03:00:00,2020-08-11 10:00:00,-106.28360368222722,25.35772909161412,394.35708000000005,390.954425,LONG,stop_loss,-1.0628360368222722,1.0,19.999999999999996
2020-08-11 12:00:00,2020-08-11 15:00:00,-152.56066976326812,25.81620647471491,387.35358,382.21879500000006,LONG,stop_loss,-1.5256066976326812,1.0,20.0
2020-08-11 18:00:00,2020-08-11 20:00:00,-266.84391985197556,26.15534227966354,382.33107,372.89346,LONG,stop_loss,-2.6684391985197555,1.0,20.0
2020-08-12 00:00:00,2020-08-12 05:00:00,-207.81449051250786,26.553498841026077,376.598205,369.525145,LONG,stop_loss,-2.0781449051250784,1.0,20.000000000000004
2020-08-12 07:00:00,2020-08-12 13:00:00,-210.69577478735948,26.365032416071003,379.29026000000005,386.52316499999995,SHORT,stop_loss,-2.106957747873595,1.0,20.0
2020-08-12 19:00:00,2020-08-13 00:00:00,-207.90088868214139,25.844038181620192,386.936435,394.207005,SHORT,stop_loss,-2.0790088868214136,1.0,20.0
2020-08-13 08:00:00,2020-08-13 09:00:00,57.065000349590164,26.078908570554262,383.45162999999997,386.40670000000006,LONG,stop_loss,0.5706500034959017,1.0,20.0
2020-08-13 11:00:00,2020-08-13 20:00:00,-442.90659227316337,25.396630286205422,393.753025,410.40509999999995,SHORT,stop_loss,-4.429065922731634,1.0,20.0
2020-08-14 07:00:00,2020-08-14 15:00:00,-357.59312491008467,23.64075163925859,422.99839499999996,437.27853,SHORT,stop_loss,-3.5759312491008464,1.0,20.000000000000004
2020-08-14 22:00:00,2020-08-15 07:00:00,25.283807945569674,22.7412262785558,439.730025,437.73875999999996,SHORT,signal_reverse,0.25283807945569675,1.0,20.0
2020-08-15 07:00:00,2020-08-15 08:00:00,-112.19471449135354,22.8446756691137,437.73875999999996,433.70304000000004,LONG,stop_loss,-1.1219471449135354,1.0,20.0
2020-08-15 10:00:00,2020-08-15 14:00:00,-85.5498709270723,22.968041222397282,435.387585,432.53362500000003,LONG,stop_loss,-0.8554987092707231,1.0,20.0
2020-08-15 18:00:00,2020-08-15 19:00:00,58.13629355379507,22.941991518575154,435.88195,432.47612999999996,SHORT,signal_reverse,0.5813629355379507,1.0,20.0
2020-08-15 19:00:00,2020-08-16 01:00:00,-85.69275858068704,23.12266344040768,432.47613,429.63507500000003,LONG,stop_loss,-0.8569275858068705,1.0,20.0
2020-08-16 02:00:00,2020-08-16 11:00:00,-230.0105759002162,23.432743702233374,426.75327000000004,417.791,LONG,stop_loss,-2.300105759002162,1.0,20.0
2020-08-16 15:00:00,2020-08-16 16:00:00,-124.41707402974303,23.24258351821453,430.24476999999996,434.73725999999994,SHORT,stop_loss,-1.2441707402974302,1.0,20.0
2020-08-16 21:00:00,2020-08-17 01:00:00,48.64221968912222,23.188176469396772,431.25426500000003,428.29403999999994,SHORT,signal_reverse,0.48642219689122224,1.0,20.0
2020-08-17 01:00:00,2020-08-17 02:00:00,-75.03497083452345,23.34844538112181,428.29404,425.936925,LONG,stop_loss,-0.7503497083452344,1.0,20.0
2020-08-17 08:00:00,2020-08-17 15:00:00,-324.1011248524034,23.32929744264008,428.64557,441.68073,SHORT,stop_loss,-3.2410112485240337,1.0,20.0
2020-08-17 20:00:00,2020-08-17 23:00:00,125.19064532837201,22.845079349813048,437.731025,431.37558,SHORT,signal_reverse,1.25190645328372,1.0,19.999999999999996
2020-08-17 23:00:00,2020-08-18 13:00:00,-146.30872614532296,23.181655299078354,431.37558,425.92693,LONG,stop_loss,-1.4630872614532295,1.0,19.999999999999996
2020-08-18 13:00:00,2020-08-18 14:00:00,-121.18831793564858,23.454739049961574,426.35307,422.038875,LONG,stop_loss,-1.2118831793564857,1.0,20.0
2020-08-18 18:00:00,2020-08-18 20:00:00,65.81087984412149,23.609312622536017,423.56167500000004,427.196295,LONG,signal_reverse,0.6581087984412148,1.0,19.999999999999996
2020-08-18 20:00:00,2020-08-18 23:00:00,91.31135863432647,23.40844271601185,427.196295,422.44111499999997,SHORT,signal_reverse,0.9131135863432647,1.0,20.0
2020-08-18 23:00:00,2020-08-19 03:00:00,-184.49547056990386,23.671938277125324,422.441115,415.49215000000004,LONG,stop_loss,-1.8449547056990385,1.0,20.000000000000004
2020-08-19 08:00:00,2020-08-19 15:00:00,-100.94399087057198,24.226785191852397,412.76628,409.425185,LONG,stop_loss,-1.00943990870572,1.0,20.0
2020-08-20 00:00:00,2020-08-20 04:00:00,131.08224031188476,24.284576084979307,411.78400500000004,405.56268,SHORT,signal_reverse,1.3108224031188476,1.0,20.0
2020-08-20 04:00:00,2020-08-20 09:00:00,69.56987856969418,24.657101092240538,405.56268,409.1953,LONG,signal_reverse,0.6956987856969419,1.0,20.0
2020-08-20 09:00:00,2020-08-20 15:00:00,-182.82017413200884,24.438208356743104,409.1953,415.85782499999993,SHORT,stop_loss,-1.8282017413200884,1.0,20.0
2020-08-20 20:00:00,2020-08-21 01:00:00,67.18418329568551,24.044706804255284,415.89195,412.26603,SHORT,signal_reverse,0.6718418329568552,1.0,19.999999999999996
2020-08-21 01:00:00,2020-08-21 10:00:00,-117.03115728453194,24.256182349052622,412.26603,408.26576500000004,LONG,stop_loss,-1.1703115728453193,1.0,19.999999999999996
2020-08-22 06:00:00,2020-08-22 19:00:00,37.692305728200566,25.533387355172074,391.64408,389.384595,SHORT,signal_reverse,0.37692305728200565,1.0,20.0
2020-08-22 19:00:00,2020-08-22 21:00:00,88.08106057714089,25.68155013939368,389.384595,393.59310500000004,LONG,signal_reverse,0.8808106057714088,1.0,20.0
2020-08-22 21:00:00,2020-08-23 02:00:00,39.64484565856534,25.4069491385018,393.59310500000004,391.245525,SHORT,signal_reverse,0.39644845658565336,1.0,20.0
2020-08-23 02:00:00,2020-08-23 11:00:00,-205.50026866121806,25.559397772025637,391.245525,383.98791000000006,LONG,stop_loss,-2.0550026866121804,1.0,20.0
2020-08-23 15:00:00,2020-08-24 00:00:00,41.8535981836605,25.46903877313501,392.633585,390.20500499999997,SHORT,signal_reverse,0.418535981836605,1.0,20.0
2020-08-24 00:00:00,2020-08-24 03:00:00,49.41069348918405,25.627554418478052,390.20500499999997,392.913445,LONG,signal_reverse,0.4941069348918405,1.0,20.0
2020-08-24 03:00:00,2020-08-24 07:00:00,-162.92511675185747,25.450897970671374,392.913445,398.529165,SHORT,stop_loss,-1.6292511675185746,1.0,19.999999999999996
2020-08-24 16:00:00,2020-08-24 18:00:00,37.06826808716403,24.73791539227234,404.23778,401.930865,SHORT,signal_reverse,0.3706826808716403,1.0,19.999999999999996
2020-08-24 18:00:00,2020-08-24 21:00:00,92.10422966646225,24.87990067645091,401.93086500000004,406.43668,LONG,signal_reverse,0.9210422966646225,1.0,20.0
2020-08-24 21:00:00,2020-08-25 02:00:00,102.92345267656454,24.604078549209685,406.43667999999997,401.44061999999997,SHORT,signal_reverse,1.0292345267656453,1.0,20.0
2020-08-25 02:00:00,2020-08-25 07:00:00,-185.35745685127768,24.910284365343994,401.44062,394.8025,LONG,stop_loss,-1.8535745685127767,1.0,20.0
2020-08-25 11:00:00,2020-08-25 12:00:00,-176.10018426428488,25.29035828736779,395.407605,389.23528500000003,LONG,stop_loss,-1.7610018426428489,1.0,20.0
2020-08-26 02:00:00,2020-08-26 06:00:00,127.28657585971224,25.857396689971377,386.736535,381.040425,SHORT,signal_reverse,1.2728657585971224,1.0,20.0
2020-08-26 06:00:00,2020-08-26 13:00:00,70.7313180747156,26.243934616648612,381.040425,384.497655,LONG,signal_reverse,0.707313180747156,1.0,20.0
2020-08-26 13:00:00,2020-08-26 15:00:00,-180.40617985043335,26.007960958825613,384.497655,390.665235,SHORT,stop_loss,-1.8040617985043332,1.0,20.0
2020-08-26 20:00:00,2020-08-27 02:00:00,123.14905052259307,25.684146689045093,389.34523,383.77178999999995,SHORT,signal_reverse,1.2314905052259306,1.0,20.0
2020-08-27 02:00:00,2020-08-27 09:00:00,56.4714884332687,26.05715235088019,383.77179,386.70655,LONG,signal_reverse,0.564714884332687,1.0,20.0
2020-08-27 09:00:00,2020-08-27 11:00:00,94.95835795902606,25.859401657406632,386.70655,382.261035,SHORT,signal_reverse,0.9495835795902605,1.0,20.0
2020-08-27 11:00:00,2020-08-27 13:00:00,130.54791027811683,26.160134265319506,382.261035,388.015895,LONG,signal_reverse,1.3054791027811683,1.0,19.999999999999996
2020-08-27 13:00:00,2020-08-27 16:00:00,233.00226425002663,25.772140082044835,388.015895,378.19900499999994,SHORT,signal_reverse,2.3300226425002664,1.0,20.0
2020-08-27 16:00:00,2020-08-27 17:00:00,-55.36577257785113,26.44110605209022,378.199005,376.86147500000004,LONG,stop_loss,-0.5536577257785114,1.0,20.0
2020-08-27 19:00:00,2020-08-28 00:00:00,125.12847800632285,26.43970716279297,378.21901499999996,383.70805,LONG,signal_reverse,1.2512847800632285,1.0,20.0
2020-08-28 00:00:00,2020-08-28 06:00:00,-221.39191763112646,26.061480857646853,383.70804999999996,391.43562,SHORT,stop_loss,-2.2139191763112644,1.0,20.0
2020-08-28 09:00:00,2020-08-28 16:00:00,-131.13938140137785,25.52622146000925,391.754025,396.107955,SHORT,stop_loss,-1.3113938140137786,1.0,20.0
2020-08-28 18:00:00,2020-08-28 22:00:00,33.10083454011604,25.331044133100296,394.77251500000006,392.67624,SHORT,signal_reverse,0.3310083454011604,1.0,20.0
2020-08-28 22:00:00,2020-08-28 23:00:00,47.12922075448241,25.466272163551327,392.67624,395.312245,LONG,signal_reverse,0.4712922075448241,1.0,20.0
2020-08-28 23:00:00,2020-08-29 07:00:00,-236.27422646621983,25.296459005462882,395.312245,403.86183,SHORT,stop_loss,-2.3627422646621983,1.0,20.0
2020-08-29 13:00:00,2020-08-29 15:00:00,122.70111646323168,25.20998435884335,396.66823500000004,402.328735,LONG,signal_reverse,1.227011164632317,1.0,20.0
2020-08-29 15:00:00,2020-08-29 23:00:00,62.502931340463064,24.85529650274669,402.328735,399.00940499999996,SHORT,signal_reverse,0.6250293134046306,1.0,20.0
2020-08-29 23:00:00,2020-08-30 01:00:00,153.36759267616762,25.062065892907963,399.009405,405.926935,LONG,signal_reverse,1.533675926761676,1.0,20.0
2020-08-30 01:00:00,2020-08-30 13:00:00,-216.33853565297335,24.634975257308312,405.926935,413.896845,SHORT,stop_loss,-2.1633853565297336,1.0,20.0
2020-08-30 22:00:00,2020-08-31 00:00:00,-90.97245506605834,23.618986074718187,423.38820000000004,426.39309,SHORT,stop_loss,-0.9097245506605834,1.0,20.0
2020-08-31 07:00:00,2020-08-31 10:00:00,105.67173203521769,23.729825495609273,421.4106,426.70654,LONG,signal_reverse,1.0567173203521767,1.0,20.0
2020-08-31 10:00:00,2020-08-31 11:00:00,-158.72918376174897,23.435309897054776,426.70654,432.626205,SHORT,stop_loss,-1.5872918376174896,1.0,20.0
2020-08-31 21:00:00,2020-09-01 01:00:00,97.96310866285914,23.19241344614494,431.17548,436.26176000000004,LONG,signal_reverse,0.9796310866285913,1.0,19.999999999999996
2020-09-01 01:00:00,2020-09-01 03:00:00,-193.97937880230324,22.922018193847656,436.26176000000004,443.851815,SHORT,stop_loss,-1.9397937880230323,1.0,20.0
2020-09-01 20:00:00,2020-09-02 00:00:00,244.0028487554725,20.747796651425958,481.97889000000004,469.25451,SHORT,signal_reverse,2.440028487554725,1.0,20.0
2020-09-02 00:00:00,2020-09-02 05:00:00,137.2079722792657,21.310397208542547,469.25451,476.631565,LONG,signal_reverse,1.372079722792657,1.0,20.0
2020-09-02 05:00:00,2020-09-02 07:00:00,179.27582849029517,20.980565984965764,476.631565,467.1334499999999,SHORT,signal_reverse,1.7927582849029517,1.0,20.0
2020-09-02 07:00:00,2020-09-02 10:00:00,-187.68687834279467,21.407158917863836,467.13345,459.300235,LONG,stop_loss,-1.8768687834279467,1.0,20.0
2020-09-02 10:00:00,2020-09-02 11:00:00,-396.52490099910983,21.750489627990827,459.75976499999996,442.44866500000006,LONG,stop_loss,-3.965249009991098,1.0,20.0
2020-09-02 19:00:00,2020-09-02 22:00:00,129.69295005739875,22.92221470220765,436.25802000000004,442.788495,LONG,signal_reverse,1.2969295005739876,1.0,20.0
2020-09-02 22:00:00,2020-09-03 02:00:00,-141.62646637871595,22.584145958896244,442.788495,448.173975,SHORT,stop_loss,-1.4162646637871594,1.0,20.0
2020-09-03 04:00:00,2020-09-03 06:00:00,-195.40535048814857,22.953272473879032,435.66772499999996,428.02588000000003,LONG,stop_loss,-1.9540535048814855,1.0,19.999999999999996
2020-09-03 09:00:00,2020-09-03 10:00:00,-177.631684262104,23.1521217918293,431.92585499999996,425.117335,LONG,stop_loss,-1.77631684262104,1.0,20.0
2020-09-03 22:00:00,2020-09-03 23:00:00,-384.4538940270245,25.16935483556351,397.308555,382.82849,LONG,stop_loss,-3.8445389402702452,1.0,20.000000000000004
2020-09-04 06:00:00,2020-09-04 07:00:00,54.02917494340462,26.107518803548807,383.03141999999997,385.86697000000004,LONG,stop_loss,0.5402917494340462,1.0,20.0
2020-09-04 08:00:00,2020-09-04 14:00:00,335.5821889208222,25.287507901555987,395.45217499999995,381.39059999999995,SHORT,signal_reverse,3.3558218892082223,1.0,20.0
2020-09-04 14:00:00,2020-09-04 15:00:00,45.74244357359668,26.21983866408873,381.3906,383.897955,LONG,stop_loss,0.4574244357359668,1.0,20.0
2020-09-04 19:00:00,2020-09-04 23:00:00,134.2190481355549,25.52752405085251,391.734035,385.69275,SHORT,signal_reverse,1.3421904813555492,1.0,19.999999999999996
2020-09-04 23:00:00,2020-09-05 01:00:00,127.30546529588649,25.927373537615107,385.69275,391.374215,LONG,signal_reverse,1.2730546529588649,1.0,19.999999999999996
2020-09-05 01:00:00,2020-09-05 04:00:00,138.46023479088961,25.550993439871863,391.374215,385.17249,SHORT,signal_reverse,1.384602347908896,1.0,20.0
2020-09-05 04:00:00,2020-09-05 07:00:00,-140.79899579536465,25.96239414710017,385.17249000000004,380.519645,LONG,stop_loss,-1.4079899579536463,1.0,20.0
2020-09-05 07:00:00,2020-09-05 08:00:00,-243.06752641383042,26.253585402933005,380.900355,372.403705,LONG,stop_loss,-2.430675264138304,1.0,20.0
2020-09-05 16:00:00,2020-09-05 17:00:00,-373.12958717623417,28.348987431575644,352.746285,340.28977,LONG,stop_loss,-3.731295871762342,1.0,20.0
2020-09-06 03:00:00,2020-09-06 04:00:00,-240.7340421972889,30.468852879986052,328.20402,320.95944000000003,LONG,stop_loss,-2.4073404219728887,1.0,20.0
2020-09-06 07:00:00,2020-09-06 08:00:00,-259.8535044648407,29.340183288125004,340.8295,349.00441499999994,SHORT,stop_loss,-2.598535044648407,1.0,20.000000000000004
2020-09-06 16:00:00,2020-09-06 21:00:00,-130.43605062854127,28.276297943223092,353.653085,357.55868999999996,SHORT,stop_loss,-1.3043605062854127,1.0,20.0
2020-09-06 21:00:00,2020-09-07 02:00:00,196.311076798682,27.995418045919262,357.20131,349.47465,SHORT,signal_reverse,1.9631107679868198,1.0,20.0
2020-09-07 02:00:00,2020-09-07 05:00:00,-242.77953493908592,28.614378753938237,349.47465,341.68907,LONG,stop_loss,-2.427795349390859,1.0,20.000000000000004
2020-09-07 10:00:00,2020-09-07 11:00:00,-141.23375375970164,29.442962555603216,339.63973500000003,335.522155,LONG,stop_loss,-1.4123375375970164,1.0,20.0
2020-09-07 14:00:00,2020-09-07 15:00:00,306.6561980862395,29.859894538137077,334.89736500000004,345.836995,LONG,signal_reverse,3.0665619808623945,1.0,20.0
2020-09-07 15:00:00,2020-09-07 16:00:00,-102.61883607911827,28.91535649620134,345.836995,348.69426,SHORT,stop_loss,-1.0261883607911826,1.0,20.0
2020-09-07 22:00:00,2020-09-08 05:00:00,190.3946082677029,28.387817788135926,352.26378,344.85233999999997,SHORT,signal_reverse,1.903946082677029,1.0,20.0
2020-09-08 05:00:00,2020-09-08 09:00:00,-245.9214770008519,28.997918355432937,344.85234,337.06138500000003,LONG,stop_loss,-2.459214770008519,1.0,20.0
2020-09-08 16:00:00,2020-09-08 18:00:00,227.58722881547772,29.09192085502203,343.738045,335.22753,SHORT,signal_reverse,2.275872288154777,1.0,20.0
2020-09-08 18:00:00,2020-09-08 22:00:00,12.044951678045182,29.83048558094259,335.22753,336.30176500000005,LONG,stop_loss,0.12044951678045182,1.0,20.0
2020-09-09 02:00:00,2020-09-09 07:00:00,258.6658213259636,30.021333309556436,333.096465,342.37872500000003,LONG,signal_reverse,2.5866582132596356,1.0,20.0
2020-09-09 07:00:00,2020-09-09 10:00:00,-117.96330072786968,29.207422277771492,342.37872500000003,345.73278,SHORT,stop_loss,-1.179633007278697,1.0,20.0
2020-09-09 22:00:00,2020-09-10 01:00:00,-338.74421157592684,28.078700329059906,356.14184,367.493655,SHORT,stop_loss,-3.3874421157592685,1.0,20.0
2020-09-10 12:00:00,2020-09-10 18:00:00,203.36663314755606,26.84177308915229,372.55363,364.23202499999996,SHORT,signal_reverse,2.0336663314755605,1.0,20.0
2020-09-10 18:00:00,2020-09-11 00:00:00,115.44388360688578,27.455026778603553,364.232025,369.16532500000005,LONG,signal_reverse,1.1544388360688578,1.0,20.0
2020-09-11 00:00:00,2020-09-11 02:00:00,149.13709325219068,27.088134564100788,369.165325,362.92136999999997,SHORT,signal_reverse,1.4913709325219067,1.0,20.0
2020-09-11 02:00:00,2020-09-11 03:00:00,-189.72932731957974,27.554177920137356,362.92137,356.76153,LONG,stop_loss,-1.8972932731957974,1.0,20.0
2020-09-11 08:00:00,2020-09-11 15:00:00,-171.2846368098944,27.419229086164666,364.707555,370.22502,SHORT,stop_loss,-1.712846368098944,1.0,20.0
2020-09-11 18:00:00,2020-09-11 22:00:00,-179.26603640785052,27.174215061248916,367.99591,373.856835,SHORT,stop_loss,-1.7926603640785053,1.0,20.0
2020-09-12 01:00:00,2020-09-12 06:00:00,134.26504982842997,26.82809776969036,372.743535,366.993405,SHORT,signal_reverse,1.3426504982842997,1.0,20.0
2020-09-12 06:00:00,2020-09-12 14:00:00,129.05635702091232,27.24844605858789,366.993405,372.463675,LONG,signal_reverse,1.2905635702091234,1.0,20.0
2020-09-12 14:00:00,2020-09-12 18:00:00,-320.1111450666964,26.84825573930129,372.46367499999997,383.64172499999995,SHORT,stop_loss,-3.201111450666964,1.0,20.0
2020-09-13 07:00:00,2020-09-13 09:00:00,92.47473035673758,25.826692741812195,387.196305,382.841325,SHORT,signal_reverse,0.9247473035673758,1.0,20.0
2020-09-13 09:00:00,2020-09-13 10:00:00,-154.2663308356272,26.120482160592253,382.841325,377.701055,LONG,stop_loss,-1.542663308356272,1.0,20.0
2020-09-14 00:00:00,2020-09-14 06:00:00,231.0212066811625,27.90029728324761,358.41912,367.41620000000006,LONG,signal_reverse,2.310212066811625,1.0,20.0
2020-09-14 06:00:00,2020-09-14 13:00:00,-224.43219433438136,27.217090590997348,367.4162,374.92737,SHORT,stop_loss,-2.2443219433438135,1.0,20.0
2020-09-14 21:00:00,2020-09-14 22:00:00,144.47283459503413,26.42282451142381,378.460675,372.236025,SHORT,signal_reverse,1.4447283459503413,1.0,20.0
2020-09-14 22:00:00,2020-09-15 10:00:00,132.99204315326648,26.86467544349046,372.236025,377.93094,LONG,signal_reverse,1.3299204315326647,1.0,20.0
2020-09-15 10:00:00,2020-09-15 13:00:00,202.16400170888437,26.459860629563696,377.93094,369.534675,SHORT,signal_reverse,2.0216400170888438,1.0,20.0
2020-09-15 13:00:00,2020-09-15 14:00:00,-162.52789673932548,27.061059966835316,369.53467500000005,364.26777500000003,LONG,stop_loss,-1.6252789673932548,1.0,20.0
2020-09-15 18:00:00,2020-09-16 00:00:00,-225.0437050806752,27.446733575215905,364.34208,356.87147500000003,LONG,stop_loss,-2.250437050806752,1.0,20.0
2020-09-16 06:00:00,2020-09-16 13:00:00,-121.54484063583963,27.475703029743027,363.95793,367.653735,SHORT,stop_loss,-1.2154484063583963,1.0,20.0
2020-09-16 19:00:00,2020-09-16 22:00:00,59.54374418974208,27.395577510006103,365.02241999999995,367.925945,LONG,signal_reverse,0.5954374418974208,1.0,20.0
2020-09-16 22:00:00,2020-09-16 23:00:00,52.117773591640386,27.179382524926314,367.925945,365.272545,SHORT,signal_reverse,0.5211777359164038,1.0,20.0
2020-09-16 23:00:00,2020-09-17 00:00:00,346.7952925397138,27.37681804144355,365.272545,378.67057000000005,LONG,signal_reverse,3.467952925397138,1.0,20.0
2020-09-17 00:00:00,2020-09-17 01:00:00,-46.12204587222118,26.408178486117894,378.67057,379.659735,SHORT,stop_loss,-0.4612204587222118,1.0,20.0
2020-09-17 10:00:00,2020-09-17 18:00:00,-213.3509716515135,26.329646836102597,379.800005,387.14347499999997,SHORT,stop_loss,-2.1335097165151353,1.0,20.0
2020-09-17 23:00:00,2020-09-18 04:00:00,120.38801510316866,25.695360457278746,389.175315,383.71175999999997,SHORT,signal_reverse,1.2038801510316866,1.0,20.0
2020-09-18 04:00:00,2020-09-18 17:00:00,-201.13166508110055,26.06122887659216,383.71175999999997,376.761525,LONG,stop_loss,-2.0113166508110054,1.0,20.0
2020-09-18 22:00:00,2020-09-19 05:00:00,79.56502880056127,26.075065158328446,383.50815,379.68975,SHORT,signal_reverse,0.7956502880056125,1.0,20.0
2020-09-19 05:00:00,2020-09-19 11:00:00,167.69916754402846,26.337292486826414,379.68975,386.81649500000003,LONG,signal_reverse,1.6769916754402845,1.0,20.0
2020-09-19 11:00:00,2020-09-20 01:00:00,136.04815404782593,25.852051629804464,386.816495,380.78029499999997,SHORT,signal_reverse,1.3604815404782593,1.0,20.0
2020-09-20 01:00:00,2020-09-20 12:00:00,-243.13470816550245,26.261863156548056,380.78029499999997,372.2837650000001,LONG,stop_loss,-2.4313470816550242,1.0,20.0
2020-09-21 00:00:00,2020-09-21 07:00:00,88.21287306935717,26.732759315050036,374.07286999999997,370.02491999999995,SHORT,signal_reverse,0.8821287306935717,1.0,20.0
2020-09-21 07:00:00,2020-09-21 09:00:00,-330.9052763257124,27.025206842825614,370.02491999999995,358.52065,LONG,stop_loss,-3.309052763257124,1.0,20.0
2020-09-21 21:00:00,2020-09-21 23:00:00,203.9353957771307,28.725244046082757,348.12585,340.33008,SHORT,signal_reverse,2.039353957771307,1.0,20.0
2020-09-21 23:00:00,2020-09-22 17:00:00,67.2148885576045,29.383238766317685,340.33008,343.2982650000001,LONG,signal_reverse,0.6721488855760449,1.0,20.0
2020-09-22 17:00:00,2020-09-23 03:00:00,36.44275539813828,29.129188870208825,343.298265,341.360595,SHORT,signal_reverse,0.3644275539813828,1.0,20.0
2020-09-23 03:00:00,2020-09-23 07:00:00,-185.17840906622448,29.294535299248587,341.360595,335.722055,LONG,stop_loss,-1.8517840906622447,1.0,20.0
2020-09-23 12:00:00,2020-09-23 15:00:00,34.067494138166474,29.376365321659012,340.40970999999996,338.56919999999997,SHORT,signal_reverse,0.3406749413816647,1.0,20.0
2020-09-23 15:00:00,2020-09-23 19:00:00,-345.2823942638592,29.536059393471117,338.56919999999997,327.55614,LONG,stop_loss,-3.452823942638592,1.0,20.0
2020-09-24 06:00:00,2020-09-24 07:00:00,85.39651265197818,30.86878068733013,323.95189500000004,327.366235,LONG,signal_reverse,0.853965126519782,1.0,20.0
2020-09-24 07:00:00,2020-09-24 10:00:00,-198.09655904189438,30.546827775320207,327.36623499999996,333.196515,SHORT,stop_loss,-1.9809655904189438,1.0,20.0
2020-09-25 05:00:00,2020-09-25 12:00:00,85.46589421628268,29.319455848491128,341.07045,344.66758,LONG,signal_reverse,0.8546589421628268,1.0,20.0
2020-09-25 12:00:00,2020-09-25 17:00:00,-175.43512969801247,29.01346276896713,344.66758,350.024925,SHORT,stop_loss,-1.7543512969801247,1.0,20.0
2020-09-26 05:00:00,2020-09-26 08:00:00,38.344939575611036,28.34679841691635,352.773525,350.71527,SHORT,signal_reverse,0.38344939575611037,1.0,20.0
2020-09-26 08:00:00,2020-09-26 16:00:00,83.43062621710082,28.513158266533416,350.71527000000003,354.34274,LONG,signal_reverse,0.8343062621710082,1.0,20.0
2020-09-26 16:00:00,2020-09-27 00:00:00,-180.21719536288407,28.22126396606856,354.34274,360.01991999999996,SHORT,stop_loss,-1.8021719536288408,1.0,20.0
2020-09-27 06:00:00,2020-09-27 12:00:00,-60.52559305677741,28.283206934974462,353.566695,352.133845,LONG,stop_loss,-0.605255930567774,1.0,20.0
2020-09-27 15:00:00,2020-09-28 00:00:00,-100.13700153396968,28.15138576604003,355.22229999999996,358.068945,SHORT,stop_loss,-1.0013700153396967,1.0,20.0
2020-09-28 10:00:00,2020-09-28 12:00:00,-176.6942160554831,27.873746312059463,358.76053,364.3821,SHORT,stop_loss,-1.766942160554831,1.0,19.999999999999996
2020-09-28 12:00:00,2020-09-28 22:00:00,51.90003568505749,27.471176554779312,364.0179,361.40061000000003,SHORT,signal_reverse,0.5190003568505749,1.0,20.0
2020-09-28 22:00:00,2020-09-28 23:00:00,-226.07809710116433,27.67012485120044,361.40061000000003,353.952935,LONG,stop_loss,-2.2607809710116435,1.0,20.0
2020-09-29 10:00:00,2020-09-29 15:00:00,22.699891367294008,28.020507761302373,356.88147,355.35758999999996,SHORT,signal_reverse,0.2269989136729401,1.0,20.0
2020-09-29 15:00:00,2020-09-29 20:00:00,37.790098137483966,28.140668108425654,355.35759,357.411205,LONG,signal_reverse,0.3779009813748397,1.0,20.0
2020-09-29 20:00:00,2020-09-30 03:00:00,30.73973548199164,27.978977323892238,357.411205,355.59771,SHORT,signal_reverse,0.3073973548199164,1.0,20.0
2020-09-30 03:00:00,2020-09-30 15:00:00,25.376979508669365,28.12166591286541,355.59771,357.211305,LONG,signal_reverse,0.2537697950866937,1.0,20.0
2020-09-30 15:00:00,2020-10-01 02:00:00,-178.73083859985786,27.99463471627809,357.211305,362.88134999999994,SHORT,stop_loss,-1.7873083859985786,1.0,20.0
2020-10-01 15:00:00,2020-10-01 16:00:00,-339.3636133016539,27.685453711014972,361.20051,349.66508,LONG,stop_loss,-3.3936361330165394,1.0,20.0
2020-10-02 00:00:00,2020-10-02 05:00:00,-269.93272758760037,28.47660189393038,351.165495,342.38872000000003,LONG,stop_loss,-2.699327275876004,1.0,20.0
2020-10-02 14:00:00,2020-10-02 21:00:00,41.51580001444467,29.05896747386182,344.12785,342.01091999999994,SHORT,signal_reverse,0.4151580001444467,1.0,20.0
2020-10-02 21:00:00,2020-10-03 03:00:00,155.8709926571946,29.238832491079524,342.01092,348.02590000000004,LONG,signal_reverse,1.558709926571946,1.0,20.0
2020-10-03 03:00:00,2020-10-03 22:00:00,-9.019064385725708,28.733493685383763,348.0259,347.643735,SHORT,signal_reverse,-0.09019064385725709,1.0,20.0
2020-10-03 22:00:00,2020-10-04 06:00:00,20.60622579607277,28.765080435003377,347.64373500000005,349.05538500000006,LONG,signal_reverse,0.2060622579607277,1.0,20.0
2020-10-04 06:00:00,2020-10-04 10:00:00,51.97138643198435,28.64874867923897,349.055385,346.543185,SHORT,signal_reverse,0.5197138643198435,1.0,20.0
2020-10-04 10:00:00,2020-10-04 16:00:00,24.516385454240165,28.85643242414362,346.543185,348.08587,LONG,signal_reverse,0.24516385454240167,1.0,20.0
2020-10-04 16:00:00,2020-10-04 19:00:00,-157.33608319119554,28.728543333287273,348.08587,352.86634499999997,SHORT,stop_loss,-1.5733608319119554,1.0,20.0
2020-10-05 06:00:00,2020-10-05 12:00:00,20.711344689800406,28.50096238487161,350.865345,352.29376500000006,LONG,signal_reverse,0.20711344689800407,1.0,20.0
2020-10-05 12:00:00,2020-10-05 17:00:00,18.842299692702014,28.385401598010116,352.293765,350.925375,SHORT,signal_reverse,0.18842299692702014,1.0,20.0
2020-10-05 17:00:00,2020-10-05 23:00:00,43.77296027681098,28.496086952959732,350.925375,353.16333,LONG,signal_reverse,0.4377296027681098,1.0,20.0
2020-10-05 23:00:00,2020-10-06 07:00:00,35.71982799006957,28.315510559944038,353.16333,351.19550999999996,SHORT,signal_reverse,0.3571982799006957,1.0,20.0
2020-10-06 07:00:00,2020-10-06 11:00:00,-174.00225361651044,28.474168135008338,351.19550999999996,345.78702,LONG,stop_loss,-1.7400225361651045,1.0,20.0
2020-10-06 15:00:00,2020-10-06 18:00:00,200.4407459698679,28.471023878804317,351.23429500000003,343.49165999999997,SHORT,signal_reverse,2.0044074596986787,1.0,20.0
2020-10-06 18:00:00,2020-10-06 20:00:00,-209.24011139018359,29.112788357073942,343.49165999999997,336.99142000000006,LONG,stop_loss,-2.0924011139018357,1.0,20.0
2020-10-07 00:00:00,2020-10-07 01:00:00,-98.02233364348412,29.463792998115213,339.39961500000004,336.75154000000003,LONG,stop_loss,-0.9802233364348412,1.0,20.0
2020-10-07 06:00:00,2020-10-07 16:00:00,43.667037600434085,29.33674202806306,340.86948,338.69926499999997,SHORT,signal_reverse,0.4366703760043409,1.0,20.000000000000004
2020-10-07 16:00:00,2020-10-07 18:00:00,49.68187545373185,29.524717155793063,338.69926499999997,341.059385,LONG,signal_reverse,0.4968187545373185,1.0,20.0
2020-10-07 18:00:00,2020-10-08 02:00:00,30.13188538998985,29.320407060488893,341.059385,339.34959,SHORT,signal_reverse,0.30131885389989854,1.0,20.0
2020-10-08 02:00:00,2020-10-08 12:00:00,11.534294766644242,29.46813638407519,339.34959000000003,340.419705,LONG,signal_reverse,0.11534294766644242,1.0,20.0
2020-10-08 12:00:00,2020-10-08 14:00:00,-295.98622706050395,29.375502807629776,340.41970499999996,349.81481999999994,SHORT,stop_loss,-2.9598622706050395,1.0,19.999999999999996
2020-10-09 01:00:00,2020-10-09 05:00:00,27.31561530174043,28.50346856571216,350.834495,349.17449999999997,SHORT,signal_reverse,0.2731561530174043,1.0,20.0
2020-10-09 05:00:00,2020-10-09 08:00:00,25.250583877116153,28.638975641119266,349.1745,350.75453500000003,LONG,signal_reverse,0.2525058387711615,1.0,20.0
2020-10-09 08:00:00,2020-10-09 10:00:00,-174.33756259202548,28.5099663786243,350.75453500000003,356.16799499999996,SHORT,stop_loss,-1.7433756259202546,1.0,20.0
2020-10-09 10:00:00,2020-10-09 11:00:00,-115.7672858733361,28.104729068936276,355.812005,359.21952,SHORT,stop_loss,-1.1576728587333611,1.0,20.0
2020-10-10 13:00:00,2020-10-10 23:00:00,64.9031694951165,26.72133566916998,374.23279,371.055435,SHORT,signal_reverse,0.649031694951165,1.0,20.0
2020-10-10 23:00:00,2020-10-11 09:00:00,23.878349336132366,26.950150992937214,371.055435,372.68356500000004,LONG,signal_reverse,0.23878349336132368,1.0,20.0
2020-10-11 09:00:00,2020-10-12 06:00:00,-10.139087566149938,26.832414785986067,372.683565,372.316065,SHORT,signal_reverse,-0.10139087566149937,1.0,20.0
2020-10-12 06:00:00,2020-10-12 10:00:00,-155.6318051975537,26.858900112193655,372.316065,367.266275,LONG,stop_loss,-1.5563180519755369,1.0,20.0
2020-10-12 10:00:00,2020-10-12 13:00:00,409.62502964057666,27.200986525379307,367.63372499999997,383.42819000000003,LONG,signal_reverse,4.096250296405766,1.0,20.0
2020-10-12 13:00:00,2020-10-12 18:00:00,-153.16652591453777,26.080502844613484,383.42819000000003,388.53416999999996,SHORT,stop_loss,-1.5316652591453777,1.0,20.0
2020-10-13 02:00:00,2020-10-13 13:00:00,-194.84399571641157,26.014425701440942,384.402105,377.68106500000005,LONG,stop_loss,-1.9484399571641158,1.0,20.0
2020-10-13 17:00:00,2020-10-13 21:00:00,143.554996660945,26.549972105271813,376.64822999999996,382.80850000000004,LONG,signal_reverse,1.4355499666094498,1.0,20.0
2020-10-13 21:00:00,2020-10-14 10:00:00,53.8908618800257,26.122721935380227,382.8085,379.979895,SHORT,signal_reverse,0.5389086188002571,1.0,20.000000000000004
2020-10-14 10:00:00,2020-10-14 13:00:00,152.29187875848126,26.31718186037185,379.979895,386.52664000000004,LONG,signal_reverse,1.5229187875848127,1.0,20.0
2020-10-14 13:00:00,2020-10-14 15:00:00,267.1476077302214,25.87143799454547,386.52664000000004,375.42762,SHORT,signal_reverse,2.671476077302214,1.0,20.0
2020-10-14 15:00:00,2020-10-15 05:00:00,62.919178935211946,26.636292769295984,375.42762,378.54063500000007,LONG,signal_reverse,0.6291917893521195,1.0,20.0
2020-10-15 05:00:00,2020-10-15 08:00:00,63.82310131645449,26.417243158056202,378.540635,375.36759,SHORT,signal_reverse,0.6382310131645449,1.0,20.0
2020-10-15 08:00:00,2020-10-15 12:00:00,-19.876654241778837,26.640552531453235,375.36759,375.37222,LONG,stop_loss,-0.19876654241778838,1.0,20.0
2020-10-15 13:00:00,2020-10-16 04:00:00,196.6506415791424,26.527209940742985,376.97142,368.80431,SHORT,signal_reverse,1.966506415791424,1.0,20.0
2020-10-16 04:00:00,2020-10-16 09:00:00,-176.6119170353513,27.11465058529278,368.80431,363.028395,LONG,stop_loss,-1.7661191703535128,1.0,19.999999999999996
2020-10-16 15:00:00,2020-10-17 02:00:00,-2.7891065360569565,27.21950571555181,367.3836,368.0159,LONG,signal_reverse,-0.027891065360569567,1.0,20.0
2020-10-17 02:00:00,2020-10-17 08:00:00,13.221254842522093,27.17273900393978,368.0159,366.793305,SHORT,signal_reverse,0.13221254842522093,1.0,20.0
2020-10-17 08:00:00,2020-10-17 22:00:00,4.339593657523539,27.263311144678607,366.79330500000003,367.68606500000004,LONG,signal_reverse,0.0433959365752354,1.0,20.0
2020-10-17 22:00:00,2020-10-18 06:00:00,-188.915566598913,27.19711447318516,367.686065,373.89685499999996,SHORT,stop_loss,-1.8891556659891298,1.0,19.999999999999996
2020-10-18 10:00:00,2020-10-18 23:00:00,-186.64222279430112,26.854020724295097,372.383715,378.58919999999995,SHORT,stop_loss,-1.8664222279430112,1.0,19.999999999999996
2020-10-19 01:00:00,2020-10-19 09:00:00,-1.2260896189758388,26.65120790003633,375.217515,375.92194500000005,LONG,signal_reverse,-0.012260896189758386,1.0,20.0
2020-10-19 09:00:00,2020-10-19 15:00:00,-232.80800725799693,26.60126691991871,375.921945,383.921865,SHORT,stop_loss,-2.328080072579969,1.0,20.0
2020-10-20 01:00:00,2020-10-20 03:00:00,9.862601924921444,26.408969003489375,378.659235,379.79001000000005,LONG,signal_reverse,0.09862601924921445,1.0,20.0
2020-10-20 03:00:00,2020-10-20 05:00:00,17.940176467516356,26.330339758015224,379.79001,378.34908,SHORT,signal_reverse,0.17940176467516358,1.0,20.0
2020-10-20 05:00:00,2020-10-20 11:00:00,-298.395813728422,26.430617989080346,378.34908,367.81600000000003,LONG,stop_loss,-2.98395813728422,1.0,20.0
2020-10-20 11:00:00,2020-10-21 00:00:00,88.90777437368314,27.16033287703974,368.184,372.19381000000004,LONG,signal_reverse,0.8890777437368315,1.0,20.0
2020-10-21 00:00:00,2020-10-21 03:00:00,-187.79739028975266,26.867722491139766,372.19381,378.439125,SHORT,stop_loss,-1.8779739028975266,1.0,20.0
2020-10-21 03:00:00,2020-10-21 13:00:00,-222.3982248890456,26.450766692004297,378.060875,385.71275999999995,SHORT,stop_loss,-2.2239822488904557,1.0,20.0
2020-10-21 20:00:00,2020-10-21 22:00:00,-182.8314410395395,25.331685490304398,394.76252,401.190495,SHORT,stop_loss,-1.828314410395395,1.0,20.0
2020-10-22 08:00:00,2020-10-22 10:00:00,-287.5164991112564,25.13503957103536,397.850975,408.494145,SHORT,stop_loss,-2.875164991112564,1.0,20.0
2020-10-23 00:00:00,2020-10-23 05:00:00,79.93161396954991,24.22502362817961,412.796295,416.92143500000003,LONG,signal_reverse,0.7993161396954992,1.0,20.0
2020-10-23 05:00:00,2020-10-23 14:00:00,44.146737862013595,23.985334311247396,416.921435,414.24702,SHORT,signal_reverse,0.4414673786201359,1.0,20.0
2020-10-23 14:00:00,2020-10-23 16:00:00,-230.74092458166578,24.14018572782974,414.24702,405.51714000000004,LONG,stop_loss,-2.307409245816658,1.0,20.0
2020-10-24 00:00:00,2020-10-24 01:00:00,38.22369672789032,24.463378365397908,408.774285,411.15432000000004,LONG,signal_reverse,0.3822369672789032,1.0,19.999999999999996
2020-10-24 01:00:00,2020-10-24 07:00:00,-3.4810199732286664,24.32176804076873,411.15432000000004,410.47513499999997,SHORT,signal_reverse,-0.03481019973228666,1.0,20.000000000000004
2020-10-24 07:00:00,2020-10-24 10:00:00,49.62894354124777,24.36201159907043,410.47513499999997,413.33323000000007,LONG,signal_reverse,0.4962894354124777,1.0,20.0
2020-10-24 10:00:00,2020-10-24 20:00:00,15.501621778631199,24.193554435485385,413.33323,411.86583,SHORT,signal_reverse,0.155016217786312,1.0,20.000000000000004
2020-10-24 20:00:00,2020-10-25 00:00:00,16.841487918528195,24.27975149091635,411.86583,413.383205,LONG,signal_reverse,0.16841487918528192,1.0,20.0
2020-10-25 00:00:00,2020-10-25 05:00:00,130.70109101311988,24.19062961205693,413.383205,407.15347499999996,SHORT,signal_reverse,1.3070109101311986,1.0,20.0
2020-10-25 05:00:00,2020-10-26 02:00:00,26.466507500642624,24.560762989926584,407.153475,409.04537500000004,LONG,signal_reverse,0.2646650750064262,1.0,19.999999999999996
2020-10-26 02:00:00,2020-10-26 05:00:00,17.44621241592103,24.447165549787726,409.045375,407.51365499999997,SHORT,signal_reverse,0.17446212415921028,1.0,20.000000000000004
2020-10-26 05:00:00,2020-10-26 08:00:00,-48.390091615457045,24.53905501645092,407.513655,406.35672000000005,LONG,stop_loss,-0.4839009161545705,1.0,20.0
2020-10-26 11:00:00,2020-10-26 15:00:00,-293.88285761826893,24.674753743181736,405.272535,394.172815,LONG,stop_loss,-2.938828576182689,1.0,20.000000000000004
2020-10-27 09:00:00,2020-10-27 10:00:00,85.22820449480972,25.50461226045734,392.085945,396.21179500000005,LONG,signal_reverse,0.8522820449480972,1.0,20.000000000000004
2020-10-27 10:00:00,2020-10-27 11:00:00,-190.35295478772684,25.239026516108634,396.21179500000005,402.96137999999996,SHORT,stop_loss,-1.9035295478772685,1.0,20.0
2020-10-28 01:00:00,2020-10-28 06:00:00,102.27392013158747,24.529279448000946,407.67606,402.691245,SHORT,signal_reverse,1.0227392013158747,1.0,20.0
2020-10-28 06:00:00,2020-10-28 07:00:00,-166.50777917955364,24.832921311711164,402.691245,396.79150500000003,LONG,stop_loss,-1.6650777917955364,1.0,20.000000000000004
2020-10-29 01:00:00,2020-10-29 07:00:00,88.36733974986925,25.55360381388559,391.334235,387.09344999999996,SHORT,signal_reverse,0.8836733974986923,1.0,20.0
2020-10-29 07:00:00,2020-10-29 12:00:00,-92.7391538141479,25.833555178988433,387.09344999999996,384.27776500000004,LONG,stop_loss,-0.9273915381414789,1.0,20.0
2020-10-29 14:00:00,2020-10-29 21:00:00,38.67955228062171,25.61575733844699,390.38471,388.09394999999995,SHORT,signal_reverse,0.38679552280621704,1.0,20.0
2020-10-29 21:00:00,2020-10-30 00:00:00,63.23474251531317,25.76695668664766,388.09394999999995,391.32424000000003,LONG,signal_reverse,0.6323474251531317,1.0,20.000000000000004
2020-10-30 00:00:00,2020-10-30 02:00:00,134.39102366876136,25.55425649073004,391.32424,385.28254499999997,SHORT,signal_reverse,1.3439102366876134,1.0,20.0
2020-10-30 02:00:00,2020-10-30 07:00:00,-193.42960605702862,25.954978053833194,385.28254499999997,378.60060500000003,LONG,stop_loss,-1.9342960605702861,1.0,20.0
2020-10-30 13:00:00,2020-10-30 15:00:00,67.60227918148178,26.390839116918713,378.919365,382.238785,LONG,signal_reverse,0.6760227918148178,1.0,20.0
2020-10-30 15:00:00,2020-10-31 08:00:00,-156.69073377783855,26.161657038544636,382.238785,387.46363499999995,SHORT,stop_loss,-1.5669073377783855,1.0,20.0
2020-10-31 08:00:00,2020-10-31 10:00:00,-72.91203972115365,25.834695435356792,387.076365,389.124465,SHORT,stop_loss,-0.7291203972115364,1.0,20.0
2020-10-31 15:00:00,2020-10-31 17:00:00,47.40119176195993,25.618380962899124,390.34473,387.71376,SHORT,signal_reverse,0.47401191761959927,1.0,20.0
2020-10-31 17:00:00,2020-11-01 01:00:00,25.688344927454434,25.792223623943606,387.71376,389.48516,LONG,signal_reverse,0.2568834492745443,1.0,20.000000000000004
2020-11-01 01:00:00,2020-11-01 04:00:00,49.11328791063617,25.674919167651982,389.48516,386.7933,SHORT,signal_reverse,0.4911328791063617,1.0,20.0
2020-11-01 04:00:00,2020-11-01 07:00:00,28.146516498605603,25.85360191089142,386.79330000000004,388.65557500000006,LONG,signal_reverse,0.28146516498605606,1.0,20.0
2020-11-01 07:00:00,2020-11-01 20:00:00,-169.7872505752674,25.729722261156294,388.655575,394.47713999999996,SHORT,stop_loss,-1.697872505752674,1.0,20.0
2020-11-01 20:00:00,2020-11-02 00:00:00,-248.0884532760452,25.375374102796556,394.08286,403.071435,SHORT,stop_loss,-2.480884532760452,1.0,20.0
2020-11-02 07:00:00,2020-11-02 08:00:00,347.2489397852096,25.037543796923483,399.40020000000004,384.73226999999997,SHORT,signal_reverse,3.4724893978520956,1.0,20.0
2020-11-02 08:00:00,2020-11-02 12:00:00,-118.84354125012774,25.992100948537537,384.73227,380.92944,LONG,stop_loss,-1.1884354125012775,1.0,20.0
2020-11-02 18:00:00,2020-11-03 02:00:00,-169.14530209233303,25.973863721708437,385.002405,379.26027500000004,LONG,stop_loss,-1.69145302092333,1.0,20.0
2020-11-03 02:00:00,2020-11-03 03:00:00,-160.57986160431318,26.34076294307715,379.639725,374.30275500000005,LONG,stop_loss,-1.6057986160431317,1.0,20.0
2020-11-03 10:00:00,2020-11-03 22:00:00,-209.87104905477088,26.244694667778777,381.02939000000003,388.264035,SHORT,stop_loss,-2.0987104905477088,1.0,20.000000000000004
2020-11-04 03:00:00,2020-11-04 07:00:00,179.3193599827945,25.89353373858181,386.196805,378.499155,SHORT,signal_reverse,1.7931935998279451,1.0,20.0
2020-11-04 07:00:00,2020-11-04 15:00:00,116.03531030339983,26.420138243109154,378.49915500000003,383.64808,LONG,signal_reverse,1.1603531030339982,1.0,20.0
2020-11-04 15:00:00,2020-11-04 16:00:00,-489.7704990469387,26.06555466144911,383.64808,401.670735,SHORT,stop_loss,-4.8977049904693875,1.0,20.0
2020-11-05 08:00:00,2020-11-05 10:00:00,153.1425797244124,25.031311041198656,399.49965000000003,406.41669,LONG,signal_reverse,1.531425797244124,1.0,20.0
2020-11-05 10:00:00,2020-11-05 14:00:00,-215.86781733791366,24.605288724732244,406.41669,414.37708499999997,SHORT,stop_loss,-2.158678173379137,1.0,20.0
2020-11-05 19:00:00,2020-11-05 23:00:00,-128.3298768393213,24.205846421142006,413.123335,417.59869499999996,SHORT,stop_loss,-1.2832987683932129,1.0,20.0
2020-11-06 04:00:00,2020-11-06 07:00:00,-180.8253903737583,23.26311965506563,429.86496,436.77828,SHORT,stop_loss,-1.8082539037375829,1.0,20.0
2020-11-06 10:00:00,2020-11-06 22:00:00,-278.0919714314207,22.521615570976557,444.01788,455.477625,SHORT,stop_loss,-2.780919714314207,1.0,20.0
2020-11-07 05:00:00,2020-11-07 14:00:00,246.72224663409,21.727333437392776,460.24976000000004,447.97387499999996,SHORT,signal_reverse,2.4672224663409,1.0,20.000000000000004
2020-11-07 14:00:00,2020-11-07 15:00:00,-17.72363957607933,22.322730315467616,447.973875,448.07585000000006,LONG,stop_loss,-0.1772363957607933,1.0,20.000000000000004
2020-11-07 17:00:00,2020-11-07 18:00:00,-291.8140471346184,22.3506842701103,447.413595,435.2522650000001,LONG,stop_loss,-2.9181404713461845,1.0,20.0
2020-11-08 07:00:00,2020-11-08 10:00:00,160.09885907363886,22.914332054266776,436.408095,444.267755,LONG,signal_reverse,1.6009885907363888,1.0,20.0
2020-11-08 10:00:00,2020-11-08 14:00:00,-246.87455676363408,22.508948460596695,444.267755,454.34706,SHORT,stop_loss,-2.468745567636341,1.0,20.0
2020-11-08 22:00:00,2020-11-09 04:00:00,67.63856410266929,21.980803878222698,454.94241500000004,450.955365,SHORT,signal_reverse,0.676385641026693,1.0,20.000000000000004
2020-11-09 04:00:00,2020-11-09 08:00:00,-83.63201821537311,22.17514365307529,450.95536500000003,448.085845,LONG,stop_loss,-0.8363201821537312,1.0,20.0
2020-11-09 11:00:00,2020-11-09 13:00:00,224.00951293174364,21.81164704872602,458.47065,447.28353,SHORT,signal_reverse,2.2400951293174365,1.0,20.0
2020-11-09 13:00:00,2020-11-09 15:00:00,-214.12608373932247,22.357183596722198,447.28353,438.60059,LONG,stop_loss,-2.1412608373932245,1.0,20.0
2020-11-09 22:00:00,2020-11-10 03:00:00,119.6848792247603,22.553427575762406,443.391585,449.585095,LONG,signal_reverse,1.196848792247603,1.0,20.000000000000004
2020-11-10 03:00:00,2020-11-10 14:00:00,103.07303025693217,22.24273026666954,449.585095,444.05191499999995,SHORT,signal_reverse,1.0307303025693217,1.0,20.0
2020-11-10 14:00:00,2020-11-10 19:00:00,69.7182258520376,22.519889369241884,444.051915,448.03587,LONG,signal_reverse,0.6971822585203761,1.0,20.000000000000004
2020-11-10 19:00:00,2020-11-10 23:00:00,-77.56960932614577,22.319641505489283,448.03587,450.61519499999997,SHORT,stop_loss,-0.7756960932614576,1.0,20.0
2020-11-11 00:00:00,2020-11-11 16:00:00,-187.3420798368128,21.571803581825407,463.5681,471.325545,SHORT,stop_loss,-1.873420798368128,1.0,19.999999999999996
2020-11-11 16:00:00,2020-11-11 23:00:00,129.35952979355417,21.237985313317257,470.854455,463.82179499999995,SHORT,signal_reverse,1.2935952979355418,1.0,20.0
2020-11-11 23:00:00,2020-11-12 00:00:00,-153.68755127170937,21.560004527169752,463.82179499999995,457.6210750000001,LONG,stop_loss,-1.5368755127170937,1.0,20.0
2020-11-12 07:00:00,2020-11-12 10:00:00,120.47289939396947,21.48610007784951,465.417175,458.87932499999994,SHORT,signal_reverse,1.2047289939396946,1.0,19.999999999999996
2020-11-12 10:00:00,2020-11-12 21:00:00,68.23877606601866,21.792221734984466,458.879325,462.9284200000001,LONG,signal_reverse,0.6823877606601866,1.0,20.0
2020-11-12 21:00:00,2020-11-13 05:00:00,11.706953744598323,21.601611756737682,462.92842,461.460615,SHORT,signal_reverse,0.11706953744598322,1.0,20.0
2020-11-13 05:00:00,2020-11-13 08:00:00,59.02548736472282,21.670321745659702,461.460615,465.10733,LONG,signal_reverse,0.5902548736472282,1.0,20.0
2020-11-13 08:00:00,2020-11-13 13:00:00,-164.44977678592983,21.500413678709386,465.10733,471.82579499999997,SHORT,stop_loss,-1.6444977678592982,1.0,20.0
2020-11-13 16:00:00,2020-11-13 22:00:00,-189.23909472784086,21.30582529706899,469.35520499999996,477.29852999999997,SHORT,stop_loss,-1.8923909472784086,1.0,20.0
2020-11-13 22:00:00,2020-11-14 02:00:00,98.40909764403048,20.97220999717148,476.82147,471.17546999999996,SHORT,signal_reverse,0.9840909764403047,1.0,20.0
2020-11-14 02:00:00,2020-11-14 08:00:00,-190.1524275022219,21.22351573183553,471.17547,463.158305,LONG,stop_loss,-1.9015242750222192,1.0,20.0
2020-11-14 22:00:00,2020-11-15 02:00:00,39.9329515504022,21.641796455225236,462.06885,459.299535,SHORT,signal_reverse,0.399329515504022,1.0,20.000000000000004
2020-11-15 02:00:00,2020-11-15 17:00:00,-312.0227210767798,21.772284180518493,459.299535,445.886945,LONG,stop_loss,-3.120227210767798,1.0,20.0
2020-11-16 04:00:00,2020-11-16 14:00:00,-221.35674916161983,22.187484756504613,450.704535,459.779775,SHORT,stop_loss,-2.2135674916161983,1.0,20.0
2020-11-17 00:00:00,2020-11-17 16:00:00,-325.61767185401226,21.36405906611139,468.075845,482.38106999999997,SHORT,stop_loss,-3.256176718540123,1.0,20.0
2020-11-18 05:00:00,2020-11-18 22:00:00,181.46512793673335,21.24155756949595,470.77527000000003,480.25975000000005,LONG,signal_reverse,1.8146512793673335,1.0,20.0
2020-11-18 22:00:00,2020-11-19 06:00:00,111.65583832499102,20.822065559314517,480.25975,473.93684999999994,SHORT,signal_reverse,1.1165583832499102,1.0,20.0
2020-11-19 06:00:00,2020-11-19 09:00:00,-180.7835516482834,21.09985750211236,473.93685,466.316725,LONG,stop_loss,-1.807835516482834,1.0,20.0
2020-11-19 13:00:00,2020-11-19 21:00:00,42.516033321155774,21.010085050925294,475.9619,472.98637499999995,SHORT,signal_reverse,0.4251603332115578,1.0,20.0
2020-11-19 21:00:00,2020-11-20 01:00:00,116.44758794584811,21.142258061873346,472.986375,479.44016000000005,LONG,signal_reverse,1.164475879458481,1.0,20.0
2020-11-20 01:00:00,2020-11-20 03:00:00,-141.85796033440306,20.85766031781735,479.44016,485.28252,SHORT,stop_loss,-1.4185796033440305,1.0,20.0
2020-11-20 19:00:00,2020-11-21 00:00:00,-152.1834656601831,19.601509543612366,510.16479000000004,516.908325,SHORT,stop_loss,-1.5218346566018308,1.0,20.0
2020-11-21 04:00:00,2020-11-21 08:00:00,228.39446421014983,19.779550579337105,505.57266,518.130805,LONG,signal_reverse,2.283944642101498,1.0,20.0
2020-11-21 08:00:00,2020-11-21 14:00:00,-322.54840763617415,19.300145645654094,518.130805,533.8067699999999,SHORT,stop_loss,-3.225484076361741,1.0,20.0
2020-11-22 02:00:00,2020-11-22 08:00:00,224.01444337099926,18.200179184404103,549.44514,536.037885,SHORT,signal_reverse,2.2401444337099927,1.0,19.999999999999996
2020-11-22 08:00:00,2020-11-22 11:00:00,-272.76683568736735,18.65539783629286,536.037885,522.4886250000001,LONG,stop_loss,-2.7276683568736733,1.0,20.0
2020-11-22 16:00:00,2020-11-22 18:00:00,-175.26606708162458,18.05826745587074,553.76298,562.36104,SHORT,stop_loss,-1.752660670816246,1.0,20.0
2020-11-23 00:00:00,2020-11-23 03:00:00,347.66755225155737,18.061734249070483,553.65669,574.01285,LONG,signal_reverse,3.4766755225155737,1.0,20.0
2020-11-23 03:00:00,2020-11-23 04:00:00,-167.1784995754007,17.42121278295425,574.01285,582.4610849999999,SHORT,stop_loss,-1.6717849957540072,1.0,20.0
2020-11-23 17:00:00,2020-11-23 21:00:00,-169.30724988493603,16.734691234152855,597.56107,606.48309,SHORT,stop_loss,-1.6930724988493604,1.0,20.0
2020-11-23 21:00:00,2020-11-24 01:00:00,-225.02654573847414,16.505002641543147,605.87691,618.298995,SHORT,stop_loss,-2.2502654573847414,1.0,19.999999999999996
2020-11-24 07:00:00,2020-11-24 08:00:00,229.7619497912872,16.500755284946468,606.032865,621.16926,LONG,signal_reverse,2.297619497912872,1.0,20.0
2020-11-24 08:00:00,2020-11-24 12:00:00,354.46242912921963,16.09867172113443,621.16926,597.908805,SHORT,signal_reverse,3.5446242912921964,1.0,20.0
2020-11-24 12:00:00,2020-11-25 03:00:00,-249.8182412617257,16.72495858293975,597.908805,584.16777,LONG,stop_loss,-2.4981824126172567,1.0,20.0
2020-11-25 10:00:00,2020-11-25 13:00:00,125.09876126556614,16.59809964041711,602.47861,593.73672,SHORT,signal_reverse,1.2509876126556614,1.0,20.0
2020-11-25 13:00:00,2020-11-25 17:00:00,-83.5273156088457,16.842481967428252,593.7367200000001,589.96487,LONG,stop_loss,-0.835273156088457,1.0,20.0
2020-11-25 19:00:00,2020-11-25 20:00:00,-108.17231851902207,17.040615301174046,586.83327,581.659025,LONG,stop_loss,-1.0817231851902207,1.0,20.0
2020-11-26 13:00:00,2020-11-26 14:00:00,-202.12219600471548,19.50320500068417,512.7362400000001,503.398175,LONG,stop_loss,-2.021221960047155,1.0,20.0
2020-11-26 20:00:00,2020-11-27 00:00:00,-179.0644687030451,19.174385291497778,521.529105,529.8247799999999,SHORT,stop_loss,-1.7906446870304509,1.0,20.0
2020-11-27 05:00:00,2020-11-27 08:00:00,318.8696759207452,18.992392606637605,526.526605,508.684215,SHORT,signal_reverse,3.1886967592074518,1.0,19.999999999999996
2020-11-27 08:00:00,2020-11-27 15:00:00,-263.02896837480904,19.65856164811405,508.684215,496.32171500000004,LONG,stop_loss,-2.6302896837480905,1.0,20.0
2020-11-27 20:00:00,2020-11-28 08:00:00,98.70978318831429,19.433604298993117,514.572585,508.46410499999996,SHORT,signal_reverse,0.9870978318831429,1.0,20.000000000000004
2020-11-28 08:00:00,2020-11-28 10:00:00,135.12579791645476,19.66707168050732,508.46410499999996,516.3516950000001,LONG,signal_reverse,1.3512579791645476,1.0,20.0
2020-11-28 10:00:00,2020-11-28 13:00:00,-253.02654211292773,19.366645053813563,516.3516950000001,528.38406,SHORT,stop_loss,-2.530265421129277,1.0,20.000000000000004
2020-11-29 01:00:00,2020-11-29 03:00:00,150.0050875463168,18.720388265345516,534.176955,543.258235,LONG,signal_reverse,1.5000508754631678,1.0,20.0
2020-11-29 03:00:00,2020-11-29 08:00:00,-175.4965844190089,18.407452212850487,543.258235,551.7057149999999,SHORT,stop_loss,-1.754965844190089,1.0,20.0
2020-11-29 08:00:00,2020-11-29 21:00:00,-316.63790058350037,18.14373991485887,551.154285,567.50361,SHORT,stop_loss,-3.1663790058350036,1.0,20.0
2020-11-30 09:00:00,2020-11-30 11:00:00,165.16422149472976,17.325364012394914,577.18845,587.875915,LONG,signal_reverse,1.6516422149472976,1.0,20.000000000000004
2020-11-30 11:00:00,2020-11-30 13:00:00,-271.16278151997477,17.010392405683096,587.875915,602.64117,SHORT,stop_loss,-2.7116278151997477,1.0,20.0
2020-11-30 20:00:00,2020-11-30 23:00:00,-232.31922831240954,16.53418800094301,604.807445,617.64867,SHORT,stop_loss,-2.3231922831240954,1.0,20.0
2020-12-01 01:00:00,2020-12-01 10:00:00,-301.28461862673845,16.363551243417987,611.11429,628.303995,SHORT,stop_loss,-3.0128461862673843,1.0,20.0
2020-12-01 12:00:00,2020-12-01 13:00:00,176.78187026277556,17.3121600768189,577.62867,588.995355,LONG,stop_loss,1.7678187026277554,1.0,19.999999999999996
2020-12-01 18:00:00,2020-12-02 00:00:00,4.035282633234224,16.938959595211717,590.3550299999999,591.7739650000001,LONG,stop_loss,0.04035282633234224,1.0,20.0
2020-12-02 03:00:00,2020-12-02 07:00:00,181.7668251876286,17.072341786233878,585.7427250000001,597.5610700000001,LONG,signal_reverse,1.817668251876286,1.0,20.0
2020-12-02 07:00:00,2020-12-02 14:00:00,89.70786634410378,16.734691234152855,597.56107,591.005355,SHORT,signal_reverse,0.8970786634410378,1.0,20.0
2020-12-02 14:00:00,2020-12-02 19:00:00,77.3953104028985,16.920320459702094,591.005355,596.76147,LONG,signal_reverse,0.773953104028985,1.0,20.0
2020-12-02 19:00:00,2020-12-03 01:00:00,58.01383356737198,16.757114027485724,596.7614699999999,592.1059049999999,SHORT,signal_reverse,0.5801383356737199,1.0,20.0
2020-12-03 01:00:00,2020-12-03 07:00:00,83.61026546425157,16.88887058135318,592.1059049999999,598.24073,LONG,signal_reverse,0.8361026546425158,1.0,20.0
2020-12-03 07:00:00,2020-12-03 08:00:00,-144.89913550352765,16.71567898762092,598.24073,605.7127049999999,SHORT,stop_loss,-1.4489913550352764,1.0,20.0
2020-12-03 19:00:00,2020-12-04 01:00:00,4.716300697614617,16.29293484659831,613.762965,612.24597,SHORT,signal_reverse,0.04716300697614618,1.0,20.0
2020-12-04 01:00:00,2020-12-04 03:00:00,-171.6972010448676,16.33330473371674,612.24597,602.9583700000001,LONG,stop_loss,-1.7169720104486759,1.0,19.999999999999996
2020-12-04 07:00:00,2020-12-04 08:00:00,93.72380939159984,16.526128470156458,605.1024,611.983855,LONG,signal_reverse,0.9372380939159983,1.0,20.0
2020-12-04 08:00:00,2020-12-04 10:00:00,273.9130640954565,16.340300349916912,611.983855,593.99685,SHORT,signal_reverse,2.7391306409545653,1.0,20.0
2020-12-04 10:00:00,2020-12-04 11:00:00,-176.38719296238716,16.835106112094703,593.99685,584.7075,LONG,stop_loss,-1.7638719296238714,1.0,20.0
2020-12-04 20:00:00,2020-12-04 21:00:00,-158.21332377459166,16.968579696705813,589.324515,581.1792650000001,LONG,stop_loss,-1.5821332377459165,1.0,20.0
2020-12-05 05:00:00,2020-12-05 08:00:00,-203.62647719389193,17.09701550137669,584.897405,595.63767,SHORT,stop_loss,-2.036264771938919,1.0,20.0
2020-12-05 12:00:00,2020-12-06 00:00:00,-262.8233405940182,16.89920022507031,591.74398,606.112905,SHORT,stop_loss,-2.628233405940182,1.0,20.0
2020-12-06 07:00:00,2020-12-06 08:00:00,127.22631120382506,16.64753573478864,600.689505,591.8457749999999,SHORT,signal_reverse,1.2722631120382506,1.0,20.0
2020-12-06 08:00:00,2020-12-06 19:00:00,42.45385463806094,16.896293633252682,591.845775,595.54208,LONG,signal_reverse,0.4245385463806094,1.0,20.0
2020-12-06 19:00:00,2020-12-07 10:00:00,12.162546767476995,16.79142471343083,595.54208,593.626665,SHORT,signal_reverse,0.12162546767476995,1.0,20.0
2020-12-07 10:00:00,2020-12-07 18:00:00,-150.71759503929886,16.84560446758233,593.626665,585.86692,LONG,stop_loss,-1.5071759503929887,1.0,20.0
2020-12-08 02:00:00,2020-12-08 05:00:00,73.11537552900079,16.967427468298546,589.364535,594.852425,LONG,signal_reverse,0.7311537552900078,1.0,20.0
2020-12-08 05:00:00,2020-12-08 07:00:00,80.83416907983562,16.810892214148748,594.8524249999999,588.8542799999999,SHORT,signal_reverse,0.8083416907983562,1.0,20.0
2020-12-08 07:00:00,2020-12-08 09:00:00,-291.7285166034609,16.98213011205421,588.8542799999999,572.85343,LONG,stop_loss,-2.917285166034609,1.0,20.0
2020-12-08 15:00:00,2020-12-08 20:00:00,-200.8892609700704,17.41137966858397,574.3370249999999,563.947885,LONG,stop_loss,-2.008892609700704,1.0,20.000000000000004
2020-12-09 10:00:00,2020-12-09 12:00:00,-58.118970039580965,17.89803667486695,558.7205,560.850285,SHORT,stop_loss,-0.5811897003958096,1.0,20.0
2020-12-09 19:00:00,2020-12-09 21:00:00,-166.09374756673634,17.59647279406702,568.29571,576.5981549999999,SHORT,stop_loss,-1.6609374756673634,1.0,20.0
2020-12-10 00:00:00,2020-12-10 09:00:00,-186.19889533444973,17.619169543700863,567.56364,558.130795,LONG,stop_loss,-1.8619889533444973,1.0,20.0
2020-12-10 09:00:00,2020-12-10 15:00:00,-59.69255142490176,17.89903923416598,558.689205,556.471625,LONG,stop_loss,-0.5969255142490175,1.0,20.0
2020-12-10 19:00:00,2020-12-10 23:00:00,81.91777652325077,17.700450253433274,564.9573800000001,559.1994599999999,SHORT,signal_reverse,0.8191777652325076,1.0,20.0
2020-12-10 23:00:00,2020-12-11 00:00:00,-212.3074103111599,17.88270682521761,559.1994599999999,548.44564,LONG,stop_loss,-2.123074103111599,1.0,20.000000000000004
2020-12-11 13:00:00,2020-12-11 23:00:00,76.00771561673402,18.206140592587666,549.26523,543.99186,SHORT,signal_reverse,0.7600771561673403,1.0,20.0
2020-12-11 23:00:00,2020-12-12 00:00:00,186.26034735152203,18.38262800476463,543.99186,555.212255,LONG,signal_reverse,1.8626034735152204,1.0,20.0
2020-12-12 00:00:00,2020-12-12 14:00:00,4.053053367851621,18.01112981556936,555.212255,553.8768,SHORT,signal_reverse,0.040530533678516216,1.0,20.0
2020-12-12 14:00:00,2020-12-12 18:00:00,156.05440415630406,18.054556536760522,553.8768,563.628045,LONG,signal_reverse,1.5605440415630407,1.0,20.0
2020-12-12 18:00:00,2020-12-12 20:00:00,-102.0743403568574,17.742197338672174,563.6280449999999,568.253985,SHORT,stop_loss,-1.020743403568574,1.0,19.999999999999996
2020-12-13 04:00:00,2020-12-13 07:00:00,-219.4510464505113,17.597710805309436,568.25573,579.5896499999999,SHORT,stop_loss,-2.1945104645051132,1.0,20.000000000000004
2020-12-13 21:00:00,2020-12-14 00:00:00,86.83144535932753,16.92435635234222,590.86442,584.5521299999999,SHORT,signal_reverse,0.8683144535932753,1.0,20.0
2020-12-14 00:00:00,2020-12-14 18:00:00,-0.24350711030751332,17.107114125133716,584.55213,585.707,LONG,signal_reverse,-0.002435071103075133,1.0,20.0
2020-12-14 18:00:00,2020-12-15 02:00:00,-161.87742335331416,17.07338310793622,585.707,594.01686,SHORT,stop_loss,-1.6187742335331416,1.0,20.0
2020-12-15 04:00:00,2020-12-15 18:00:00,84.89176970045736,17.155857361398258,582.8913,589.00535,LONG,signal_reverse,0.8489176970045735,1.0,20.0
2020-12-15 18:00:00,2020-12-16 00:00:00,31.994858790330806,16.977774480316693,589.0053499999999,585.942825,SHORT,signal_reverse,0.31994858790330805,1.0,20.0
2020-12-16 00:00:00,2020-12-16 08:00:00,14.696900674567152,17.066511566209552,585.942825,587.975865,LONG,signal_reverse,0.1469690067456715,1.0,20.0
2020-12-16 08:00:00,2020-12-16 12:00:00,-107.42782324917324,17.0075008095783,587.975865,593.11641,SHORT,stop_loss,-1.0742782324917326,1.0,20.000000000000004
2020-12-17 05:00:00,2020-12-17 09:00:00,50.831781099080246,15.44863965728985,647.306185,642.7212,SHORT,stop_loss,0.5083178109908024,1.0,20.0
2020-12-17 10:00:00,2020-12-17 19:00:00,269.46901236037604,14.95873826513161,668.50558,649.154415,SHORT,signal_reverse,2.6946901236037606,1.0,20.0
2020-12-17 19:00:00,2020-12-17 20:00:00,-129.61328823435613,15.404655300696058,649.1544150000001,642.0388200000001,LONG,stop_loss,-1.2961328823435612,1.0,20.0
2020-12-17 23:00:00,2020-12-18 00:00:00,-77.53094715937418,15.54239363492975,643.4015400000001,639.6999900000001,LONG,stop_loss,-0.7753094715937419,1.0,20.0
2020-12-18 08:00:00,2020-12-18 09:00:00,-190.58427896825756,15.358758560146489,651.09429,662.200935,SHORT,stop_loss,-1.9058427896825756,1.0,20.0
2020-12-18 13:00:00,2020-12-18 20:00:00,136.56769834964732,15.662220287624773,638.47908,648.4756,LONG,signal_reverse,1.365676983496473,1.0,20.0
2020-12-18 20:00:00,2020-12-19 02:00:00,-173.7985392202873,15.420780673937463,648.4756,658.4490599999999,SHORT,stop_loss,-1.7379853922028727,1.0,20.0
2020-12-19 02:00:00,2020-12-19 06:00:00,109.4706947468739,15.202398500654326,657.79094,649.274475,SHORT,signal_reverse,1.094706947468739,1.0,20.0
2020-12-19 06:00:00,2020-12-19 12:00:00,81.61226498238736,15.401806762848638,649.274475,655.8719000000001,LONG,signal_reverse,0.8161226498238736,1.0,20.0
2020-12-19 12:00:00,2020-12-19 17:00:00,-162.41409031245155,15.246879764173459,655.8719000000001,665.21244,SHORT,stop_loss,-1.6241409031245153,1.0,20.0
2020-12-19 20:00:00,2020-12-20 00:00:00,247.59660450496446,14.989890630385233,667.1162750000001,649.2644700000001,SHORT,signal_reverse,2.4759660450496446,1.0,20.0
2020-12-20 00:00:00,2020-12-20 07:00:00,82.22975854508151,15.402044100765284,649.2644700000001,655.9018850000001,LONG,signal_reverse,0.822297585450815,1.0,20.0
2020-12-20 07:00:00,2020-12-20 10:00:00,65.6363600784586,15.246182742713112,655.901885,650.28498,SHORT,signal_reverse,0.656363600784586,1.0,20.0
2020-12-20 10:00:00,2020-12-20 15:00:00,40.246739821669294,15.377873251816457,650.28498,654.202735,LONG,signal_reverse,0.402467398216693,1.0,20.0
2020-12-20 15:00:00,2020-12-20 16:00:00,79.80178392253221,15.2857814023049,654.202735,647.673675,SHORT,signal_reverse,0.7980178392253221,1.0,20.0
2020-12-20 16:00:00,2020-12-20 20:00:00,110.43760038571997,15.439874100178612,647.673675,656.1217750000001,LONG,signal_reverse,1.1043760038571997,1.0,20.0
2020-12-20 20:00:00,2020-12-20 21:00:00,328.3393002769959,15.241073198645173,656.1217750000001,633.266475,SHORT,signal_reverse,3.283393002769959,1.0,20.0
2020-12-20 21:00:00,2020-12-20 22:00:00,20.195716976807404,15.79114068844399,633.266475,635.8119350000001,LONG,stop_loss,0.20195716976807404,1.0,20.0
2020-12-21 08:00:00,2020-12-21 09:00:00,-175.3744626042934,15.72456067012354,635.947815,626.06681,LONG,stop_loss,-1.753744626042934,1.0,20.0
2020-12-21 23:00:00,2020-12-22 07:00:00,-225.693807591416,16.439689625893326,608.28399,595.7719650000001,LONG,stop_loss,-2.25693807591416,1.0,20.0
2020-12-22 11:00:00,2020-12-22 15:00:00,-274.30322384668506,16.365692579007792,611.0343300000001,626.57313,SHORT,stop_loss,-2.7430322384668506,1.0,20.0
2020-12-22 22:00:00,2020-12-23 02:00:00,64.94968068764759,15.897358387623143,629.0353250000001,623.69169,SHORT,signal_reverse,0.6494968068764759,1.0,20.0
2020-12-23 02:00:00,2020-12-23 05:00:00,-191.69276377564103,16.03356299327958,623.69169,612.983355,LONG,stop_loss,-1.9169276377564104,1.0,20.0
2020-12-23 12:00:00,2020-12-23 16:00:00,340.1435135541808,16.148561077620613,619.2502199999999,596.948325,SHORT,signal_reverse,3.401435135541808,1.0,20.0
2020-12-23 16:00:00,2020-12-23 22:00:00,-226.89847818904423,16.75186876519002,596.948325,584.597555,LONG,stop_loss,-2.2689847818904423,1.0,20.0
2020-12-24 06:00:00,2020-12-24 13:00:00,372.0999982726389,17.430509048778603,573.7067099999999,596.2017500000001,LONG,signal_reverse,3.720999982726389,1.0,20.0
2020-12-24 13:00:00,2020-12-24 20:00:00,-154.85737000939852,16.772845769070624,596.20175,604.24197,SHORT,stop_loss,-1.5485737000939852,1.0,20.000000000000004
2020-12-25 04:00:00,2020-12-25 08:00:00,-161.42126929386401,16.439373153550157,608.2957,616.898295,SHORT,stop_loss,-1.61421269293864,1.0,20.0
2020-12-25 15:00:00,2020-12-25 22:00:00,92.0029417840119,16.274529835953146,614.457075,621.339175,LONG,signal_reverse,0.9200294178401189,1.0,20.0
2020-12-25 22:00:00,2020-12-26 03:00:00,-219.36824360060623,16.09426928537059,621.339175,633.7267049999999,SHORT,stop_loss,-2.1936824360060623,1.0,20.000000000000004
2020-12-26 09:00:00,2020-12-26 14:00:00,87.41542312865676,16.069652559166894,622.29099,628.975355,LONG,signal_reverse,0.8741542312865676,1.0,20.0
2020-12-26 14:00:00,2020-12-26 16:00:00,-316.6459631792718,15.898874129972869,628.9753549999999,647.6336549999999,SHORT,stop_loss,-3.1664596317927183,1.0,20.0
2020-12-26 22:00:00,2020-12-27 02:00:00,164.36245753949004,15.783659690091786,633.566625,645.2472150000001,LONG,signal_reverse,1.6436245753949001,1.0,20.0
2020-12-27 02:00:00,2020-12-27 06:00:00,-117.45706535130005,15.497935934523946,645.2472150000001,651.535605,SHORT,stop_loss,-1.1745706535130005,1.0,20.0
2020-12-27 11:00:00,2020-12-27 12:00:00,-79.00783326223251,15.666884804537242,638.288985,634.5225800000001,LONG,stop_loss,-0.7900783326223251,1.0,20.0
2020-12-27 13:00:00,2020-12-27 14:00:00,-589.3699105615541,15.444347109878864,647.486095,684.352005,SHORT,stop_loss,-5.893699105615541,1.0,20.000000000000004
2020-12-28 00:00:00,2020-12-28 01:00:00,-27.311397030940785,14.169786003357444,705.7269600000001,706.242945,SHORT,stop_loss,-0.27311397030940787,1.0,20.0
2020-12-28 14:00:00,2020-12-28 21:00:00,107.60403923599142,13.577519407842015,736.51156,727.1133749999999,SHORT,signal_reverse,1.0760403923599142,1.0,19.999999999999996
2020-12-28 21:00:00,2020-12-28 22:00:00,-44.84083035881392,13.753013414173546,727.113375,725.307165,LONG,stop_loss,-0.44840830358813916,1.0,20.0
2020-12-29 00:00:00,2020-12-29 01:00:00,-60.5833185896929,13.910735409041802,718.869255,715.9518449999999,LONG,stop_loss,-0.605833185896929,1.0,20.0
2020-12-29 09:00:00,2020-12-29 11:00:00,-148.58066651436562,13.86156793101863,721.4191099999999,730.695165,SHORT,stop_loss,-1.4858066651436561,1.0,20.0
2020-12-29 15:00:00,2020-12-29 16:00:00,-70.21050923744794,13.922361436322971,718.268955,714.66249,LONG,stop_loss,-0.7021050923744794,1.0,20.0
2020-12-29 19:00:00,2020-12-30 00:00:00,-184.47996491907273,13.712057152402695,729.285175,741.280455,SHORT,stop_loss,-1.8447996491907273,1.0,20.0
2020-12-30 06:00:00,2020-12-30 08:00:00,89.54664379229627,13.578625039019876,736.45159,728.38401,SHORT,signal_reverse,0.8954664379229627,1.0,20.0
2020-12-30 08:00:00,2020-12-30 09:00:00,-69.78925882790729,13.729021865814984,728.38401,724.7574400000001,LONG,stop_loss,-0.6978925882790729,1.0,20.0
2020-12-30 11:00:00,2020-12-30 14:00:00,115.90890947590991,13.797438603485078,724.772205,734.622505,LONG,signal_reverse,1.159089094759099,1.0,20.0
2020-12-30 14:00:00,2020-12-30 19:00:00,-273.3808163146306,13.612433504198187,734.622505,753.2364299999999,SHORT,stop_loss,-2.733808163146306,1.0,20.0
2020-12-30 23:00:00,2020-12-31 01:00:00,171.93092117749785,13.304878455877319,751.60401,737.1784049999999,SHORT,signal_reverse,1.7193092117749786,1.0,20.0
2020-12-31 01:00:00,2020-12-31 07:00:00,147.07841570589778,13.565237305072712,737.178405,749.4950650000001,LONG,signal_reverse,1.470784157058978,1.0,20.0
2020-12-31 07:00:00,2020-12-31 12:00:00,160.0845746729501,13.34231600310804,749.495065,735.997815,SHORT,signal_reverse,1.6008457467295012,1.0,20.0
2020-12-31 12:00:00,2020-12-31 13:00:00,-56.20479498298375,13.586996858136054,735.997815,733.33315,LONG,stop_loss,-0.5620479498298375,1.0,20.0
2020-12-31 16:00:00,2020-12-31 20:00:00,214.2197707174029,13.742235190494727,727.68366,744.7274500000001,LONG,signal_reverse,2.142197707174029,1.0,20.0
2020-12-31 20:00:00,2021-01-01 07:00:00,61.08053489904207,13.427731178701684,744.72745,738.68916,SHORT,signal_reverse,0.6108053489904207,1.0,20.0
2021-01-01 07:00:00,2021-01-01 08:00:00,-127.4162236251033,13.53749390338962,738.68916,730.75444,LONG,stop_loss,-1.274162236251033,1.0,20.0
2021-01-01 12:00:00,2021-01-01 18:00:00,-148.64695361392333,13.598087831449906,735.397515,725.93685,LONG,stop_loss,-1.4864695361392333,1.0,20.0
2021-01-02 00:00:00,2021-01-02 05:00:00,145.76880775024247,13.857504816158476,721.630635,733.59302,LONG,signal_reverse,1.4576880775024248,1.0,20.0
2021-01-02 05:00:00,2021-01-02 09:00:00,54.55278132281082,13.631536461456518,733.59302,728.12388,SHORT,signal_reverse,0.5455278132281082,1.0,20.000000000000004
2021-01-02 09:00:00,2021-01-02 12:00:00,324.30040943033123,13.733926704889834,728.12388,753.1932150000001,LONG,signal_reverse,3.2430040943033123,1.0,20.0
2021-01-02 12:00:00,2021-01-02 13:00:00,-258.74591063595625,13.276805739679956,753.193215,771.1753949999999,SHORT,stop_loss,-2.5874591063595624,1.0,20.0
2021-01-02 20:00:00,2021-01-02 21:00:00,101.40738814239613,13.17315878792554,759.11937,768.3356400000001,LONG,stop_loss,1.0140738814239614,1.0,20.0
2021-01-03 00:00:00,2021-01-03 05:00:00,-163.6642120037646,12.882585660160728,776.241685,787.3934999999999,SHORT,stop_loss,-1.6366421200376458,1.0,20.0
2021-01-03 05:00:00,2021-01-03 06:00:00,-200.44219059974614,12.712836723317185,786.6065,800.8001999999999,SHORT,stop_loss,-2.0044219059974613,1.0,20.0
2021-01-04 09:00:00,2021-01-04 10:00:00,-82.34833396209406,10.310929374794322,969.84468,963.79786,LONG,stop_loss,-0.8234833396209406,1.0,20.0
2021-01-04 14:00:00,2021-01-05 00:00:00,-513.7495600955363,9.57810630331201,1044.047715,1095.597525,SHORT,stop_loss,-5.137495600955363,1.0,20.0
2021-01-05 03:00:00,2021-01-05 04:00:00,-18.843443109907223,9.96173031948355,1003.84167,1003.9577700000001,LONG,stop_loss,-0.18843443109907224,1.0,20.0
2021-01-05 14:00:00,2021-01-05 15:00:00,-102.24835847771644,9.551223855858774,1046.986245,1055.5975349999999,SHORT,stop_loss,-1.0224835847771645,1.0,20.0
2021-01-05 22:00:00,2021-01-06 04:00:00,-109.12126262520466,8.985991109440116,1112.8433,1122.7611,SHORT,stop_loss,-1.0912126262520467,1.0,20.0
2021-01-06 04:00:00,2021-01-06 11:00:00,-318.03125587031445,8.91552530854627,1121.6389000000001,1155.067245,SHORT,stop_loss,-3.1803125587031444,1.0,20.0
2021-01-06 20:00:00,2021-01-06 23:00:00,-124.2940415960447,8.34737981715916,1197.9807099999998,1210.4749349999997,SHORT,stop_loss,-1.242940415960447,1.0,20.0
2021-01-06 23:00:00,2021-01-07 03:00:00,-91.47800139252375,8.269485565598474,1209.2650649999998,1217.9086499999999,SHORT,stop_loss,-0.9147800139252374,1.0,20.0
2021-01-07 07:00:00,2021-01-07 08:00:00,43.301458231758474,8.409762304375787,1189.09425,1196.62139,LONG,stop_loss,0.4330145823175847,1.0,20.0
2021-01-07 10:00:00,2021-01-07 12:00:00,351.60430670661475,8.441083446993577,1184.682045,1228.70534,LONG,signal_reverse,3.5160430670661476,1.0,20.0
2021-01-07 12:00:00,2021-01-07 15:00:00,-217.6132048062874,8.138647790038904,1228.70534,1252.9861799999999,SHORT,stop_loss,-2.176132048062874,1.0,20.0
2021-01-07 21:00:00,2021-01-07 23:00:00,197.53683070157066,7.977135010285857,1253.582895,1226.31285,SHORT,signal_reverse,1.9753683070157064,1.0,20.0
2021-01-07 23:00:00,2021-01-08 00:00:00,-356.01295134434883,8.154525984132025,1226.31285,1185.10715,LONG,stop_loss,-3.5601295134434885,1.0,19.999999999999996
2021-01-08 05:00:00,2021-01-08 06:00:00,194.63232880601086,8.697356855856793,1149.7746,1174.45248,LONG,stop_loss,1.9463232880601085,1.0,20.000000000000004
2021-01-08 07:00:00,2021-01-08 10:00:00,-395.67446811742,8.274546575844305,1208.525435,1253.9266499999999,SHORT,stop_loss,-3.9567446811741998,1.0,19.999999999999996
2021-01-08 18:00:00,2021-01-08 20:00:00,-339.68270762765604,8.45179013753763,1183.1812949999999,1145.3570350000002,LONG,stop_loss,-3.39682707627656,1.0,20.0
2021-01-09 03:00:00,2021-01-09 05:00:00,316.96718833124316,8.150382877480043,1226.936225,1185.5925,SHORT,signal_reverse,3.1696718833124318,1.0,20.0
2021-01-09 05:00:00,2021-01-09 10:00:00,260.34742122609714,8.43460126476846,1185.5925,1218.8302800000001,LONG,signal_reverse,2.6034742122609713,1.0,20.0
2021-01-09 10:00:00,2021-01-09 11:00:00,-52.004291852674626,8.20458776262106,1218.8302800000001,1222.7310599999998,SHORT,stop_loss,-0.5200429185267462,1.0,20.0
2021-01-09 16:00:00,2021-01-09 18:00:00,168.61559358846833,8.310746594008801,1203.26133,1225.956715,LONG,signal_reverse,1.6861559358846832,1.0,20.0
2021-01-09 18:00:00,2021-01-09 20:00:00,-425.48576790494457,8.15689483784099,1225.956715,1275.6675149999999,SHORT,stop_loss,-4.254857679049446,1.0,19.999999999999996
2021-01-10 11:00:00,2021-01-10 12:00:00,192.39744680448666,7.921100076675457,1262.45091,1289.265045,LONG,stop_loss,1.9239744680448665,1.0,20.0
2021-01-10 18:00:00,2021-01-10 19:00:00,-181.62552839483638,7.795805708408569,1282.7410499999999,1262.0086800000001,LONG,stop_loss,-1.8162552839483637,1.0,20.0
2021-01-10 23:00:00,2021-01-11 00:00:00,-329.00409152388545,7.956347562747765,1256.858115,1218.0206850000002,LONG,stop_loss,-3.2900409152388543,1.0,20.0
2021-01-11 11:00:00,2021-01-11 12:00:00,9.246863251227019,9.370285560436333,1067.2033350000002,1070.32457,LONG,stop_loss,0.09246863251227018,1.0,20.0
2021-01-11 22:00:00,2021-01-11 23:00:00,-291.8985160827579,9.449914522215677,1058.21063,1086.98322,SHORT,stop_loss,-2.918985160827579,1.0,20.0
2021-01-12 02:00:00,2021-01-12 03:00:00,-214.801638289567,9.356853274898413,1068.735365,1089.5545049999998,SHORT,stop_loss,-2.14801638289567,1.0,20.0
2021-01-12 10:00:00,2021-01-12 13:00:00,-580.7479205239297,9.226865911609162,1083.791625,1023.018235,LONG,stop_loss,-5.8074792052392965,1.0,20.0
2021-01-12 13:00:00,2021-01-12 14:00:00,87.03152326995264,9.765226714166293,1024.041765,1035.00224,LONG,stop_loss,0.8703152326995265,1.0,20.0
2021-01-12 16:00:00,2021-01-12 17:00:00,-124.90586061420285,9.042271820519876,1105.916765,1117.51848,SHORT,stop_loss,-1.2490586061420286,1.0,20.0
2021-01-12 22:00:00,2021-01-12 23:00:00,-61.23929061573119,9.501494855933442,1052.46597,1048.1256750000002,LONG,stop_loss,-0.6123929061573119,1.0,20.0
2021-01-13 04:00:00,2021-01-13 07:00:00,503.93179089543816,9.783770885336216,1022.1007950000001,1075.6519050000002,LONG,signal_reverse,5.039317908954382,1.0,20.0
2021-01-13 07:00:00,2021-01-13 10:00:00,-57.25791756023419,9.296687853678835,1075.651905,1079.6595599999998,SHORT,stop_loss,-0.572579175602342,1.0,20.0
2021-01-13 10:00:00,2021-01-13 18:00:00,-252.44543540952645,9.27144571618599,1078.58044,1103.6515499999998,SHORT,stop_loss,-2.5244543540952646,1.0,20.0
2021-01-14 03:00:00,2021-01-14 06:00:00,192.2095043235836,9.111297731748353,1097.538495,1120.8293050000002,LONG,signal_reverse,1.922095043235836,1.0,20.000000000000004
2021-01-14 06:00:00,2021-01-14 07:00:00,-268.8761658493563,8.921965151508951,1120.8293050000002,1148.724075,SHORT,stop_loss,-2.688761658493563,1.0,20.0
2021-01-14 21:00:00,2021-01-14 23:00:00,327.27181480868825,8.420389636689658,1187.5935,1228.8352750000001,LONG,signal_reverse,3.2727181480868826,1.0,19.999999999999996
2021-01-14 23:00:00,2021-01-15 00:00:00,-86.83515819481899,8.137787222945727,1228.8352750000001,1237.048215,SHORT,stop_loss,-0.8683515819481898,1.0,20.0
2021-01-15 05:00:00,2021-01-15 07:00:00,426.6432696787498,8.430830513568297,1186.122765,1239.10014,LONG,signal_reverse,4.266432696787498,1.0,20.0
2021-01-15 07:00:00,2021-01-15 14:00:00,336.65386172904584,8.070372746467449,1239.10014,1194.9071549999999,SHORT,signal_reverse,3.3665386172904586,1.0,20.0
2021-01-15 14:00:00,2021-01-15 15:00:00,-493.73212021648555,8.368851051025802,1194.9071549999999,1138.300565,LONG,stop_loss,-4.937321202164855,1.0,20.0
2021-01-16 00:00:00,2021-01-16 08:00:00,-269.28933331874674,8.42129395927026,1187.46597,1217.0682299999999,SHORT,stop_loss,-2.692893333187467,1.0,20.0
2021-01-16 08:00:00,2021-01-16 13:00:00,-152.5318217038902,8.224686797141398,1215.85177,1231.965675,SHORT,stop_loss,-1.525318217038902,1.0,20.0
2021-01-16 19:00:00,2021-01-16 20:00:00,-182.02116571554885,7.975863155786883,1253.782795,1274.09673,SHORT,stop_loss,-1.8202116571554885,1.0,20.0
2021-01-16 23:00:00,2021-01-17 00:00:00,37.64251931946043,8.14336431973034,1227.99369,1235.072155,LONG,stop_loss,0.3764251931946043,1.0,20.0
2021-01-17 04:00:00,2021-01-17 06:00:00,-116.53308300535195,8.168053886056391,1224.281835,1212.463465,LONG,stop_loss,-1.1653308300535195,1.0,20.0
2021-01-17 15:00:00,2021-01-17 21:00:00,-195.76427759726184,8.06211371667026,1240.3695050000001,1262.17077,SHORT,stop_loss,-1.9576427759726185,1.0,20.0
2021-01-18 02:00:00,2021-01-18 03:00:00,-246.5303555471903,8.187591643457402,1221.360375,1193.692855,LONG,stop_loss,-2.465303555471903,1.0,19.999999999999996
2021-01-18 09:00:00,2021-01-18 12:00:00,-145.547338683374,8.138449181478526,1228.7353249999999,1244.16177,SHORT,stop_loss,-1.45547338683374,1.0,20.0
2021-01-18 12:00:00,2021-01-18 17:00:00,169.46419347313082,8.045581566536361,1242.91823,1219.3693799999999,SHORT,signal_reverse,1.6946419347313082,1.0,20.000000000000004
2021-01-18 17:00:00,2021-01-18 22:00:00,155.09009452082358,8.200960401351065,1219.36938,1240.71933,LONG,signal_reverse,1.5509009452082358,1.0,20.0
2021-01-18 22:00:00,2021-01-18 23:00:00,-171.9291232449809,8.059840576514594,1240.71933,1259.56947,SHORT,stop_loss,-1.7192912324498089,1.0,20.0
2021-01-19 13:00:00,2021-01-19 18:00:00,339.4279605579373,7.045379486543451,1419.36996,1368.353835,SHORT,signal_reverse,3.394279605579373,1.0,19.999999999999996
2021-01-19 18:00:00,2021-01-19 19:00:00,-82.44057480936662,7.308051283387531,1368.3538350000001,1359.809755,LONG,stop_loss,-0.8244057480936663,1.0,20.0
2021-01-19 21:00:00,2021-01-19 23:00:00,282.6391650821872,7.090717577073441,1410.2945,1367.613465,SHORT,signal_reverse,2.826391650821872,1.0,20.0
2021-01-19 23:00:00,2021-01-20 03:00:00,-188.65931485984567,7.312007563482127,1367.6134650000001,1344.5473900000002,LONG,stop_loss,-1.8865931485984568,1.0,20.0
2021-01-20 03:00:00,2021-01-20 04:00:00,70.4085505009205,7.430013305444927,1345.89261,1358.0606300000002,LONG,stop_loss,0.704085505009205,1.0,20.0
2021-01-20 06:00:00,2021-01-20 09:00:00,-314.53921103027096,7.409852988220319,1349.55444,1309.8047700000002,LONG,stop_loss,-3.14539211030271,1.0,20.0
2021-01-20 09:00:00,2021-01-20 10:00:00,-78.63153614652258,7.627094683355939,1311.11523,1303.42796,LONG,stop_loss,-0.7863153614652257,1.0,20.0
2021-01-20 15:00:00,2021-01-20 16:00:00,270.09418097307787,7.847341953042071,1274.31684,1311.28403,LONG,stop_loss,2.7009418097307787,1.0,20.0
2021-01-20 19:00:00,2021-01-20 23:00:00,-281.5725076945263,7.439106044412028,1344.24754,1379.4093599999999,SHORT,stop_loss,-2.8157250769452626,1.0,20.0
2021-01-21 04:00:00,2021-01-21 08:00:00,-246.77840525568433,7.748904918945177,1290.5049299999998,1261.239065,LONG,stop_loss,-2.4677840525568433,1.0,20.0
2021-01-21 08:00:00,2021-01-21 09:00:00,-32.528386761152795,7.9207862131207065,1262.5009349999998,1260.919225,LONG,stop_loss,-0.325283867611528,1.0,20.0
2021-01-21 21:00:00,2021-01-21 22:00:00,-349.67720783945896,8.526849544225822,1172.76609,1134.1026650000001,LONG,stop_loss,-3.4967720783945895,1.0,20.0
2021-01-22 10:00:00,2021-01-22 11:00:00,-211.75624618790815,8.496745251633214,1176.921245,1199.489445,SHORT,stop_loss,-2.1175624618790816,1.0,20.000000000000004
2021-01-22 22:00:00,2021-01-23 00:00:00,3.7850609550465384,8.16351737554672,1224.962175,1227.875755,LONG,stop_loss,0.03785060955046538,1.0,20.0
2021-01-23 02:00:00,2021-01-23 04:00:00,211.23940051841484,8.198202464587077,1219.779585,1247.985695,LONG,signal_reverse,2.1123940051841483,1.0,20.000000000000004
2021-01-23 04:00:00,2021-01-23 06:00:00,-83.79852775475895,8.012912359544314,1247.9856949999999,1255.9476599999998,SHORT,stop_loss,-0.8379852775475896,1.0,20.0
2021-01-23 11:00:00,2021-01-23 13:00:00,81.59543530780867,8.191215035732066,1220.820105,1233.22308,LONG,stop_loss,0.8159543530780867,1.0,20.0
2021-01-23 14:00:00,2021-01-23 17:00:00,245.43098107384785,8.191550697245136,1220.77008,1253.1731,LONG,signal_reverse,2.4543098107384784,1.0,20.0
2021-01-23 17:00:00,2021-01-23 22:00:00,105.31927951533734,7.979743580515732,1253.1731,1237.4684249999998,SHORT,signal_reverse,1.0531927951533733,1.0,20.0
2021-01-23 22:00:00,2021-01-24 02:00:00,135.66372935939822,8.081014269111554,1237.4684249999998,1256.7313199999999,LONG,signal_reverse,1.356637293593982,1.0,20.0
2021-01-24 02:00:00,2021-01-24 03:00:00,-321.70076448798994,7.957150300033902,1256.7313199999999,1294.647,SHORT,stop_loss,-3.2170076448799,1.0,20.0
2021-01-24 14:00:00,2021-01-24 17:00:00,384.9155498878928,7.659005746169061,1305.6525,1358.5204,LONG,signal_reverse,3.8491554988789276,1.0,20.0
2021-01-24 17:00:00,2021-01-24 23:00:00,-272.66955873463377,7.3609494564822135,1358.5204,1392.846075,SHORT,stop_loss,-2.7266955873463377,1.0,20.0
2021-01-25 09:00:00,2021-01-25 12:00:00,227.8101885587055,7.182794712796527,1392.21576,1426.7162850000002,LONG,signal_reverse,2.278101885587055,1.0,19.999999999999996
2021-01-25 12:00:00,2021-01-25 18:00:00,342.5747847968248,7.009102023392128,1426.716285,1374.98715,SHORT,signal_reverse,3.4257478479682484,1.0,20.0
2021-01-25 18:00:00,2021-01-25 20:00:00,-76.00877797294174,7.27279524030461,1374.98715,1367.2860150000001,LONG,stop_loss,-0.7600877797294175,1.0,20.0
2021-01-26 03:00:00,2021-01-26 12:00:00,-312.70228416923294,7.6116444032157204,1313.7765599999998,1275.32202,LONG,stop_loss,-3.1270228416923294,1.0,20.0
2021-01-26 17:00:00,2021-01-26 19:00:00,-125.31543956722871,7.524708188242224,1328.95519,1342.95114,SHORT,stop_loss,-1.253154395672287,1.0,20.0
2021-01-27 01:00:00,2021-01-27 02:00:00,-159.1972829471327,7.563891978076921,1322.070705,1303.66784,LONG,stop_loss,-1.591972829471327,1.0,20.0
2021-01-27 13:00:00,2021-01-27 14:00:00,-134.01972554990303,8.074225091688781,1238.508945,1224.3875,LONG,stop_loss,-1.3401972554990305,1.0,20.000000000000004
2021-01-27 18:00:00,2021-01-27 20:00:00,482.7872279194836,8.152530586256626,1226.613,1288.2855350000002,LONG,signal_reverse,4.827872279194835,1.0,20.0
2021-01-27 20:00:00,2021-01-27 23:00:00,341.44925744276253,7.7622543514780675,1288.285535,1241.7205499999998,SHORT,signal_reverse,3.414492574427625,1.0,20.0
2021-01-27 23:00:00,2021-01-28 00:00:00,118.59535464722687,8.053341792563552,1241.72055,1258.93022,LONG,stop_loss,1.1859535464722686,1.0,20.0
2021-01-28 03:00:00,2021-01-28 06:00:00,-140.14730186129978,7.747167891075563,1290.79428,1306.302825,SHORT,stop_loss,-1.401473018612998,1.0,20.0
2021-01-28 09:00:00,2021-01-28 10:00:00,-5.889505207425326,7.676256551286762,1302.7183149999998,1300.880115,SHORT,stop_loss,-0.05889505207425325,1.0,20.000000000000004
2021-01-28 18:00:00,2021-01-28 22:00:00,-112.12153246434465,7.461408383362387,1340.22955,1352.57595,SHORT,stop_loss,-1.1212153246434466,1.0,20.0
2021-01-29 00:00:00,2021-01-29 03:00:00,302.7978189101856,7.297860973230698,1370.264525,1326.032685,SHORT,signal_reverse,3.027978189101856,1.0,20.0
2021-01-29 03:00:00,2021-01-29 04:00:00,-158.7358713559908,7.541292241978184,1326.032685,1307.635855,LONG,stop_loss,-1.587358713559908,1.0,20.0
2021-01-29 08:00:00,2021-01-29 09:00:00,-1.1108611992997626,7.2562063947800475,1378.13059,1375.52742,SHORT,stop_loss,-0.011108611992997626,1.0,20.0
2021-01-29 17:00:00,2021-01-29 18:00:00,-160.61851905451724,7.284774859880633,1372.72602,1353.42295,LONG,stop_loss,-1.6061851905451723,1.0,20.0
2021-01-29 22:00:00,2021-01-30 02:00:00,334.9729735928136,7.166907235852884,1395.302,1345.77255,SHORT,signal_reverse,3.349729735928136,1.0,20.0
2021-01-30 02:00:00,2021-01-30 13:00:00,123.1489295869516,7.430676156977642,1345.77255,1365.0371400000001,LONG,signal_reverse,1.2314892958695158,1.0,20.0
2021-01-30 13:00:00,2021-01-30 20:00:00,-119.05807398031423,7.3258079996270276,1365.0371400000001,1378.5589349999998,SHORT,stop_loss,-1.1905807398031423,1.0,20.0
2021-01-31 02:00:00,2021-01-31 08:00:00,-123.92440330595495,7.34764573899186,1360.9801499999999,1346.836245,LONG,stop_loss,-1.2392440330595496,1.0,20.000000000000004
2021-01-31 12:00:00,2021-01-31 14:00:00,164.05014075437506,7.36084114510574,1358.5403900000001,1333.5364349999998,SHORT,signal_reverse,1.6405014075437505,1.0,19.999999999999996
2021-01-31 14:00:00,2021-01-31 15:00:00,-186.41791268342763,7.498857727123144,1333.536435,1311.344,LONG,stop_loss,-1.8641791268342762,1.0,20.0
2021-01-31 21:00:00,2021-02-01 00:00:00,-142.11228974416375,7.714812512543321,1296.20778,1280.37949,LONG,stop_loss,-1.4211228974416374,1.0,20.0
2021-02-01 00:00:00,2021-02-01 08:00:00,382.154506578345,7.802378182035117,1281.66051,1333.203065,LONG,signal_reverse,3.82154506578345,1.0,20.0
2021-02-01 08:00:00,2021-02-01 14:00:00,116.63259917573133,7.500732830973503,1333.203065,1314.9871649999998,SHORT,signal_reverse,1.1663259917573132,1.0,20.0
2021-02-01 14:00:00,2021-02-01 19:00:00,112.29262203483245,7.604636962369135,1314.987165,1332.383475,LONG,signal_reverse,1.1229262203483243,1.0,20.0
2021-02-01 19:00:00,2021-02-01 22:00:00,-220.51085518003907,7.505346762124921,1332.3834749999999,1359.09921,SHORT,stop_loss,-2.205108551800391,1.0,20.0
2021-02-02 13:00:00,2021-02-02 16:00:00,-502.29275340702475,7.0058136693863355,1427.3859499999999,1496.22774,SHORT,stop_loss,-5.022927534070248,1.0,20.0
2021-02-02 16:00:00,2021-02-02 19:00:00,-175.7895726422591,6.690161353712939,1494.73226,1518.0186299999998,SHORT,stop_loss,-1.7578957264225907,1.0,20.0
2021-02-03 00:00:00,2021-02-03 03:00:00,-162.50934514863826,6.582411709025649,1519.20002,1540.8500399999998,SHORT,stop_loss,-1.6250934514863826,1.0,20.0
2021-02-03 13:00:00,2021-02-03 15:00:00,-323.89952776667576,6.440422088132133,1552.693265,1599.87954,SHORT,stop_loss,-3.2389952776667577,1.0,20.0
2021-02-04 06:00:00,2021-02-04 08:00:00,196.36642467605844,5.958870108725157,1678.170495,1641.86052,SHORT,signal_reverse,1.9636642467605845,1.0,20.000000000000004
2021-02-04 08:00:00,2021-02-04 09:00:00,-0.9571217413766507,6.090651354476811,1641.86052,1644.987095,LONG,stop_loss,-0.009571217413766507,1.0,20.0
2021-02-04 11:00:00,2021-02-04 14:00:00,-182.6209384620596,6.192306857537096,1614.9070499999998,1588.6452800000002,LONG,stop_loss,-1.826209384620596,1.0,20.0
2021-02-04 14:00:00,2021-02-04 15:00:00,-71.98037683393085,6.288379868853573,1590.2347200000002,1581.96862,LONG,stop_loss,-0.7198037683393085,1.0,20.0
2021-02-04 18:00:00,2021-02-04 23:00:00,325.4159210059512,6.042580402386003,1654.922125,1597.75848,SHORT,signal_reverse,3.2541592100595116,1.0,20.0
2021-02-04 23:00:00,2021-02-05 03:00:00,245.56588828118825,6.258768221339686,1597.75848,1640.189495,LONG,signal_reverse,2.4556588828118824,1.0,20.0
2021-02-05 03:00:00,2021-02-05 06:00:00,-75.32729619146806,6.096856509863209,1640.189495,1649.26422,SHORT,stop_loss,-0.7532729619146807,1.0,20.0
2021-02-05 06:00:00,2021-02-05 07:00:00,-121.27333813226723,6.069376198861121,1647.61578,1664.301735,SHORT,stop_loss,-1.2127333813226722,1.0,20.0
2021-02-05 11:00:00,2021-02-05 13:00:00,-361.4338340061824,6.0131276076416444,1663.0280699999998,1719.809475,SHORT,stop_loss,-3.614338340061824,1.0,20.0
2021-02-05 18:00:00,2021-02-06 00:00:00,232.09432101051704,5.935274642963553,1684.842,1727.3159100000003,LONG,signal_reverse,2.3209432101051704,1.0,20.0
2021-02-06 00:00:00,2021-02-06 01:00:00,282.8909170413415,5.789328947939812,1727.31591,1674.99708,SHORT,signal_reverse,2.828909170413415,1.0,20.0
2021-02-06 01:00:00,2021-02-06 05:00:00,-103.6896085812875,5.970159661412663,1674.99708,1660.9790950000001,LONG,stop_loss,-1.036896085812875,1.0,20.0
2021-02-06 08:00:00,2021-02-06 23:00:00,98.31028412879968,5.883080782088287,1699.78968,1679.67942,SHORT,signal_reverse,0.9831028412879969,1.0,20.0
2021-02-06 23:00:00,2021-02-07 01:00:00,-237.84737351845237,5.953517011002016,1679.67942,1643.0880450000002,LONG,stop_loss,-2.3784737351845235,1.0,20.0
2021-02-07 01:00:00,2021-02-07 02:00:00,-115.55885353975488,6.08001806592248,1644.731955,1629.015085,LONG,stop_loss,-1.1555885353975488,1.0,19.999999999999996
2021-02-07 11:00:00,2021-02-07 12:00:00,-87.08776134884673,6.142077366650664,1628.11365,1617.191,LONG,stop_loss,-0.8708776134884673,1.0,20.000000000000004
2021-02-07 21:00:00,2021-02-07 23:00:00,-129.11768001917136,6.253986486423524,1598.98011,1616.42781,SHORT,stop_loss,-1.2911768001917134,1.0,20.0
2021-02-08 02:00:00,2021-02-08 04:00:00,261.12458026919694,6.352567401867714,1574.16669,1618.4203850000001,LONG,signal_reverse,2.611245802691969,1.0,19.999999999999996
2021-02-08 04:00:00,2021-02-08 07:00:00,-165.7607072837249,6.178864337525011,1618.4203850000001,1642.010595,SHORT,stop_loss,-1.6576070728372492,1.0,20.0
2021-02-08 10:00:00,2021-02-08 12:00:00,-434.23629557711723,6.066505682231979,1648.3953900000001,1716.6779099999999,SHORT,stop_loss,-4.342362955771172,1.0,20.0
2021-02-08 20:00:00,2021-02-08 23:00:00,-207.66435416180866,5.814360392186284,1719.87963,1752.15564,SHORT,stop_loss,-2.0766435416180866,1.0,20.0
2021-02-08 23:00:00,2021-02-09 08:00:00,-341.28867640617574,5.712965660117529,1750.40436,1806.64287,SHORT,stop_loss,-3.4128867640617573,1.0,20.000000000000004
2021-02-09 08:00:00,2021-02-10 08:00:00,-38.54189469162712,5.5406661541809035,1804.8371300000001,1808.18364,SHORT,stop_loss,-0.3854189469162712,1.0,20.0
2021-02-10 12:00:00,2021-02-10 14:00:00,-180.41507534642363,5.711397362729712,1750.885005,1722.7981700000003,LONG,stop_loss,-1.8041507534642363,1.0,19.999999999999996
2021-02-10 20:00:00,2021-02-11 07:00:00,128.41894321500632,5.841990133059767,1711.745445,1737.15099,LONG,signal_reverse,1.284189432150063,1.0,20.0
2021-02-11 07:00:00,2021-02-11 09:00:00,-197.66201773859552,5.756551996668983,1737.15099,1768.013565,SHORT,stop_loss,-1.9766201773859553,1.0,20.0
2021-02-11 12:00:00,2021-02-11 13:00:00,-82.44194829383228,5.617442703362394,1780.16947,1791.285195,SHORT,stop_loss,-0.8244194829383229,1.0,20.0
2021-02-11 18:00:00,2021-02-11 20:00:00,151.96369446046458,5.567118398612603,1796.26142,1765.372245,SHORT,signal_reverse,1.5196369446046458,1.0,20.0
2021-02-11 20:00:00,2021-02-12 00:00:00,127.9663004444724,5.664527709848525,1765.372245,1791.4938050000003,LONG,signal_reverse,1.279663004444724,1.0,20.0
2021-02-12 00:00:00,2021-02-12 02:00:00,65.04701471742045,5.581933899012283,1791.493805,1776.2576849999998,SHORT,signal_reverse,0.6504701471742045,1.0,20.0
2021-02-12 02:00:00,2021-02-12 04:00:00,-163.5236858665565,5.629813784591733,1776.2576849999998,1750.7641800000001,LONG,stop_loss,-1.635236858665565,1.0,20.0
2021-02-12 11:00:00,2021-02-12 14:00:00,59.82158873205177,5.628946732483389,1776.5312900000001,1762.350735,SHORT,signal_reverse,0.5982158873205177,1.0,20.0
2021-02-12 14:00:00,2021-02-12 15:00:00,147.34974721135796,5.6742394129622555,1762.350735,1791.84363,LONG,signal_reverse,1.4734974721135796,1.0,20.0
2021-02-12 15:00:00,2021-02-12 16:00:00,-225.1530300107705,5.580844127564859,1791.84363,1828.6038449999999,SHORT,stop_loss,-2.2515303001077047,1.0,20.0
2021-02-13 06:00:00,2021-02-13 07:00:00,-220.752658900901,5.417345527778117,1845.9225,1808.865115,LONG,stop_loss,-2.20752658900901,1.0,20.000000000000004
2021-02-13 10:00:00,2021-02-13 11:00:00,-117.71331115405022,5.554568971530062,1800.31971,1782.72819,LONG,stop_loss,-1.1771331115405022,1.0,20.0
2021-02-13 17:00:00,2021-02-13 21:00:00,84.95805262715687,5.569518663734127,1795.487295,1814.33238,LONG,signal_reverse,0.8495805262715688,1.0,20.000000000000004
2021-02-13 21:00:00,2021-02-14 01:00:00,-133.4556172116592,5.511669256544933,1814.33238,1834.917,SHORT,stop_loss,-1.334556172116592,1.0,20.0
2021-02-14 03:00:00,2021-02-14 05:00:00,127.0018192493517,5.5172237241944275,1812.5058,1839.149965,LONG,signal_reverse,1.270018192493517,1.0,20.0
2021-02-14 05:00:00,2021-02-14 13:00:00,133.576193010448,5.437294505780012,1839.1499649999998,1810.905,SHORT,signal_reverse,1.3357619301044799,1.0,20.0
2021-02-14 13:00:00,2021-02-14 21:00:00,68.47001913407928,5.522100828039019,1810.905,1826.92608,LONG,signal_reverse,0.6847001913407927,1.0,19.999999999999996
2021-02-14 21:00:00,2021-02-14 23:00:00,112.65553141591808,5.473675212956619,1826.92608,1802.690895,SHORT,signal_reverse,1.1265553141591806,1.0,20.0
2021-02-14 23:00:00,2021-02-15 01:00:00,-287.6474105118277,5.547262721377422,1802.690895,1754.44234,LONG,stop_loss,-2.8764741051182767,1.0,20.0
2021-02-15 01:00:00,2021-02-15 02:00:00,-214.3922417024506,5.694119874866477,1756.19766,1722.0585400000002,LONG,stop_loss,-2.143922417024506,1.0,20.0
2021-02-15 10:00:00,2021-02-15 12:00:00,-219.57644842013838,5.645909045444125,1771.1939599999998,1806.54282,SHORT,stop_loss,-2.195764484201384,1.0,20.0
2021-02-15 15:00:00,2021-02-15 21:00:00,112.23249033015802,5.523170537163738,1810.55427,1786.61286,SHORT,signal_reverse,1.12232490330158,1.0,20.0
2021-02-15 21:00:00,2021-02-16 00:00:00,-90.3584155327287,5.5971834883131875,1786.61286,1774.0425350000003,LONG,stop_loss,-0.903584155327287,1.0,20.0
2021-02-16 03:00:00,2021-02-16 11:00:00,187.3733131966767,5.490767775018864,1821.238925,1783.4712899999997,SHORT,signal_reverse,1.873733131966767,1.0,19.999999999999996
2021-02-16 11:00:00,2021-02-16 16:00:00,-216.9524275324879,5.607042880965019,1783.47129,1748.3453900000002,LONG,stop_loss,-2.169524275324879,1.0,19.999999999999996
2021-02-16 23:00:00,2021-02-17 03:00:00,127.75762496075883,5.615519429103383,1780.7791650000001,1754.4667949999998,SHORT,signal_reverse,1.2775762496075882,1.0,20.0
2021-02-17 03:00:00,2021-02-17 06:00:00,84.9681877849405,5.699737395144034,1754.4667949999998,1772.883115,LONG,signal_reverse,0.8496818778494051,1.0,20.0
2021-02-17 06:00:00,2021-02-17 07:00:00,-214.0910808437582,5.640529776267851,1772.883115,1807.293195,SHORT,stop_loss,-2.1409108084375816,1.0,20.0
2021-02-17 16:00:00,2021-02-17 21:00:00,-240.86206663998146,5.50984805998911,1814.9320799999998,1855.0170449999998,SHORT,stop_loss,-2.408620666399815,1.0,20.0
2021-02-18 09:00:00,2021-02-18 10:00:00,-114.45783418024777,5.265790790131908,1899.05,1916.988015,SHORT,stop_loss,-1.1445783418024778,1.0,20.0
2021-02-18 13:00:00,2021-02-18 21:00:00,-190.98446224020813,5.225690491518049,1913.6227099999999,1946.3426849999998,SHORT,stop_loss,-1.9098446224020813,1.0,20.0
2021-02-19 01:00:00,2021-02-19 09:00:00,56.89956609825853,5.221503760709761,1915.1571000000001,1929.884575,LONG,signal_reverse,0.5689956609825854,1.0,20.0
2021-02-19 09:00:00,2021-02-19 14:00:00,52.42453865407903,5.181657042882993,1929.8845749999998,1915.907475,SHORT,signal_reverse,0.5242453865407902,1.0,20.0
2021-02-19 14:00:00,2021-02-19 16:00:00,126.14528814863633,5.219458731951552,1915.907475,1943.90756,LONG,signal_reverse,1.2614528814863633,1.0,20.0
2021-02-19 16:00:00,2021-02-19 19:00:00,-73.85616176110722,5.144277539617161,1943.90756,1954.3767,SHORT,stop_loss,-0.7385616176110722,1.0,20.0
2021-02-19 21:00:00,2021-02-20 00:00:00,89.21528179820233,5.1098072018644665,1957.021,1935.64734,SHORT,signal_reverse,0.8921528179820233,1.0,20.0
2021-02-20 00:00:00,2021-02-20 02:00:00,220.85497929597037,5.166230332019055,1935.64734,1982.26837,LONG,signal_reverse,2.2085497929597038,1.0,20.0
2021-02-20 02:00:00,2021-02-20 03:00:00,-205.29592438585863,5.044725603930209,1982.26837,2018.998995,SHORT,stop_loss,-2.052959243858586,1.0,20.0
2021-02-20 12:00:00,2021-02-20 15:00:00,214.91439308429062,4.941400829370151,2023.717635,1976.1775949999999,SHORT,signal_reverse,2.1491439308429063,1.0,20.0
2021-02-20 15:00:00,2021-02-20 22:00:00,-438.50897009081734,5.060273947696486,1976.177595,1893.4727900000003,LONG,stop_loss,-4.385089700908173,1.0,19.999999999999996
2021-02-21 07:00:00,2021-02-21 10:00:00,277.42430047967883,5.2228407118897975,1914.666855,1971.6137,LONG,signal_reverse,2.774243004796788,1.0,20.0
2021-02-21 10:00:00,2021-02-21 20:00:00,172.62071976878616,5.07198747908883,1971.6136999999999,1933.636335,SHORT,signal_reverse,1.7262071976878617,1.0,20.0
2021-02-21 20:00:00,2021-02-21 22:00:00,-56.098540732066965,5.171603273580396,1933.6363350000001,1926.65619,LONG,stop_loss,-0.5609854073206697,1.0,20.0
2021-02-22 00:00:00,2021-02-22 04:00:00,-154.77815706964884,5.292309341228443,1889.534295,1864.0675,LONG,stop_loss,-1.5477815706964886,1.0,20.0
2021-02-22 08:00:00,2021-02-22 09:00:00,-232.37445900848928,5.380831699659021,1858.44876,1818.9800550000002,LONG,stop_loss,-2.323744590084893,1.0,20.0
2021-02-22 21:00:00,2021-02-23 01:00:00,450.40982511015295,5.559508396911918,1798.72019,1714.106625,SHORT,signal_reverse,4.50409825110153,1.0,20.0
2021-02-23 01:00:00,2021-02-23 02:00:00,-289.4173415262304,5.833942798045017,1714.106625,1667.92562,LONG,stop_loss,-2.8941734152623044,1.0,20.0
2021-02-23 18:00:00,2021-02-23 19:00:00,-339.8087750574795,6.696235837917383,1493.3763150000002,1445.61683,LONG,stop_loss,-3.398087750574795,1.0,20.0
2021-02-23 22:00:00,2021-02-24 01:00:00,-253.87459487477807,6.371233300591354,1569.5548299999998,1606.26273,SHORT,stop_loss,-2.5387459487477804,1.0,20.0
2021-02-24 01:00:00,2021-02-24 02:00:00,-110.24914709668748,6.231860339871829,1604.65727,1619.1391649999998,SHORT,stop_loss,-1.1024914709668747,1.0,20.0
2021-02-24 19:00:00,2021-02-24 21:00:00,-75.61631488060127,6.252621157407509,1599.329265,1590.434385,LONG,stop_loss,-0.7561631488060127,1.0,20.0
2021-02-25 00:00:00,2021-02-25 03:00:00,264.60108541809336,6.053841663036556,1651.843665,1604.832015,SHORT,signal_reverse,2.6460108541809335,1.0,20.0
2021-02-25 03:00:00,2021-02-25 09:00:00,-77.82655077453666,6.231181772629331,1604.832015,1595.551825,LONG,stop_loss,-0.7782655077453666,1.0,20.0
2021-02-25 12:00:00,2021-02-25 13:00:00,-18.39796658892721,6.073945180458126,1646.3764,1646.112645,SHORT,stop_loss,-0.18397966588927211,1.0,20.0
2021-02-25 17:00:00,2021-02-25 19:00:00,-62.86160649748571,6.275390366697824,1593.526365,1586.696255,LONG,stop_loss,-0.6286160649748571,1.0,20.0
2021-02-26 05:00:00,2021-02-26 07:00:00,-166.41024315428328,6.893105171552155,1450.725,1429.4849000000002,LONG,stop_loss,-1.6641024315428328,1.0,20.0
2021-02-26 13:00:00,2021-02-26 14:00:00,363.3176762511101,6.855565042972019,1458.66897,1514.58233,LONG,signal_reverse,3.6331767625111007,1.0,20.0
2021-02-26 14:00:00,2021-02-26 15:00:00,-144.4171388160857,6.60248030227581,1514.58233,1533.42633,SHORT,stop_loss,-1.4441713881608569,1.0,20.0
2021-02-26 19:00:00,2021-02-26 20:00:00,-249.74782067047795,6.758768814832519,1479.5594099999998,1445.566855,LONG,stop_loss,-2.4974782067047796,1.0,20.0
2021-02-27 00:00:00,2021-02-27 02:00:00,-17.986497105385613,6.710893377815908,1490.11457,1489.8145349999998,SHORT,stop_loss,-0.17986497105385613,1.0,19.999999999999996
2021-02-27 04:00:00,2021-02-27 06:00:00,-56.54223733416284,6.664314785550081,1500.52936,1506.01263,SHORT,stop_loss,-0.5654223733416284,1.0,20.0
2021-02-27 08:00:00,2021-02-27 15:00:00,-160.76293488369694,6.7894836045394245,1472.8660650000002,1452.13357,LONG,stop_loss,-1.6076293488369693,1.0,20.0
2021-02-27 15:00:00,2021-02-27 17:00:00,209.98075181535765,6.879535880092113,1453.5864299999998,1487.01612,LONG,signal_reverse,2.0998075181535762,1.0,20.000000000000004
2021-02-27 17:00:00,2021-02-27 19:00:00,-196.7980497750079,6.724876661054623,1487.01612,1513.306275,SHORT,stop_loss,-1.967980497750079,1.0,20.0
2021-02-27 22:00:00,2021-02-27 23:00:00,-42.163512620046006,6.839661471913,1462.060665,1458.820225,LONG,stop_loss,-0.42163512620046006,1.0,19.999999999999996
2021-02-28 12:00:00,2021-02-28 13:00:00,-202.88890256509595,7.351482799042818,1360.269795,1335.3919700000001,LONG,stop_loss,-2.0288890256509595,1.0,20.0
2021-02-28 15:00:00,2021-02-28 19:00:00,522.6774268825242,7.5808733730900855,1319.1092250000002,1390.6943050000002,LONG,signal_reverse,5.226774268825241,1.0,20.0
2021-02-28 19:00:00,2021-02-28 20:00:00,-165.18492617254066,7.190652873206379,1390.6943050000002,1410.88509,SHORT,stop_loss,-1.6518492617254066,1.0,20.0
2021-03-01 07:00:00,2021-03-01 08:00:00,-226.29598264191625,6.954728241716282,1437.8707049999998,1467.5333999999998,SHORT,stop_loss,-2.2629598264191624,1.0,20.0
2021-03-01 21:00:00,2021-03-01 23:00:00,-187.94397276203514,6.467023360944894,1546.30646,1572.275745,SHORT,stop_loss,-1.8794397276203516,1.0,20.000000000000004
2021-03-02 04:00:00,2021-03-02 06:00:00,183.9501749936576,6.343763078262313,1576.3514300000002,1544.201715,SHORT,signal_reverse,1.839501749936576,1.0,20.0
2021-03-02 06:00:00,2021-03-02 09:00:00,113.24363520733294,6.475837905671539,1544.2017150000001,1564.77722,LONG,signal_reverse,1.1324363520733294,1.0,20.0
2021-03-02 09:00:00,2021-03-02 14:00:00,-57.5626314396362,6.39068608117902,1564.77722,1570.6549349999998,SHORT,stop_loss,-0.575626314396362,1.0,20.0
2021-03-02 16:00:00,2021-03-02 19:00:00,-164.3756467304072,6.6657346636459955,1500.20973,1478.550355,LONG,stop_loss,-1.6437564673040719,1.0,20.0
2021-03-03 01:00:00,2021-03-03 04:00:00,-129.46668696568258,6.557518369076196,1524.967135,1541.660445,SHORT,stop_loss,-1.2946668696568258,1.0,20.0
2021-03-03 17:00:00,2021-03-03 20:00:00,255.94058073584313,6.156886727620523,1624.197495,1579.3792949999997,SHORT,signal_reverse,2.559405807358431,1.0,20.0
2021-03-03 20:00:00,2021-03-04 00:00:00,58.53981016004121,6.331601301636667,1579.379295,1591.78371,LONG,stop_loss,0.5853981016004121,1.0,20.0
2021-03-04 01:00:00,2021-03-04 03:00:00,344.9287039062721,6.193130610492495,1614.69225,1555.7674949999998,SHORT,signal_reverse,3.4492870390627215,1.0,20.0
2021-03-04 03:00:00,2021-03-04 09:00:00,-70.46923801425618,6.427695675696065,1555.767495,1547.9156550000002,LONG,stop_loss,-0.7046923801425617,1.0,20.0
2021-03-04 09:00:00,2021-03-04 15:00:00,151.39632858089317,6.453843247357847,1549.464345,1576.021595,LONG,signal_reverse,1.5139632858089316,1.0,20.0
2021-03-04 15:00:00,2021-03-04 17:00:00,72.01158820415769,6.345090721932652,1576.021595,1561.52037,SHORT,stop_loss,0.7201158820415768,1.0,20.0
2021-03-04 18:00:00,2021-03-05 00:00:00,-211.64472094316295,6.635289840773415,1507.0931699999999,1478.2105250000002,LONG,stop_loss,-2.1164472094316293,1.0,20.0
2021-03-05 00:00:00,2021-03-05 02:00:00,-11.35176655899444,6.7581747177055504,1479.6894750000001,1480.969145,LONG,stop_loss,-0.1135176655899444,1.0,20.0
2021-03-05 07:00:00,2021-03-05 08:00:00,-155.52123654049174,6.77760542666058,1475.447355,1455.4519100000002,LONG,stop_loss,-1.5552123654049175,1.0,20.0
2021-03-05 13:00:00,2021-03-05 14:00:00,-53.178642668087654,6.713640329643097,1489.504875,1494.44685,SHORT,stop_loss,-0.5317864266808765,1.0,20.0
2021-03-05 17:00:00,2021-03-05 18:00:00,-142.42692019335365,6.644928138657216,1504.9071700000002,1523.3312849999998,SHORT,stop_loss,-1.4242692019335366,1.0,20.0
2021-03-06 05:00:00,2021-03-06 12:00:00,199.6245186082579,6.348956119713568,1575.0620749999998,1540.46985,SHORT,signal_reverse,1.9962451860825787,1.0,20.0
2021-03-06 12:00:00,2021-03-06 13:00:00,-99.87378006781412,6.491525945801536,1540.46985,1528.165535,LONG,stop_loss,-0.9987378006781412,1.0,20.0
2021-03-06 16:00:00,2021-03-06 17:00:00,-163.79438450382247,6.331558747263365,1579.38991,1602.1006499999999,SHORT,stop_loss,-1.6379438450382249,1.0,20.0
2021-03-07 02:00:00,2021-03-07 07:00:00,-210.77258719653267,6.0386780104360325,1655.9915899999999,1687.5833699999998,SHORT,stop_loss,-2.1077258719653265,1.0,20.000000000000004
2021-03-07 09:00:00,2021-03-07 14:00:00,187.1813909649886,5.9392025865654885,1683.727715,1648.8440099999998,SHORT,signal_reverse,1.871813909649886,1.0,20.0
2021-03-07 14:00:00,2021-03-07 17:00:00,130.15835245688368,6.064855098087781,1648.84401,1673.6027800000002,LONG,signal_reverse,1.3015835245688367,1.0,20.0
2021-03-07 17:00:00,2021-03-07 20:00:00,115.38290131186552,5.975133478208013,1673.6027800000002,1650.9450599999998,SHORT,signal_reverse,1.1538290131186553,1.0,20.000000000000004
2021-03-07 20:00:00,2021-03-07 22:00:00,140.73084830575866,6.057136752933499,1650.9450599999998,1677.48084,LONG,signal_reverse,1.4073084830575864,1.0,20.0
2021-03-07 22:00:00,2021-03-07 23:00:00,-319.7507262139577,5.961319951648449,1677.48084,1727.76345,SHORT,stop_loss,-3.197507262139577,1.0,20.0
2021-03-08 07:00:00,2021-03-08 08:00:00,-68.54889758023889,5.907072231596549,1692.88602,1684.667245,LONG,stop_loss,-0.6854889758023889,1.0,20.0
2021-03-08 11:00:00,2021-03-08 14:00:00,-94.33919166105183,5.803433045192302,1723.11801,1735.92753,SHORT,stop_loss,-0.9433919166105182,1.0,20.0
2021-03-08 18:00:00,2021-03-08 19:00:00,-205.6866541271707,5.742114280528828,1741.5188050000002,1773.856485,SHORT,stop_loss,-2.056866541271707,1.0,20.0
2021-03-09 12:00:00,2021-03-09 13:00:00,158.93629077329263,5.536784012159664,1806.1026,1838.42033,LONG,signal_reverse,1.5893629077329263,1.0,20.000000000000004
2021-03-09 13:00:00,2021-03-09 17:00:00,103.38263796288685,5.439452467325577,1838.42033,1815.7374149999998,SHORT,signal_reverse,1.0338263796288685,1.0,20.0
2021-03-09 17:00:00,2021-03-09 20:00:00,82.4099621805742,5.507404274092132,1815.7374149999998,1834.3323750000002,LONG,signal_reverse,0.8240996218057419,1.0,19.999999999999996
2021-03-09 20:00:00,2021-03-09 23:00:00,-225.70530463433678,5.451574718022409,1834.332375,1872.065565,SHORT,stop_loss,-2.257053046343368,1.0,20.0
2021-03-10 02:00:00,2021-03-10 03:00:00,-121.45083473196216,5.569177299131122,1795.59735,1777.380865,LONG,stop_loss,-1.2145083473196217,1.0,20.0
2021-03-10 08:00:00,2021-03-10 17:00:00,-189.95167394189977,5.486161224146025,1822.76816,1853.7464099999997,SHORT,stop_loss,-1.8995167394189976,1.0,19.999999999999996
2021-03-10 20:00:00,2021-03-10 21:00:00,38.48091642867075,5.542894337736938,1804.111605,1814.662215,LONG,stop_loss,0.38480916428670753,1.0,20.0
2021-03-10 23:00:00,2021-03-11 01:00:00,-73.59613465954737,5.571257168916141,1794.927015,1785.3069,LONG,stop_loss,-0.7359613465954737,1.0,20.0
2021-03-11 05:00:00,2021-03-11 08:00:00,-217.17807596092345,5.618863240866538,1779.719415,1744.62725,LONG,stop_loss,-2.1717807596092342,1.0,20.0
2021-03-11 12:00:00,2021-03-11 13:00:00,-144.69039520430502,5.588887306861189,1789.26492,1811.575335,SHORT,stop_loss,-1.4469039520430502,1.0,20.0
2021-03-11 18:00:00,2021-03-11 21:00:00,-184.4684485454783,5.523658422818211,1810.39435,1840.169625,SHORT,stop_loss,-1.8446844854547833,1.0,20.0
2021-03-12 07:00:00,2021-03-12 10:00:00,-104.54894065379422,5.570667197306141,1795.1171100000001,1779.939585,LONG,stop_loss,-1.045489406537942,1.0,20.0
2021-03-12 17:00:00,2021-03-12 20:00:00,-161.10352216607728,5.663821533708441,1765.592355,1740.679225,LONG,stop_loss,-1.611035221660773,1.0,19.999999999999996
2021-03-13 01:00:00,2021-03-13 04:00:00,160.3334962542712,5.749508170541256,1739.279205,1770.644235,LONG,signal_reverse,1.6033349625427122,1.0,20.000000000000004
2021-03-13 04:00:00,2021-03-13 08:00:00,-109.56384171662735,5.647661908774125,1770.644235,1786.5028049999999,SHORT,stop_loss,-1.0956384171662736,1.0,20.0
2021-03-14 05:00:00,2021-03-14 10:00:00,-185.97375351292234,5.263297787651724,1899.9495,1868.415325,LONG,stop_loss,-1.8597375351292234,1.0,19.999999999999996
2021-03-14 10:00:00,2021-03-14 16:00:00,-125.81482736043799,5.346779628614558,1870.2846749999999,1850.49429,LONG,stop_loss,-1.2581482736043799,1.0,20.0
2021-03-14 22:00:00,2021-03-14 23:00:00,152.64301651356996,5.31615435773147,1881.059,1848.58383,SHORT,signal_reverse,1.5264301651356995,1.0,20.000000000000004
2021-03-14 23:00:00,2021-03-15 03:00:00,169.78779555807355,5.409546398553102,1848.58383,1883.667695,LONG,signal_reverse,1.6978779555807355,1.0,20.0
2021-03-15 03:00:00,2021-03-15 04:00:00,87.59042082526162,5.30879200537545,1883.6676949999999,1863.4012349999998,SHORT,signal_reverse,0.8759042082526161,1.0,20.0
2021-03-15 04:00:00,2021-03-15 06:00:00,-298.5628453230034,5.366530735394731,1863.401235,1811.4938000000002,LONG,stop_loss,-2.985628453230034,1.0,20.0
2021-03-15 14:00:00,2021-03-15 20:00:00,50.86274005790033,5.621834027274255,1778.778945,1791.3838600000001,LONG,signal_reverse,0.5086274005790034,1.0,20.0
2021-03-15 20:00:00,2021-03-16 00:00:00,311.24262937146244,5.582276486514734,1791.38386,1732.04559,SHORT,signal_reverse,3.1124262937146243,1.0,20.000000000000004
2021-03-16 00:00:00,2021-03-16 06:00:00,304.70173028182245,5.773520083844906,1732.0455900000002,1788.2854100000002,LONG,signal_reverse,3.0470173028182246,1.0,20.0
2021-03-16 06:00:00,2021-03-16 08:00:00,-119.07333527929272,5.59194854696041,1788.28541,1806.0025499999997,SHORT,stop_loss,-1.1907333527929271,1.0,20.0
2021-03-16 14:00:00,2021-03-16 17:00:00,89.53692754138338,5.575463786661591,1793.5727650000001,1773.9265199999998,SHORT,signal_reverse,0.8953692754138338,1.0,20.0
2021-03-16 17:00:00,2021-03-16 20:00:00,105.39947257792922,5.637212075729044,1773.92652,1796.1714650000001,LONG,signal_reverse,1.053994725779292,1.0,20.0
2021-03-16 20:00:00,2021-03-17 02:00:00,86.80169111805924,5.567397208372865,1796.171465,1776.9880499999997,SHORT,signal_reverse,0.8680169111805923,1.0,20.0
2021-03-17 02:00:00,2021-03-17 12:00:00,-93.89143669255249,5.627499858538722,1776.98805,1763.8576300000002,LONG,stop_loss,-0.9389143669255249,1.0,20.0
2021-03-17 16:00:00,2021-03-17 18:00:00,-236.1292836869015,5.602971731040973,1784.76717,1823.341215,SHORT,stop_loss,-2.361292836869015,1.0,19.999999999999996
2021-03-18 07:00:00,2021-03-18 12:00:00,-129.27701643358083,5.5061906748735,1816.137615,1796.2914050000002,LONG,stop_loss,-1.2927701643358083,1.0,20.0
2021-03-18 15:00:00,2021-03-18 18:00:00,124.17089872399879,5.491762359207071,1820.9090899999999,1794.65688,SHORT,signal_reverse,1.2417089872399878,1.0,20.0
2021-03-18 18:00:00,2021-03-18 19:00:00,-173.18195531615984,5.572095764623263,1794.65688,1767.1659750000001,LONG,stop_loss,-1.7318195531615985,1.0,20.0
2021-03-18 22:00:00,2021-03-19 00:00:00,-151.9215421789757,5.616368943229805,1780.5098099999998,1757.0210500000003,LONG,stop_loss,-1.519215421789757,1.0,20.0
2021-03-19 05:00:00,2021-03-19 16:00:00,-138.33622662359514,5.549824991263743,1801.85862,1823.1811349999998,SHORT,stop_loss,-1.3833622662359515,1.0,20.0
2021-03-19 21:00:00,2021-03-19 23:00:00,59.707177231548116,5.477540993266336,1825.6367249999998,1811.08509,SHORT,signal_reverse,0.5970717723154811,1.0,20.0
2021-03-19 23:00:00,2021-03-20 01:00:00,50.468969517053274,5.521551723447737,1811.08509,1823.84762,LONG,signal_reverse,0.5046896951705327,1.0,20.0
2021-03-20 01:00:00,2021-03-20 13:00:00,-135.4941606360729,5.4829141921406785,1823.84762,1844.911995,SHORT,stop_loss,-1.3549416063607291,1.0,20.0
2021-03-20 19:00:00,2021-03-20 20:00:00,76.18470200677245,5.415134499486157,1846.6761999999999,1828.914,SHORT,signal_reverse,0.7618470200677245,1.0,19.999999999999996
2021-03-20 20:00:00,2021-03-21 00:00:00,-153.83171652685698,5.467725655771676,1828.914,1804.43733,LONG,stop_loss,-1.5383171652685699,1.0,19.999999999999996
2021-03-21 09:00:00,2021-03-21 14:00:00,92.7876878211225,5.663628970772749,1765.652385,1785.5667700000001,LONG,signal_reverse,0.927876878211225,1.0,20.0
2021-03-21 14:00:00,2021-03-21 23:00:00,-13.139181235994124,5.600462647498754,1785.5667700000001,1784.341725,SHORT,signal_reverse,-0.13139181235994124,1.0,20.0
2021-03-21 23:00:00,2021-03-22 00:00:00,-178.21083822943118,5.6043076614150245,1784.341725,1756.111505,LONG,stop_loss,-1.7821083822943118,1.0,20.0
2021-03-22 05:00:00,2021-03-22 13:00:00,33.58165422730481,5.5896991459023555,1789.00505,1779.4192649999998,SHORT,signal_reverse,0.3358165422730481,1.0,20.0
2021-03-22 13:00:00,2021-03-22 19:00:00,-261.02225846138566,5.619811023008117,1779.419265,1736.5313,LONG,stop_loss,-2.6102225846138567,1.0,20.000000000000004
2021-03-23 02:00:00,2021-03-23 05:00:00,-128.3585280553503,5.903583198713926,1693.88652,1675.531815,LONG,stop_loss,-1.2835852805535028,1.0,20.0
2021-03-23 12:00:00,2021-03-23 20:00:00,150.80026466391786,5.8749970647045915,1702.12851,1673.05611,SHORT,signal_reverse,1.5080026466391787,1.0,20.0
2021-03-23 20:00:00,2021-03-24 07:00:00,112.48721825593742,5.977085849200838,1673.05611,1695.221965,LONG,signal_reverse,1.1248721825593742,1.0,20.000000000000004
2021-03-24 07:00:00,2021-03-24 12:00:00,-247.84346709429258,5.898932533003134,1695.221965,1733.84649,SHORT,stop_loss,-2.4784346709429257,1.0,20.0
2021-03-24 16:00:00,2021-03-24 18:00:00,-240.20947276733563,5.8781338760097075,1701.220185,1663.757705,LONG,stop_loss,-2.402094727673356,1.0,20.000000000000004
2021-03-25 07:00:00,2021-03-25 09:00:00,212.10646927642705,6.355879902039111,1573.34628,1609.864665,LONG,signal_reverse,2.1210646927642705,1.0,20.0
2021-03-25 09:00:00,2021-03-25 12:00:00,178.68825433223765,6.211702273743613,1609.864665,1577.8785449999998,SHORT,signal_reverse,1.7868825433223763,1.0,20.0
2021-03-25 12:00:00,2021-03-25 18:00:00,188.03692466710163,6.337623406876351,1577.878545,1610.7042450000001,LONG,signal_reverse,1.8803692466710165,1.0,20.0
2021-03-25 18:00:00,2021-03-25 22:00:00,157.58437086629732,6.2084644223434085,1610.704245,1582.100655,SHORT,signal_reverse,1.575843708662973,1.0,20.0
2021-03-25 22:00:00,2021-03-26 00:00:00,227.4451601816709,6.320710359607304,1582.100655,1621.24897,LONG,signal_reverse,2.274451601816709,1.0,20.000000000000004
2021-03-26 00:00:00,2021-03-26 13:00:00,-187.36979021797018,6.168084103701853,1621.2489699999999,1648.38378,SHORT,stop_loss,-1.8736979021797016,1.0,20.000000000000004
2021-03-27 09:00:00,2021-03-27 10:00:00,36.85717942833588,5.887997140600173,1698.37039,1688.7139349999998,SHORT,signal_reverse,0.3685717942833588,1.0,20.0
2021-03-27 10:00:00,2021-03-27 12:00:00,-87.7615655489928,5.921666063589391,1688.713935,1677.270945,LONG,stop_loss,-0.8776156554899281,1.0,20.0
2021-03-27 14:00:00,2021-03-27 16:00:00,130.90306995840248,5.946751449502083,1681.590375,1706.9660900000001,LONG,signal_reverse,1.3090306995840248,1.0,20.0
2021-03-27 16:00:00,2021-03-28 11:00:00,-3.5120333292613672,5.85834719188827,1706.96609,1704.1516499999998,SHORT,signal_reverse,-0.03512033329261367,1.0,20.0
2021-03-28 11:00:00,2021-03-28 18:00:00,-206.35820937649495,5.8680223676103,1704.15165,1672.393385,LONG,stop_loss,-2.0635820937649494,1.0,20.0
2021-03-28 18:00:00,2021-03-29 02:00:00,96.34059138082934,5.973477943110406,1674.066615,1693.5428050000003,LONG,signal_reverse,0.9634059138082934,1.0,20.0
2021-03-29 02:00:00,2021-03-29 08:00:00,-261.64724315899343,5.904781367483652,1693.542805,1734.4668,SHORT,stop_loss,-2.6164724315899344,1.0,20.0
2021-03-29 21:00:00,2021-03-30 02:00:00,51.17918676500286,5.531262267043319,1807.905595,1795.03707,SHORT,signal_reverse,0.5117918676500286,1.0,20.0
2021-03-30 02:00:00,2021-03-30 06:00:00,96.34587022762689,5.570915591174949,1795.03707,1815.921585,LONG,signal_reverse,0.963458702276269,1.0,20.0
2021-03-30 06:00:00,2021-03-30 10:00:00,-136.1749778969673,5.5068457154773025,1815.9215849999998,1837.01805,SHORT,stop_loss,-1.361749778969673,1.0,20.000000000000004
2021-03-30 14:00:00,2021-03-31 03:00:00,42.48110906657032,5.447359896579476,1835.751665,1824.2816849999997,SHORT,signal_reverse,0.42481109066570316,1.0,20.000000000000004
2021-03-31 03:00:00,2021-03-31 06:00:00,134.37106139669467,5.4816096013154905,1824.281685,1852.443315,LONG,signal_reverse,1.3437106139669468,1.0,20.0
2021-03-31 06:00:00,2021-03-31 07:00:00,192.08308876107236,5.398275844138314,1852.443315,1813.156125,SHORT,signal_reverse,1.9208308876107236,1.0,20.000000000000004
2021-03-31 07:00:00,2021-03-31 08:00:00,-48.73745910876821,5.515244860670783,1813.156125,1807.945575,LONG,stop_loss,-0.48737459108768216,1.0,20.000000000000004
2021-03-31 13:00:00,2021-03-31 16:00:00,-131.18972205787423,5.472627298722029,1827.275905,1847.593335,SHORT,stop_loss,-1.3118972205787423,1.0,20.0
2021-04-01 07:00:00,2021-04-01 08:00:00,-118.2842576232308,5.193357124967882,1925.53675,1944.4617449999998,SHORT,stop_loss,-1.182842576232308,1.0,20.0
2021-04-01 13:00:00,2021-04-01 17:00:00,-67.48887117925248,5.174742556622492,1932.463285,1941.640335,SHORT,stop_loss,-0.6748887117925249,1.0,20.0
2021-04-01 18:00:00,2021-04-02 02:00:00,-185.7805605594299,5.088160431489437,1965.3468349999998,1997.928465,SHORT,stop_loss,-1.8578056055942989,1.0,19.999999999999996
2021-04-02 06:00:00,2021-04-02 14:00:00,-400.46163081841735,5.014511004481045,1994.212395,2070.084525,SHORT,stop_loss,-4.004616308184174,1.0,20.0
2021-04-03 02:00:00,2021-04-03 14:00:00,55.51812643087287,4.7462736667270535,2106.916015,2091.0049799999997,SHORT,signal_reverse,0.5551812643087287,1.0,20.0
2021-04-03 14:00:00,2021-04-03 16:00:00,-131.76116376346417,4.782389375275423,2091.00498,2067.6356650000002,LONG,stop_loss,-1.3176116376346418,1.0,20.0
2021-04-03 21:00:00,2021-04-04 00:00:00,-183.46306494101353,4.911862919375992,2035.8874349999999,2002.608195,LONG,stop_loss,-1.8346306494101354,1.0,20.0
2021-04-04 07:00:00,2021-04-04 12:00:00,-183.65021093746398,4.915762619209363,2034.272355,2067.5632650000002,SHORT,stop_loss,-1.8365021093746399,1.0,20.0
2021-04-04 12:00:00,2021-04-05 00:00:00,19.935308830205575,4.841450402970499,2065.496735,2057.2481099999995,SHORT,signal_reverse,0.19935308830205575,1.0,20.0
2021-04-05 00:00:00,2021-04-05 03:00:00,-162.77594840031082,4.86086240711141,2057.24811,2027.8755550000003,LONG,stop_loss,-1.6277594840031082,1.0,20.0
2021-04-05 09:00:00,2021-04-05 13:00:00,-206.38542153153617,4.89428853120047,2043.19789,2081.2801199999994,SHORT,stop_loss,-2.0638542153153616,1.0,19.999999999999996
2021-04-06 05:00:00,2021-04-06 07:00:00,113.57564703827877,4.695971698036011,2129.4847250000003,2101.0399949999996,SHORT,signal_reverse,1.1357564703827876,1.0,20.0
2021-04-06 07:00:00,2021-04-06 14:00:00,-123.09277810772578,4.759547663917745,2101.0399949999996,2079.3797900000004,LONG,stop_loss,-1.2309277810772579,1.0,20.0
2021-04-06 14:00:00,2021-04-06 17:00:00,188.6843159014803,4.804319559872826,2081.46021,2124.8970200000003,LONG,signal_reverse,1.886843159014803,1.0,20.0
2021-04-06 17:00:00,2021-04-07 00:00:00,121.98419836835234,4.706110416588565,2124.89702,2094.72684,SHORT,signal_reverse,1.2198419836835233,1.0,20.0
2021-04-07 00:00:00,2021-04-07 08:00:00,-176.5279270494285,4.7738921414689095,2094.72684,2061.938515,LONG,stop_loss,-1.765279270494285,1.0,20.0
2021-04-07 22:00:00,2021-04-07 23:00:00,193.7945037106022,4.983017651607527,2006.81609,1963.911465,SHORT,signal_reverse,1.937945037106022,1.0,20.0
2021-04-07 23:00:00,2021-04-08 04:00:00,244.62542190006525,5.091879230920422,1963.9114650000001,2015.8815550000002,LONG,signal_reverse,2.4462542190006524,1.0,20.0
2021-04-08 04:00:00,2021-04-08 14:00:00,-161.22908128895375,4.960608908393926,2015.8815550000002,2044.351665,SHORT,stop_loss,-1.6122908128895375,1.0,20.0
2021-04-08 22:00:00,2021-04-09 10:00:00,-118.6623106004059,4.834315417258877,2068.5452099999998,2088.953955,SHORT,stop_loss,-1.186623106004059,1.0,20.000000000000004
2021-04-09 14:00:00,2021-04-09 18:00:00,30.1959439618666,4.837032689888269,2067.383175,2077.7606000000005,LONG,signal_reverse,0.301959439618666,1.0,20.0
2021-04-09 18:00:00,2021-04-09 22:00:00,31.678740081991435,4.812874014455756,2077.7606,2067.022995,SHORT,signal_reverse,0.31678740081991436,1.0,20.0
2021-04-09 22:00:00,2021-04-10 01:00:00,114.9719866082104,4.837875545743506,2067.022995,2094.922015,LONG,signal_reverse,1.149719866082104,1.0,20.0
2021-04-10 01:00:00,2021-04-10 03:00:00,-252.22456326136955,4.773447378183193,2094.9220149999996,2143.57125,SHORT,stop_loss,-2.5222456326136955,1.0,20.0
2021-04-10 17:00:00,2021-04-10 20:00:00,-275.0544812641317,4.660370077937326,2145.75234,2091.0239650000003,LONG,stop_loss,-2.7505448126413174,1.0,20.0
2021-04-11 01:00:00,2021-04-11 05:00:00,113.42201822491998,4.652883578534248,2149.2048600000003,2120.5297349999996,SHORT,signal_reverse,1.1342201822491997,1.0,20.0
2021-04-11 05:00:00,2021-04-11 08:00:00,73.93645687312328,4.7158027708581045,2120.5297349999996,2140.44924,LONG,signal_reverse,0.7393645687312328,1.0,20.0
2021-04-11 08:00:00,2021-04-11 13:00:00,46.23205416447907,4.671916443110793,2140.44924,2126.272605,SHORT,signal_reverse,0.46232054164479064,1.0,20.0
2021-04-11 13:00:00,2021-04-11 15:00:00,72.01049740280128,4.703065814084549,2126.272605,2145.836545,LONG,signal_reverse,0.7201049740280128,1.0,20.0
2021-04-11 15:00:00,2021-04-12 06:00:00,-196.9697467800374,4.6601871998596245,2145.8365449999997,2183.8113599999997,SHORT,stop_loss,-1.9696974678003742,1.0,20.0
2021-04-12 06:00:00,2021-04-12 09:00:00,149.95055583795428,4.58373153737109,2181.62864,2144.55174,SHORT,signal_reverse,1.499505558379543,1.0,20.0
2021-04-12 09:00:00,2021-04-12 15:00:00,-137.79578234843635,4.66297912681743,2144.55174,2119.289825,LONG,stop_loss,-1.3779578234843635,1.0,20.0
2021-04-12 22:00:00,2021-04-13 06:00:00,-77.81459365165956,4.657475467958916,2147.08592,2159.49921,SHORT,stop_loss,-0.7781459365165956,1.0,20.0
2021-04-13 08:00:00,2021-04-13 14:00:00,-222.77143696031607,4.509012389641049,2217.780555,2262.7508099999995,SHORT,stop_loss,-2.2277143696031607,1.0,20.0
2021-04-13 19:00:00,2021-04-14 03:00:00,-241.5069809726182,4.352404371653315,2297.580635,2348.47365,SHORT,stop_loss,-2.415069809726182,1.0,19.999999999999996
2021-04-14 11:00:00,2021-04-14 14:00:00,214.280355799214,4.185177865309099,2389.38471,2333.4061199999996,SHORT,signal_reverse,2.1428035579921403,1.0,20.0
2021-04-14 14:00:00,2021-04-14 16:00:00,151.83693252677588,4.285580600088595,2333.4061199999996,2373.5026550000002,LONG,signal_reverse,1.5183693252677588,1.0,19.999999999999996
2021-04-14 16:00:00,2021-04-14 17:00:00,162.2964887309139,4.2131825633032625,2373.5026550000002,2330.234535,SHORT,signal_reverse,1.6229648873091391,1.0,20.0
2021-04-14 17:00:00,2021-04-14 20:00:00,143.2056320030451,4.291413525033866,2330.234535,2368.2652749999997,LONG,signal_reverse,1.4320563200304512,1.0,20.000000000000004
2021-04-14 20:00:00,2021-04-14 21:00:00,-270.63885632491116,4.222499947772954,2368.2652749999997,2427.623205,SHORT,stop_loss,-2.706388563249112,1.0,20.0
2021-04-15 10:00:00,2021-04-15 13:00:00,199.75026168507733,4.143865049233261,2413.206,2466.236265,LONG,signal_reverse,1.9975026168507732,1.0,20.000000000000004
2021-04-15 13:00:00,2021-04-15 22:00:00,-289.8423340230939,4.054761557891535,2466.236265,2532.7857599999998,SHORT,stop_loss,-2.8984233402309387,1.0,20.0
2021-04-16 04:00:00,2021-04-16 05:00:00,-51.008896056808524,4.122432502144995,2425.75227,2418.23028,LONG,stop_loss,-0.5100889605680853,1.0,20.0
2021-04-16 15:00:00,2021-04-17 00:00:00,-146.86706980891526,4.109910818962941,2433.14282,2464.01139,SHORT,stop_loss,-1.4686706980891524,1.0,20.0
2021-04-17 00:00:00,2021-04-17 09:00:00,72.01431126724913,4.062483251143271,2461.5486100000003,2438.89884,SHORT,signal_reverse,0.7201431126724912,1.0,20.0
2021-04-17 09:00:00,2021-04-17 11:00:00,-142.94031842665407,4.100211060824483,2438.89884,2408.91494,LONG,stop_loss,-1.4294031842665407,1.0,20.0
2021-04-17 23:00:00,2021-04-18 00:00:00,-175.25765448769434,4.308785047399049,2320.8398399999996,2284.807025,LONG,stop_loss,-1.7525765448769433,1.0,20.0
2021-04-18 08:00:00,2021-04-18 09:00:00,-104.14871520839374,4.674909143900461,2139.079005,2121.07893,LONG,stop_loss,-1.0414871520839375,1.0,20.0
2021-04-18 18:00:00,2021-04-18 20:00:00,-284.0171614432675,4.605209801085653,2171.45373,2228.7838349999997,SHORT,stop_loss,-2.840171614432675,1.0,20.0
2021-04-19 06:00:00,2021-04-19 09:00:00,123.23416554308044,4.417726759473769,2263.60763,2231.185035,SHORT,signal_reverse,1.2323416554308044,1.0,19.999999999999996
2021-04-19 09:00:00,2021-04-19 14:00:00,-401.22627063962835,4.481923212612441,2231.185035,2146.1264,LONG,stop_loss,-4.0122627063962835,1.0,20.0
2021-04-19 20:00:00,2021-04-19 23:00:00,189.9453127089556,4.529056345543882,2207.965465,2161.6102650000003,SHORT,signal_reverse,1.899453127089556,1.0,20.0
2021-04-19 23:00:00,2021-04-20 00:00:00,-351.1688566578852,4.62618084393673,2161.6102650000003,2090.0244650000004,LONG,stop_loss,-3.511688566578852,1.0,20.0
2021-04-20 05:00:00,2021-04-20 06:00:00,-228.057579178566,4.713645516378971,2121.50022,2077.3608000000004,LONG,stop_loss,-2.28057579178566,1.0,20.0
2021-04-20 10:00:00,2021-04-20 12:00:00,-27.254761866077754,4.581443670122688,2182.7180949999997,2184.301605,SHORT,stop_loss,-0.27254761866077754,1.0,20.000000000000004
2021-04-20 16:00:00,2021-04-20 18:00:00,-187.3561489365233,4.443981638321115,2250.23432,2287.8933749999997,SHORT,stop_loss,-1.873561489365233,1.0,20.0
2021-04-21 01:00:00,2021-04-21 10:00:00,223.69140588862726,4.304356197217603,2323.227805,2266.61274,SHORT,signal_reverse,2.2369140588862724,1.0,20.0
2021-04-21 10:00:00,2021-04-21 12:00:00,431.2999207795876,4.411869669452224,2266.61274,2368.9049550000004,LONG,signal_reverse,4.312999207795876,1.0,20.0
2021-04-21 12:00:00,2021-04-21 14:00:00,-341.1903028840595,4.221359737921609,2368.904955,2444.991885,SHORT,stop_loss,-3.4119030288405954,1.0,20.0
2021-04-21 21:00:00,2021-04-21 23:00:00,-105.27509707411491,4.207695723580613,2376.5977049999997,2356.3312450000003,LONG,stop_loss,-1.052750970741149,1.0,19.999999999999996
2021-04-22 00:00:00,2021-04-22 05:00:00,-277.12218985110485,4.136554856885006,2417.47066,2479.6291949999995,SHORT,stop_loss,-2.771221898511049,1.0,20.0
2021-04-22 09:00:00,2021-04-22 11:00:00,-209.9179515082519,4.010326438185924,2493.562595,2540.919825,SHORT,stop_loss,-2.0991795150825188,1.0,20.0
2021-04-22 20:00:00,2021-04-22 21:00:00,27.345826426103923,4.166268241226923,2400.229515,2411.5936,LONG,stop_loss,0.2734582642610392,1.0,20.000000000000004
2021-04-23 09:00:00,2021-04-23 11:00:00,399.6660306210538,4.543182953977556,2201.1,2293.47269,LONG,signal_reverse,3.996660306210538,1.0,19.999999999999996
2021-04-23 11:00:00,2021-04-23 15:00:00,-205.93979856808105,4.36020016440658,2293.47269,2336.1174749999996,SHORT,stop_loss,-2.0593979856808105,1.0,20.000000000000004
2021-04-23 18:00:00,2021-04-24 00:00:00,297.6999373887371,4.26652558688726,2343.8275,2269.364115,SHORT,signal_reverse,2.976999373887371,1.0,20.0
2021-04-24 00:00:00,2021-04-24 02:00:00,59.192426112722245,4.406520722656268,2269.364115,2287.33576,LONG,stop_loss,0.5919242611272224,1.0,20.0
2021-04-24 07:00:00,2021-04-24 10:00:00,-401.8089856918626,4.3904164190334605,2277.688275,2190.72409,LONG,stop_loss,-4.018089856918626,1.0,20.0
2021-04-24 13:00:00,2021-04-24 15:00:00,116.48587718415405,4.5038155120247225,2220.339615,2250.644115,LONG,stop_loss,1.1648587718415406,1.0,20.0
2021-04-24 18:00:00,2021-04-24 23:00:00,197.6765875081759,4.40937427061371,2267.895485,2218.52871,SHORT,signal_reverse,1.9767658750817592,1.0,20.0
2021-04-24 23:00:00,2021-04-25 03:00:00,-165.377406452405,4.507491814248372,2218.52871,2186.276315,LONG,stop_loss,-1.6537740645240502,1.0,20.0
2021-04-25 03:00:00,2021-04-25 09:00:00,284.08658574565476,4.569415553267452,2188.4636849999997,2255.01193,LONG,signal_reverse,2.840865857456548,1.0,20.0
2021-04-25 09:00:00,2021-04-25 10:00:00,-55.78271534909435,4.434566339522648,2255.0119299999997,2263.080975,SHORT,stop_loss,-0.5578271534909436,1.0,20.0
2021-04-25 19:00:00,2021-04-25 20:00:00,-257.7387045897835,4.403046007854832,2271.15501,2217.1608650000003,LONG,stop_loss,-2.5773870458978347,1.0,20.000000000000004
2021-04-25 23:00:00,2021-04-26 00:00:00,-439.9874148689035,4.310271627283572,2320.0393999999997,2417.478135,SHORT,stop_loss,-4.399874148689035,1.0,20.0
2021-04-26 09:00:00,2021-04-26 11:00:00,-178.06305788485,4.0245869826468645,2484.727015,2524.0013699999995,SHORT,stop_loss,-1.7806305788485002,1.0,20.0
2021-04-26 13:00:00,2021-04-26 17:00:00,-97.90519910376172,4.008639307192961,2494.61207,2514.046395,SHORT,stop_loss,-0.9790519910376171,1.0,20.0
2021-04-26 17:00:00,2021-04-26 20:00:00,185.58860887708494,3.9816309764248605,2511.533605,2459.899335,SHORT,signal_reverse,1.8558860887708493,1.0,20.0
2021-04-26 20:00:00,2021-04-26 21:00:00,129.80964658051806,4.065207001651554,2459.899335,2496.751,LONG,stop_loss,1.2980964658051808,1.0,20.0
2021-04-26 23:00:00,2021-04-27 11:00:00,-190.6885578940084,3.9469956688590306,2533.57258,2576.8177650000002,SHORT,stop_loss,-1.9068855789400838,1.0,20.0
2021-04-27 14:00:00,2021-04-27 16:00:00,-24.00910145455073,3.792977591393725,2636.451115,2637.5080949999997,SHORT,stop_loss,-0.2400910145455073,1.0,20.0
2021-04-27 20:00:00,2021-04-28 00:00:00,-208.27592697059058,3.77743976155531,2647.29569,2697.137895,SHORT,stop_loss,-2.082759269705906,1.0,20.0
2021-04-28 03:00:00,2021-04-28 06:00:00,-186.15166694901583,3.7957915899219294,2634.4965899999997,2590.72399,LONG,stop_loss,-1.8615166694901584,1.0,20.0
2021-04-28 08:00:00,2021-04-28 11:00:00,362.057748471565,3.855025802535802,2594.0163599999996,2693.122765,LONG,signal_reverse,3.62057748471565,1.0,19.999999999999996
2021-04-28 11:00:00,2021-04-28 12:00:00,-137.7405293664737,3.71316158697281,2693.1227649999996,2724.8317349999998,SHORT,stop_loss,-1.3774052936647372,1.0,20.0
2021-04-28 16:00:00,2021-04-28 21:00:00,-181.11108863194158,3.680082135605981,2717.330655,2761.109865,SHORT,stop_loss,-1.8111108863194159,1.0,20.0
2021-04-28 21:00:00,2021-04-29 03:00:00,200.82798418918,3.6253555605985457,2758.350135,2697.438045,SHORT,signal_reverse,2.0082798418918,1.0,20.0
2021-04-29 03:00:00,2021-04-29 06:00:00,117.77506426472755,3.7072213830957508,2697.4380450000003,2734.602015,LONG,signal_reverse,1.1777506426472755,1.0,20.0
2021-04-29 06:00:00,2021-04-29 10:00:00,-168.70509411220496,3.6568392567354997,2734.602015,2775.26694,SHORT,stop_loss,-1.6870509411220498,1.0,20.0
2021-04-29 15:00:00,2021-04-29 16:00:00,168.184407314071,3.5977182098257154,2779.539535,2727.2329349999995,SHORT,signal_reverse,1.6818440731407098,1.0,20.000000000000004
2021-04-29 16:00:00,2021-04-29 20:00:00,-91.05201668444927,3.666720165947248,2727.232935,2707.855395,LONG,stop_loss,-0.9105201668444927,1.0,20.0
2021-04-29 22:00:00,2021-04-30 11:00:00,45.31485171537751,3.621078071672582,2761.6085049999997,2743.5710999999997,SHORT,signal_reverse,0.45314851715377513,1.0,20.0
2021-04-30 11:00:00,2021-04-30 16:00:00,88.11307204686682,3.6448845812670942,2743.5710999999997,2773.23269,LONG,signal_reverse,0.8811307204686681,1.0,20.0
2021-04-30 16:00:00,2021-04-30 22:00:00,64.73327926911138,3.605900087669889,2773.23269,2749.73418,SHORT,signal_reverse,0.6473327926911138,1.0,20.0
2021-04-30 22:00:00,2021-04-30 23:00:00,75.6350988079889,3.6367151678639718,2749.73418,2776.0312900000004,LONG,signal_reverse,0.756350988079889,1.0,20.0
2021-04-30 23:00:00,2021-05-01 02:00:00,-212.22657969392029,3.60226487216576,2776.03129,2829.39399,SHORT,stop_loss,-2.1222657969392027,1.0,20.0
2021-05-01 10:00:00,2021-05-01 16:00:00,-224.9589413238958,3.5172655337069,2843.11773,2901.3899699999997,SHORT,stop_loss,-2.249589413238958,1.0,20.0
2021-05-01 22:00:00,2021-05-02 03:00:00,94.15194563118943,3.4026569970413814,2938.879825,2905.33194,SHORT,signal_reverse,0.9415194563118944,1.0,20.0
2021-05-02 03:00:00,2021-05-02 08:00:00,-115.41582708101721,3.4419474974002453,2905.33194,2877.6104750000004,LONG,stop_loss,-1.154158270810172,1.0,20.0
2021-05-02 11:00:00,2021-05-02 21:00:00,-150.6296415297767,3.4057727923757772,2936.19117,2974.5465299999996,SHORT,stop_loss,-1.5062964152977671,1.0,20.0
2021-05-03 00:00:00,2021-05-03 03:00:00,-225.7358371964058,3.339587200171778,2994.38206,3055.9872299999997,SHORT,stop_loss,-2.257358371964058,1.0,20.000000000000004
2021-05-03 14:00:00,2021-05-03 16:00:00,-309.00100869345806,3.1591319576668924,3165.426495,3256.90764,SHORT,stop_loss,-3.0900100869345803,1.0,20.0
2021-05-04 02:00:00,2021-05-04 04:00:00,346.2379154171853,3.0955684907909187,3230.4244049999998,3348.734795,LONG,signal_reverse,3.4623791541718534,1.0,20.0
2021-05-04 04:00:00,2021-05-04 06:00:00,-48.52871482765535,2.98620243529915,3348.734795,3358.288305,SHORT,stop_loss,-0.4852871482765535,1.0,20.0
2021-05-04 10:00:00,2021-05-04 11:00:00,-167.10203101550664,2.9105461821820002,3435.78125,3486.3222899999996,SHORT,stop_loss,-1.6710203101550665,1.0,20.0
2021-05-04 15:00:00,2021-05-04 16:00:00,86.70242291476035,3.0953288259588314,3230.67453,3265.1466100000002,LONG,stop_loss,0.8670242291476035,1.0,19.999999999999996
2021-05-04 19:00:00,2021-05-04 22:00:00,263.75735141645896,2.931465117258759,3411.2635149999996,3314.4664049999997,SHORT,signal_reverse,2.6375735141645893,1.0,20.0
2021-05-04 22:00:00,2021-05-04 23:00:00,-248.5935524514689,3.0170768920495363,3314.466405,3238.69984,LONG,stop_loss,-2.485935524514689,1.0,20.0
2021-05-05 04:00:00,2021-05-05 07:00:00,216.29209306643776,3.064804735267975,3262.85061,3339.9491900000003,LONG,signal_reverse,2.1629209306643777,1.0,20.0
2021-05-05 07:00:00,2021-05-05 10:00:00,-160.25171442802653,2.9940575233720845,3339.94919,3386.7925499999997,SHORT,stop_loss,-1.6025171442802653,1.0,20.0
2021-05-05 12:00:00,2021-05-05 15:00:00,162.42999931175407,2.9677338743528012,3369.5743700000003,3308.103225,SHORT,signal_reverse,1.6242999931175408,1.0,20.0
2021-05-05 15:00:00,2021-05-05 16:00:00,420.7025872053923,3.022880279075935,3308.103225,3453.89219,LONG,signal_reverse,4.207025872053923,1.0,20.0
2021-05-05 16:00:00,2021-05-05 22:00:00,-231.9651569089646,2.8952843487566993,3453.89219,3527.1026699999998,SHORT,stop_loss,-2.319651569089646,1.0,20.0
2021-05-05 22:00:00,2021-05-06 06:00:00,346.73240828235333,2.83802484334862,3523.57733,3394.3563299999996,SHORT,signal_reverse,3.4673240828235334,1.0,20.0
2021-05-06 06:00:00,2021-05-06 10:00:00,257.30899719653246,2.94606665529426,3394.35633,3488.4848850000003,LONG,signal_reverse,2.5730899719653246,1.0,19.999999999999996
2021-05-06 10:00:00,2021-05-06 15:00:00,-215.93791360228278,2.8665739797235785,3488.484885,3556.83753,SHORT,stop_loss,-2.159379136022828,1.0,20.0
2021-05-06 18:00:00,2021-05-06 19:00:00,41.719760015606504,2.888511990067401,3461.99013,3483.35745,LONG,stop_loss,0.417197600156065,1.0,20.0
2021-05-06 20:00:00,2021-05-06 22:00:00,158.543494789301,2.882530771621318,3469.1737200000002,3531.1135600000002,LONG,signal_reverse,1.58543494789301,1.0,19.999999999999996
2021-05-06 22:00:00,2021-05-07 01:00:00,173.34695370148464,2.831967828301732,3531.1135600000002,3462.8405549999998,SHORT,signal_reverse,1.7334695370148465,1.0,19.999999999999996
2021-05-07 01:00:00,2021-05-07 02:00:00,-114.53644913778004,2.887802612095722,3462.840555,3430.1040900000003,LONG,stop_loss,-1.1453644913778003,1.0,20.0
2021-05-07 09:00:00,2021-05-07 13:00:00,-124.38504966769104,2.8874466093075397,3463.2675,3499.418835,SHORT,stop_loss,-1.2438504966769104,1.0,20.0
2021-05-07 21:00:00,2021-05-07 22:00:00,-130.4301128414145,2.873473063173448,3480.109185,3441.6783000000005,LONG,stop_loss,-1.3043011284141452,1.0,20.000000000000004
2021-05-08 00:00:00,2021-05-08 04:00:00,-151.17025839225406,2.8381697571885036,3523.39742,3569.613915,SHORT,stop_loss,-1.5117025839225406,1.0,20.0
2021-05-08 08:00:00,2021-05-08 13:00:00,-272.59616593105414,2.808965807061754,3560.029095,3649.954065,SHORT,stop_loss,-2.725961659310541,1.0,20.0
2021-05-09 01:00:00,2021-05-09 03:00:00,15.653865244650762,2.5739452747343403,3885.0864850000003,3871.23465,SHORT,stop_loss,0.1565386524465076,1.0,19.999999999999996
2021-05-09 04:00:00,2021-05-09 06:00:00,-190.79004679454738,2.5659379202829906,3897.21042,3963.7708949999997,SHORT,stop_loss,-1.9079004679454739,1.0,20.0
2021-05-09 11:00:00,2021-05-09 12:00:00,-301.631417044056,2.5952282342976716,3853.2256500000003,3744.70671,LONG,stop_loss,-3.01631417044056,1.0,19.999999999999996
2021-05-09 16:00:00,2021-05-10 03:00:00,-353.67159346115,2.545478310965685,3928.53475,4059.618795,SHORT,stop_loss,-3.5367159346115,1.0,19.999999999999996
2021-05-10 12:00:00,2021-05-10 14:00:00,175.8227690419687,2.4220026970646993,4128.81456,4047.96297,SHORT,signal_reverse,1.7582276904196872,1.0,20.0
2021-05-10 14:00:00,2021-05-10 15:00:00,264.49969985768024,2.470378329572516,4047.96297,4163.127395,LONG,signal_reverse,2.6449969985768025,1.0,20.000000000000004
2021-05-10 15:00:00,2021-05-10 19:00:00,396.1377578982322,2.402040353607771,4163.127395,3989.8839449999996,SHORT,signal_reverse,3.9613775789823222,1.0,20.0
2021-05-10 19:00:00,2021-05-10 20:00:00,-233.3077331902191,2.5063385646922622,3989.883945,3904.776635,LONG,stop_loss,-2.333077331902191,1.0,20.000000000000004
2021-05-10 23:00:00,2021-05-11 00:00:00,-259.04804335433454,2.5300024803258814,3952.5652950000003,3858.0799950000005,LONG,stop_loss,-2.5904804335433456,1.0,20.0
2021-05-11 09:00:00,2021-05-11 10:00:00,-100.56647448440856,2.492092186527169,4012.69265,4045.0215,SHORT,stop_loss,-1.0056647448440856,1.0,20.0
2021-05-11 15:00:00,2021-05-11 18:00:00,-121.16400811979672,2.48604226177624,4022.4577649999997,4063.1505599999996,SHORT,stop_loss,-1.2116400811979673,1.0,19.999999999999996
2021-05-12 10:00:00,2021-05-12 13:00:00,145.61818948612097,2.3561893858941314,4244.14101,4314.431705,LONG,signal_reverse,1.4561818948612097,1.0,20.0
2021-05-12 13:00:00,2021-05-12 15:00:00,260.0506723978851,2.3178023628027273,4314.431705,4193.605755,SHORT,signal_reverse,2.600506723978851,1.0,20.0
2021-05-12 15:00:00,2021-05-12 16:00:00,-135.17402403030744,2.384582763431466,4193.6057550000005,4145.30631,LONG,stop_loss,-1.3517402403030743,1.0,20.0
2021-05-12 22:00:00,2021-05-12 23:00:00,985.622464602835,2.365640295379998,4227.18535,3802.090095,SHORT,signal_reverse,9.85622464602835,1.0,20.0
2021-05-12 23:00:00,2021-05-13 00:00:00,232.38724649422116,2.6301323088452486,3802.090095,3898.05,LONG,stop_loss,2.3238724649422116,1.0,20.0
2021-05-13 04:00:00,2021-05-13 08:00:00,-213.95378141223057,2.5583931653549943,3908.703375,3832.8925950000003,LONG,stop_loss,-2.139537814122306,1.0,20.0
2021-05-13 08:00:00,2021-05-13 09:00:00,-315.8770014571825,2.606387930236602,3836.727405,3723.2074650000004,LONG,stop_loss,-3.1587700145718247,1.0,20.0
2021-05-13 15:00:00,2021-05-13 16:00:00,-155.8961580535638,2.6647797254839323,3752.6553900000004,3701.6582450000005,LONG,stop_loss,-1.558961580535638,1.0,20.0
2021-05-14 00:00:00,2021-05-14 01:00:00,-154.81679163187056,2.6174866643602335,3820.458815,3871.9650149999998,SHORT,stop_loss,-1.5481679163187057,1.0,20.0
2021-05-14 05:00:00,2021-05-14 08:00:00,-260.2102930271109,2.5981283356273615,3848.924575,3941.379705,SHORT,stop_loss,-2.6021029302711085,1.0,20.0
2021-05-14 20:00:00,2021-05-15 01:00:00,287.1408594779281,2.5050884985890867,3991.87494,4114.48173,LONG,signal_reverse,2.871408594779281,1.0,20.0
2021-05-15 01:00:00,2021-05-15 04:00:00,230.5225123456788,2.430439762822814,4114.4817299999995,4011.4047,SHORT,signal_reverse,2.305225123456788,1.0,20.0
2021-05-15 04:00:00,2021-05-15 06:00:00,-132.12756718363505,2.49289232771752,4011.4047,3966.425795,LONG,stop_loss,-1.3212756718363505,1.0,20.0
2021-05-15 06:00:00,2021-05-15 07:00:00,-171.01875759462513,2.5186415966975755,3970.394205,3910.433805,LONG,stop_loss,-1.7101875759462513,1.0,20.000000000000004
2021-05-15 13:00:00,2021-05-15 16:00:00,-327.2202449169121,2.5702154657117715,3890.7243900000003,3771.19346,LONG,stop_loss,-3.272202449169121,1.0,19.999999999999996
2021-05-15 22:00:00,2021-05-15 23:00:00,-355.48103205490213,2.6505685657101177,3772.7754449999998,3646.2059850000005,LONG,stop_loss,-3.5548103205490214,1.0,20.0
2021-05-16 06:00:00,2021-05-16 12:00:00,366.21366723270364,2.59141905119913,3858.88959,3709.854,SHORT,signal_reverse,3.662136672327036,1.0,20.0
2021-05-16 12:00:00,2021-05-16 15:00:00,-224.89170193759625,2.6955238669769757,3709.854,3633.84217,LONG,stop_loss,-2.2489170193759627,1.0,20.0
2021-05-17 00:00:00,2021-05-17 01:00:00,-178.11665556674964,2.880943836381635,3471.084675,3416.2010450000002,LONG,stop_loss,-1.7811665556674965,1.0,20.0
2021-05-17 07:00:00,2021-05-17 08:00:00,-71.12096594127601,2.838081196972324,3523.507365,3541.519875,SHORT,stop_loss,-0.7112096594127602,1.0,20.0
2021-05-17 14:00:00,2021-05-17 15:00:00,-335.9852297633004,2.9473697787042266,3392.85558,3285.6463550000003,LONG,stop_loss,-3.3598522976330045,1.0,20.0
2021-05-17 20:00:00,2021-05-17 21:00:00,483.79115626279986,2.908253420939601,3438.489895,3265.261815,SHORT,signal_reverse,4.8379115626279985,1.0,20.0
2021-05-17 21:00:00,2021-05-17 22:00:00,-145.42570035842638,3.0625415561048968,3265.2618150000003,3224.30704,LONG,stop_loss,-1.454257003584264,1.0,20.0
2021-05-18 01:00:00,2021-05-18 04:00:00,-338.62477494253676,2.9383267257711085,3403.2975,3511.73499,SHORT,stop_loss,-3.3862477494253675,1.0,20.0
2021-05-18 04:00:00,2021-05-18 06:00:00,86.55090506865744,2.850444304882257,3508.22501,3470.844555,SHORT,stop_loss,0.8655090506865745,1.0,20.0
2021-05-18 07:00:00,2021-05-18 11:00:00,-100.55658914000071,2.8479938802307503,3511.2435,3539.52888,SHORT,stop_loss,-1.005565891400007,1.0,20.0
2021-05-18 12:00:00,2021-05-18 13:00:00,-174.93307618552655,2.9230110658388333,3421.12971,3368.1250950000003,LONG,stop_loss,-1.7493307618552654,1.0,20.0
2021-05-19 00:00:00,2021-05-19 01:00:00,-509.8013736474779,2.9820250611622656,3353.425875,3189.1746150000004,LONG,stop_loss,-5.098013736474779,1.0,19.999999999999996
2021-05-19 16:00:00,2021-05-19 17:00:00,287.45601532680695,3.4949043578007872,2861.30863,2773.3359749999995,SHORT,stop_loss,2.8745601532680696,1.0,20.0
2021-05-19 18:00:00,2021-05-19 19:00:00,-24.97218278087291,3.836131590891013,2606.7927449999997,2605.4966000000004,LONG,stop_loss,-0.2497218278087291,1.0,20.0
2021-05-19 23:00:00,2021-05-20 00:00:00,-878.146341028129,4.085779894759258,2447.513145,2237.4807,LONG,stop_loss,-8.78146341028129,1.0,20.0
2021-05-20 05:00:00,2021-05-20 07:00:00,-235.78728594288015,3.76426507539839,2656.5610549999997,2713.886265,SHORT,stop_loss,-2.3578728594288014,1.0,20.0
2021-05-20 16:00:00,2021-05-20 17:00:00,178.85656189394837,3.6918028695036202,2708.7036749999997,2762.568025,LONG,stop_loss,1.7885656189394836,1.0,20.0
2021-05-20 21:00:00,2021-05-21 00:00:00,-265.5192010394265,3.52021086119382,2840.73892,2910.484515,SHORT,stop_loss,-2.655192010394265,1.0,20.000000000000004
2021-05-21 00:00:00,2021-05-21 04:00:00,398.98587200393985,3.439291619973195,2907.5754850000003,2785.75218,SHORT,signal_reverse,3.9898587200393987,1.0,19.999999999999996
2021-05-21 04:00:00,2021-05-21 05:00:00,-146.35059662772963,3.589694758849655,2785.75218,2750.554035,LONG,stop_loss,-1.4635059662772962,1.0,20.0
2021-05-21 10:00:00,2021-05-21 12:00:00,-176.15110171675224,3.7123435852986866,2693.7161849999998,2651.65351,LONG,stop_loss,-1.7615110171675223,1.0,20.0
2021-05-21 12:00:00,2021-05-21 14:00:00,-525.4698487362689,3.7674624379944914,2654.30649,2520.1393000000003,LONG,stop_loss,-5.254698487362688,1.0,20.000000000000004
2021-05-21 14:00:00,2021-05-21 15:00:00,-437.17863603297843,3.964068572519483,2522.6607,2417.420685,LONG,stop_loss,-4.371786360329785,1.0,20.0
2021-05-22 03:00:00,2021-05-22 04:00:00,-288.8458551959247,4.289884758466297,2331.06495,2268.3952350000004,LONG,stop_loss,-2.8884585519592467,1.0,20.0
2021-05-22 09:00:00,2021-05-22 10:00:00,-437.0787083904112,4.225906426607629,2366.35623,2465.05191,SHORT,stop_loss,-4.370787083904112,1.0,20.000000000000004
2021-05-22 13:00:00,2021-05-22 17:00:00,581.3588498744483,4.104919543289607,2436.10134,2289.60423,SHORT,signal_reverse,5.813588498744482,1.0,20.0
2021-05-22 17:00:00,2021-05-22 19:00:00,-165.80207602079744,4.367567053280645,2289.60423,2256.221325,LONG,stop_loss,-1.6580207602079744,1.0,20.0
2021-05-22 23:00:00,2021-05-23 00:00:00,245.0884999980194,4.349946468362525,2298.878865,2359.8195,LONG,stop_loss,2.450884999980194,1.0,20.0
2021-05-23 02:00:00,2021-05-23 05:00:00,-296.4607469854257,4.3569054422075375,2295.20703,2231.753565,LONG,stop_loss,-2.9646074698542573,1.0,19.999999999999996
2021-05-23 20:00:00,2021-05-23 21:00:00,-174.4622330268207,4.838640683866184,2066.696135,2098.618785,SHORT,stop_loss,-1.7446223302682071,1.0,20.0
2021-05-24 06:00:00,2021-05-24 07:00:00,-511.88508093681236,4.568765498066382,2188.775065,2296.437645,SHORT,stop_loss,-5.118850809368124,1.0,20.000000000000004
2021-05-25 06:00:00,2021-05-25 09:00:00,336.32111378887026,3.7595548287066176,2659.88939,2565.111915,SHORT,signal_reverse,3.3632111378887024,1.0,19.999999999999996
2021-05-25 09:00:00,2021-05-25 10:00:00,-503.73343585673524,3.8984653813827848,2565.111915,2441.028875,LONG,stop_loss,-5.037334358567352,1.0,20.0
2021-05-25 14:00:00,2021-05-25 15:00:00,-115.2796923796888,3.860148271807855,2590.574065,2615.256975,SHORT,stop_loss,-1.152796923796888,1.0,19.999999999999996
2021-05-25 19:00:00,2021-05-25 21:00:00,353.6380670396174,3.9675933639588696,2520.4195799999998,2614.59205,LONG,signal_reverse,3.536380670396174,1.0,20.0
2021-05-25 21:00:00,2021-05-25 22:00:00,-411.3640370779815,3.8246884442259357,2614.59205,2716.9177799999998,SHORT,stop_loss,-4.113640370779815,1.0,20.0
2021-05-26 12:00:00,2021-05-26 13:00:00,485.3831877595696,3.505005272833545,2853.062755,2708.87376,SHORT,signal_reverse,4.853831877595695,1.0,20.0
2021-05-26 13:00:00,2021-05-26 17:00:00,103.86823075875117,3.6915710682656546,2708.87376,2742.4281000000005,LONG,stop_loss,1.0386823075875118,1.0,20.0
2021-05-26 20:00:00,2021-05-26 22:00:00,-191.07025207886107,3.57426192715389,2797.78041,2845.64211,SHORT,stop_loss,-1.9107025207886108,1.0,20.0
2021-05-27 01:00:00,2021-05-27 03:00:00,-66.51718635324866,3.7134607806441706,2692.90578,2680.37914,LONG,stop_loss,-0.6651718635324866,1.0,20.0
2021-05-27 09:00:00,2021-05-27 11:00:00,-166.37181536784664,3.5820936540033603,2791.66347,2832.525555,SHORT,stop_loss,-1.6637181536784662,1.0,20.0
2021-05-27 11:00:00,2021-05-27 13:00:00,-19.892850621897086,3.533950465100482,2829.694445,2829.664125,SHORT,stop_loss,-0.19892850621897085,1.0,20.0
2021-05-27 13:00:00,2021-05-27 14:00:00,-95.23416972341715,3.537524087775347,2826.835875,2848.1033399999997,SHORT,stop_loss,-0.9523416972341716,1.0,20.0
2021-05-27 19:00:00,2021-05-27 21:00:00,43.38030719529286,3.619921878791726,2762.4905550000003,2779.999305,LONG,stop_loss,0.43380307195292855,1.0,20.0
2021-05-28 00:00:00,2021-05-28 04:00:00,-204.4763112292677,3.691448361747306,2708.9638050000003,2658.98984,LONG,stop_loss,-2.044763112292677,1.0,20.0
2021-05-28 16:00:00,2021-05-28 20:00:00,-203.50121238823357,4.043629312664355,2473.0258949999998,2427.64557,LONG,stop_loss,-2.0350121238823355,1.0,20.0
2021-05-28 20:00:00,2021-05-28 21:00:00,-273.6516546120769,4.115100293450682,2430.07443,2368.43519,LONG,stop_loss,-2.736516546120769,1.0,20.0
2021-05-29 01:00:00,2021-05-29 05:00:00,-98.49040112230807,3.9612947357952186,2524.427155,2544.2414849999996,SHORT,stop_loss,-0.9849040112230808,1.0,20.0
2021-05-29 05:00:00,2021-05-29 08:00:00,330.2885746463114,3.9343769298303273,2541.6985149999996,2452.66572,SHORT,signal_reverse,3.3028857464631143,1.0,20.0
2021-05-29 08:00:00,2021-05-29 09:00:00,-87.04721261403596,4.077196463609399,2452.66572,2436.22128,LONG,stop_loss,-0.8704721261403595,1.0,20.0
2021-05-29 12:00:00,2021-05-29 13:00:00,-16.800593250036403,4.177534732149089,2393.75628,2394.52214,LONG,stop_loss,-0.16800593250036402,1.0,20.000000000000004
2021-05-29 17:00:00,2021-05-29 18:00:00,-25.90410937450701,4.401010316172828,2272.205535,2270.864,LONG,stop_loss,-0.25904109374507006,1.0,20.0
2021-05-29 22:00:00,2021-05-30 00:00:00,-228.78687154238182,4.393446315462389,2276.11749,2228.5951450000002,LONG,stop_loss,-2.2878687154238184,1.0,20.0
2021-05-30 00:00:00,2021-05-30 01:00:00,-50.828888178224,4.482646845890553,2230.824855,2223.94747,LONG,stop_loss,-0.50828888178224,1.0,20.0
2021-05-30 05:00:00,2021-05-30 06:00:00,-258.06312340178874,4.216502937960159,2371.6335900000004,2428.09344,SHORT,stop_loss,-2.580631234017887,1.0,20.0
2021-05-30 11:00:00,2021-05-30 14:00:00,400.017039541132,4.066677438481866,2459.0098799999996,2355.727275,SHORT,signal_reverse,4.00017039541132,1.0,20.0
2021-05-30 14:00:00,2021-05-30 17:00:00,250.62716756972597,4.2449735612964785,2355.727275,2419.479655,LONG,signal_reverse,2.50627167569726,1.0,20.0
2021-05-30 17:00:00,2021-05-30 18:00:00,-191.52539354582794,4.133120102636283,2419.479655,2460.979875,SHORT,stop_loss,-1.9152539354582794,1.0,20.0
2021-05-30 23:00:00,2021-05-31 00:00:00,-156.6595257638061,4.187967191297505,2387.7933,2355.1618300000005,LONG,stop_loss,-1.566595257638061,1.0,20.0
2021-05-31 06:00:00,2021-05-31 07:00:00,-285.8627390618369,4.182693353365646,2390.804,2454.3665699999997,SHORT,stop_loss,-2.8586273906183695,1.0,20.0
2021-05-31 21:00:00,2021-05-31 22:00:00,-82.05543047480126,3.8029543688354046,2629.534575,2645.852265,SHORT,stop_loss,-0.8205543047480125,1.0,20.0
2021-06-01 05:00:00,2021-06-01 08:00:00,442.93954094843406,3.7028684737193096,2700.60902,2575.58715,SHORT,signal_reverse,4.429395409484341,1.0,20.0
2021-06-01 08:00:00,2021-06-01 13:00:00,210.1019594697073,3.8826098351981604,2575.5871500000003,2634.851915,LONG,stop_loss,2.101019594697073,1.0,20.0
2021-06-01 15:00:00,2021-06-01 17:00:00,-74.74001524290901,3.892817081946067,2568.833775,2554.771975,LONG,stop_loss,-0.7474001524290901,1.0,20.0
2021-06-01 19:00:00,2021-06-01 23:00:00,337.98474055780554,3.93505584618468,2541.259995,2632.2332250000004,LONG,signal_reverse,3.3798474055780554,1.0,20.0
2021-06-01 23:00:00,2021-06-02 07:00:00,-255.8957572993917,3.7990554579372424,2632.2332250000004,2694.32649,SHORT,stop_loss,-2.558957572993917,1.0,20.000000000000004
2021-06-02 20:00:00,2021-06-02 22:00:00,-129.9159610443825,3.6700052869912665,2724.791715,2694.841905,LONG,stop_loss,-1.299159610443825,1.0,20.0
2021-06-03 04:00:00,2021-06-03 05:00:00,-213.20749961958427,3.615934866657014,2765.53654,2818.9687799999997,SHORT,stop_loss,-2.1320749961958425,1.0,20.0
2021-06-03 13:00:00,2021-06-03 16:00:00,168.29187442246675,3.5978612614471444,2779.42902,2831.76341,LONG,signal_reverse,1.6829187442246676,1.0,20.0
2021-06-03 16:00:00,2021-06-04 01:00:00,302.8868968258904,3.5313684627346746,2831.76341,2740.32948,SHORT,signal_reverse,3.028868968258904,1.0,20.0
2021-06-04 01:00:00,2021-06-04 02:00:00,-45.934016518333934,3.649196227309134,2740.32948,2733.222705,LONG,stop_loss,-0.4593401651833393,1.0,20.0
2021-06-04 17:00:00,2021-06-04 21:00:00,-177.23009418319418,3.715947371817722,2691.103775,2733.416025,SHORT,stop_loss,-1.7723009418319418,1.0,20.0
2021-06-05 00:00:00,2021-06-05 07:00:00,-71.54418984293261,3.610298098053805,2769.8543799999998,2784.1313699999996,SHORT,stop_loss,-0.7154418984293262,1.0,20.0
2021-06-05 09:00:00,2021-06-05 11:00:00,-272.8076239657927,3.6920074241838896,2708.5535999999997,2640.0793000000003,LONG,stop_loss,-2.728076239657927,1.0,20.0
2021-06-05 16:00:00,2021-06-05 21:00:00,-282.91325331767115,3.800612394195322,2631.15492,2561.9783700000003,LONG,stop_loss,-2.8291325331767117,1.0,20.0
2021-06-05 21:00:00,2021-06-06 01:00:00,442.9134056989355,3.8993322951049145,2564.54163,2683.2577,LONG,signal_reverse,4.429134056989355,1.0,20.0
2021-06-06 01:00:00,2021-06-06 08:00:00,-215.43208615407858,3.726813119738741,2683.2577,2735.6971649999996,SHORT,stop_loss,-2.1543208615407856,1.0,20.0
2021-06-06 13:00:00,2021-06-06 15:00:00,203.7211918519144,3.7599792716854723,2659.5891300000003,2719.089775,LONG,signal_reverse,2.037211918519144,1.0,20.0
2021-06-06 15:00:00,2021-06-06 19:00:00,137.70843755977168,3.677701299877089,2719.089775,2676.207435,SHORT,signal_reverse,1.377084375597717,1.0,20.0
2021-06-06 19:00:00,2021-06-06 21:00:00,118.5738620818096,3.736631125531568,2676.207435,2713.292675,LONG,signal_reverse,1.185738620818096,1.0,20.0
2021-06-06 21:00:00,2021-06-07 00:00:00,-211.3514177013717,3.6855589122909493,2713.292675,2765.211915,SHORT,stop_loss,-2.113514177013717,1.0,20.0
2021-06-07 00:00:00,2021-06-07 10:00:00,-263.79138694293357,3.619977531632056,2762.448085,2829.79419,SHORT,stop_loss,-2.6379138694293354,1.0,20.0
2021-06-07 16:00:00,2021-06-07 17:00:00,-181.2963574587369,3.6119552250472045,2768.5836,2723.9273550000003,LONG,stop_loss,-1.8129635745873691,1.0,20.0
2021-06-07 20:00:00,2021-06-07 21:00:00,-182.56847440804398,3.766340903224705,2655.096885,2611.93338,LONG,stop_loss,-1.82568474408044,1.0,20.0
2021-06-08 09:00:00,2021-06-08 13:00:00,-261.0743266124802,4.007538942182644,2495.2970250000003,2435.1418200000003,LONG,stop_loss,-2.610743266124802,1.0,20.0
2021-06-08 13:00:00,2021-06-08 14:00:00,-233.5789343175029,4.102432521774543,2437.57818,2385.516645,LONG,stop_loss,-2.335789343175029,1.0,20.0
2021-06-08 18:00:00,2021-06-08 20:00:00,-245.2171473105729,4.028930371100687,2482.048355,2537.94834,SHORT,stop_loss,-2.452171473105729,1.0,20.0
2021-06-09 00:00:00,2021-06-09 02:00:00,-44.39679829001367,4.070339065370005,2456.797785,2450.8039850000005,LONG,stop_loss,-0.44396798290013667,1.0,20.0
2021-06-09 06:00:00,2021-06-09 12:00:00,-60.71344515967118,3.945128034751276,2534.77198,2545.09191,SHORT,stop_loss,-0.6071344515967119,1.0,20.0
2021-06-09 14:00:00,2021-06-09 15:00:00,421.66712716038825,4.068864340860679,2457.68823,2566.23624,LONG,signal_reverse,4.216671271603882,1.0,20.0
2021-06-09 15:00:00,2021-06-09 16:00:00,-164.12048050572275,3.896757377255338,2566.23624,2603.22096,SHORT,stop_loss,-1.6412048050572274,1.0,20.000000000000004
2021-06-09 21:00:00,2021-06-09 22:00:00,-101.33768801339748,3.8706317586129275,2583.557575,2604.571635,SHORT,stop_loss,-1.0133768801339749,1.0,20.0
2021-06-10 04:00:00,2021-06-10 08:00:00,-175.88427389475507,3.9216080742145505,2549.97435,2510.22426,LONG,stop_loss,-1.7588427389475507,1.0,20.0
2021-06-10 08:00:00,2021-06-10 10:00:00,238.34308386125898,3.9797260972616244,2512.73574,2577.6505300000003,LONG,signal_reverse,2.3834308386125898,1.0,20.0
2021-06-10 10:00:00,2021-06-10 14:00:00,193.13907514064925,3.8795018500820593,2577.65053,2522.7107249999995,SHORT,signal_reverse,1.9313907514064925,1.0,20.0
2021-06-10 14:00:00,2021-06-10 16:00:00,-188.67342172178562,3.963989965595441,2522.710725,2480.1593000000003,LONG,stop_loss,-1.8867342172178563,1.0,20.0
2021-06-10 23:00:00,2021-06-11 00:00:00,-169.98573047654696,4.0421575283398345,2473.926345,2436.82098,LONG,stop_loss,-1.6998573047654695,1.0,20.0
2021-06-11 06:00:00,2021-06-11 10:00:00,149.7118047570971,4.112458957196956,2431.63521,2472.90293,LONG,signal_reverse,1.4971180475709711,1.0,20.0
2021-06-11 10:00:00,2021-06-11 15:00:00,198.6665693343643,4.043830381971362,2472.9029299999997,2418.82881,SHORT,signal_reverse,1.9866656933436433,1.0,19.999999999999996
2021-06-11 15:00:00,2021-06-11 16:00:00,-181.6867834478954,4.134232219600527,2418.82881,2379.719545,LONG,stop_loss,-1.8168678344789542,1.0,20.000000000000004
2021-06-11 19:00:00,2021-06-11 21:00:00,-272.9220355672574,4.162503122917968,2402.4006,2341.638595,LONG,stop_loss,-2.729220355672574,1.0,20.0
2021-06-12 10:00:00,2021-06-12 12:00:00,-214.31057646950046,4.180019678571242,2392.333235,2438.8187999999996,SHORT,stop_loss,-2.1431057646950045,1.0,19.999999999999996
2021-06-12 17:00:00,2021-06-12 22:00:00,95.75331185212634,4.146996589246671,2411.383705,2383.47114,SHORT,signal_reverse,0.9575331185212634,1.0,20.0
2021-06-12 22:00:00,2021-06-13 01:00:00,93.29283391281025,4.195561604324691,2383.47114,2410.4741599999998,LONG,signal_reverse,0.9329283391281026,1.0,20.000000000000004
2021-06-13 01:00:00,2021-06-13 03:00:00,293.24650250554794,4.148561376820568,2410.4741599999998,2334.9669,SHORT,signal_reverse,2.9324650250554796,1.0,20.0
2021-06-13 03:00:00,2021-06-13 16:00:00,240.9225638273504,4.282715956273298,2334.9669000000004,2395.8914550000004,LONG,signal_reverse,2.4092256382735036,1.0,20.0
2021-06-13 16:00:00,2021-06-13 18:00:00,-207.39717905959972,4.173811788981902,2395.891455,2440.789785,SHORT,stop_loss,-2.0739717905959973,1.0,20.000000000000004
2021-06-14 05:00:00,2021-06-14 08:00:00,55.07312717151024,4.005445683788308,2496.601075,2477.8583099999996,SHORT,signal_reverse,0.5507312717151024,1.0,20.0
2021-06-14 08:00:00,2021-06-14 13:00:00,291.4525745420847,4.035743270566589,2477.85831,2555.031845,LONG,signal_reverse,2.914525745420847,1.0,20.0
2021-06-14 13:00:00,2021-06-14 16:00:00,-118.9328765098036,3.9138455434789305,2555.031845,2580.30951,SHORT,stop_loss,-1.189328765098036,1.0,20.0
2021-06-14 21:00:00,2021-06-15 00:00:00,-133.7959149704233,3.8897278945519043,2570.87392,2600.129415,SHORT,stop_loss,-1.3379591497042331,1.0,20.0
2021-06-15 02:00:00,2021-06-15 04:00:00,-208.42433273206993,3.8649797388003018,2587.335685,2636.087385,SHORT,stop_loss,-2.0842433273206993,1.0,20.0
2021-06-15 04:00:00,2021-06-15 14:00:00,295.20608925025374,3.7972963489225338,2633.452615,2550.4445849999997,SHORT,signal_reverse,2.9520608925025376,1.0,20.0
2021-06-15 14:00:00,2021-06-15 20:00:00,-138.19651043310282,3.9208850326775475,2550.444585,2520.29922,LONG,stop_loss,-1.3819651043310281,1.0,20.0
2021-06-16 00:00:00,2021-06-16 10:00:00,-161.31104972192972,3.964445929155875,2522.42058,2486.77599,LONG,stop_loss,-1.6131104972192971,1.0,20.0
2021-06-17 03:00:00,2021-06-17 12:00:00,170.55698918848418,4.110349821802977,2432.8829499999997,2386.522665,SHORT,signal_reverse,1.7055698918848419,1.0,20.0
2021-06-17 12:00:00,2021-06-17 17:00:00,-330.0725004009119,4.19019695335682,2386.522665,2312.52316,LONG,stop_loss,-3.3007250040091187,1.0,20.0
2021-06-18 01:00:00,2021-06-18 09:00:00,-168.6778321814006,4.286444417224094,2332.935885,2298.2503,LONG,stop_loss,-1.686778321814006,1.0,20.0
2021-06-18 09:00:00,2021-06-18 13:00:00,-117.53897079467497,4.346787204814571,2300.5497,2278.110375,LONG,stop_loss,-1.1753897079467497,1.0,19.999999999999996
2021-06-19 00:00:00,2021-06-19 03:00:00,208.27527899234306,4.464127476909971,2240.0793999999996,2188.9439249999996,SHORT,signal_reverse,2.082752789923431,1.0,19.999999999999996
2021-06-19 03:00:00,2021-06-19 05:00:00,201.41640745776687,4.568413053340322,2188.943925,2237.4107350000004,LONG,signal_reverse,2.0141640745776686,1.0,19.999999999999996
2021-06-19 05:00:00,2021-06-19 12:00:00,-1.1626227850356061,4.4694520516815155,2237.4107350000004,2233.19604,SHORT,stop_loss,-0.011626227850356061,1.0,20.0
2021-06-19 14:00:00,2021-06-19 17:00:00,100.9092146957801,4.44157477259437,2251.45371,2224.2315599999997,SHORT,signal_reverse,1.009092146957801,1.0,20.0
2021-06-19 17:00:00,2021-06-19 18:00:00,-110.16237500019821,4.495934766791998,2224.2315599999997,2204.17736,LONG,stop_loss,-1.101623750001982,1.0,20.0
2021-06-19 21:00:00,2021-06-19 22:00:00,-157.22737289772894,4.530107416661284,2207.453175,2177.160875,LONG,stop_loss,-1.5722737289772895,1.0,20.0
2021-06-20 04:00:00,2021-06-20 08:00:00,92.27889766654859,4.531805293786208,2206.626135,2181.8503800000003,SHORT,signal_reverse,0.9227889766654859,1.0,20.0
2021-06-20 08:00:00,2021-06-20 10:00:00,-400.9622821157878,4.5832656957898275,2181.8503800000003,2098.7301100000004,LONG,stop_loss,-4.009622821157878,1.0,20.0
2021-06-20 18:00:00,2021-06-20 19:00:00,-322.0148538443473,4.6327606251334155,2158.5401899999997,2223.7313099999997,SHORT,stop_loss,-3.220148538443473,1.0,20.0
2021-06-21 02:00:00,2021-06-21 03:00:00,-179.31758664506168,4.5673275080313775,2189.464185,2154.58217,LONG,stop_loss,-1.7931758664506168,1.0,20.0
2021-06-21 15:00:00,2021-06-21 16:00:00,-331.0137140655219,5.03711818389162,1985.262135,1923.5177600000002,LONG,stop_loss,-3.310137140655219,1.0,20.0
2021-06-21 19:00:00,2021-06-21 21:00:00,-375.36937077899125,5.142070563261408,1944.741885,1875.631715,LONG,stop_loss,-3.753693707789912,1.0,20.000000000000004
2021-06-22 01:00:00,2021-06-22 03:00:00,-131.00912388134287,5.116758467197841,1954.36233,1976.057535,SHORT,stop_loss,-1.3100912388134287,1.0,20.000000000000004
2021-06-22 08:00:00,2021-06-22 09:00:00,-64.89449063196702,5.306526839896696,1884.471765,1876.0115250000001,LONG,stop_loss,-0.6489449063196702,1.0,20.0
2021-06-22 16:00:00,2021-06-22 18:00:00,-146.59451442076852,5.2303072843972345,1911.933555,1936.137585,SHORT,stop_loss,-1.4659451442076854,1.0,20.0
2021-06-22 20:00:00,2021-06-23 01:00:00,-383.583081930413,5.184879382919506,1928.685175,1998.8089049999999,SHORT,stop_loss,-3.83583081930413,1.0,20.0
2021-06-23 10:00:00,2021-06-23 13:00:00,33.639345625402996,4.981405000448413,2007.465765,1996.69785,SHORT,stop_loss,0.33639345625402994,1.0,20.0
2021-06-23 15:00:00,2021-06-23 18:00:00,-166.9297451316925,5.068562495563107,1972.94598,1943.9575350000002,LONG,stop_loss,-1.669297451316925,1.0,20.0
2021-06-23 18:00:00,2021-06-23 20:00:00,-88.4476238638201,5.139003716715061,1945.9024650000001,1932.583225,LONG,stop_loss,-0.884476238638201,1.0,20.0
2021-06-24 00:00:00,2021-06-24 01:00:00,-189.08038060024572,5.1576461627280175,1938.86895,1906.0864800000002,LONG,stop_loss,-1.890803806002457,1.0,20.0
2021-06-24 08:00:00,2021-06-24 12:00:00,-164.054291308195,5.12556609250639,1951.00401,1979.1090599999998,SHORT,stop_loss,-1.64054291308195,1.0,19.999999999999996
2021-06-24 15:00:00,2021-06-24 16:00:00,-158.2757217174186,5.037588051403337,1985.076965,2012.5257599999998,SHORT,stop_loss,-1.5827572171741862,1.0,20.0
2021-06-25 00:00:00,2021-06-25 02:00:00,94.77176422981947,5.039530937393172,1984.3116599999998,2007.085955,LONG,signal_reverse,0.9477176422981947,1.0,20.0
2021-06-25 02:00:00,2021-06-25 04:00:00,129.7092335539769,4.982347654363412,2007.085955,1977.0380249999998,SHORT,signal_reverse,1.297092335539769,1.0,20.0
2021-06-25 04:00:00,2021-06-25 07:00:00,-185.554048966762,5.058071657473557,1977.038025,1944.30736,LONG,stop_loss,-1.85554048966762,1.0,19.999999999999996
2021-06-25 20:00:00,2021-06-25 22:00:00,322.0518468361271,5.358320525094192,1866.256405,1802.42076,SHORT,signal_reverse,3.2205184683612704,1.0,20.0
2021-06-25 22:00:00,2021-06-26 07:00:00,-308.0928035915435,5.548094108725201,1802.42076,1750.494315,LONG,stop_loss,-3.080928035915435,1.0,20.0
2021-06-26 13:00:00,2021-06-26 22:00:00,242.1305937442614,5.730619387635525,1745.01207,1790.7541750000003,LONG,signal_reverse,2.421305937442614,1.0,20.0
2021-06-26 22:00:00,2021-06-26 23:00:00,-250.46926583320504,5.584239388971409,1790.754175,1832.0255549999997,SHORT,stop_loss,-2.5046926583320506,1.0,20.0
2021-06-27 07:00:00,2021-06-27 09:00:00,199.14046564806688,5.359956767446307,1865.68669,1824.801945,SHORT,signal_reverse,1.9914046564806689,1.0,20.0
2021-06-27 09:00:00,2021-06-27 22:00:00,688.4085500577435,5.4800467674863205,1824.8019450000002,1954.0724750000002,LONG,signal_reverse,6.884085500577434,1.0,20.000000000000004
2021-06-27 22:00:00,2021-06-27 23:00:00,-167.63265113797829,5.117517455436242,1954.072475,1982.920965,SHORT,stop_loss,-1.6763265113797827,1.0,20.0
2021-06-28 14:00:00,2021-06-28 15:00:00,-350.7523697372877,4.883276065486461,2047.8055849999998,2115.53724,SHORT,stop_loss,-3.5075236973728776,1.0,20.0
2021-06-29 00:00:00,2021-06-29 10:00:00,-190.62158161294272,4.674907133261979,2139.079925,2175.5772449999995,SHORT,stop_loss,-1.9062158161294271,1.0,20.0
2021-06-29 20:00:00,2021-06-29 23:00:00,-177.55267180535557,4.557934086110788,2193.97644,2159.4097549999997,LONG,stop_loss,-1.7755267180535557,1.0,20.0
2021-06-30 01:00:00,2021-06-30 03:00:00,-230.36258027825656,4.608455441042503,2169.9244200000003,2124.2773300000003,LONG,stop_loss,-2.3036258027825656,1.0,20.0
2021-06-30 08:00:00,2021-06-30 17:00:00,149.73904155171948,4.719788872138673,2118.73884,2154.70211,LONG,signal_reverse,1.4973904155171949,1.0,20.0
2021-06-30 17:00:00,2021-06-30 18:00:00,-305.2617989036059,4.641012766261225,2154.70211,2216.1675299999997,SHORT,stop_loss,-3.052617989036059,1.0,20.0
2021-07-01 02:00:00,2021-07-01 06:00:00,-217.80725988521263,4.542088723512347,2201.6302650000002,2158.08042,LONG,stop_loss,-2.1780725988521263,1.0,20.0
2021-07-01 06:00:00,2021-07-01 08:00:00,-193.64497598919002,4.629116183492944,2160.23958,2122.728105,LONG,stop_loss,-1.9364497598919002,1.0,20.0
2021-07-01 12:00:00,2021-07-01 14:00:00,-190.92503259553538,4.695553670588142,2129.674305,2093.27284,LONG,stop_loss,-1.909250325955354,1.0,20.0
2021-07-01 16:00:00,2021-07-02 00:00:00,219.90618533298226,4.798046458111614,2084.1815699999997,2134.1823750000003,LONG,signal_reverse,2.1990618533298223,1.0,20.000000000000004
2021-07-02 00:00:00,2021-07-02 01:00:00,200.97167305113712,4.685635172111287,2134.182375,2087.02299,SHORT,signal_reverse,2.009716730511371,1.0,20.0
2021-07-02 01:00:00,2021-07-02 03:00:00,-242.10505213457023,4.791514059938554,2087.02299,2040.6691550000003,LONG,stop_loss,-2.4210505213457023,1.0,20.0
2021-07-02 03:00:00,2021-07-02 13:00:00,117.7738316163868,4.895455479896862,2042.710845,2070.854055,LONG,signal_reverse,1.1777383161638681,1.0,20.0
2021-07-02 13:00:00,2021-07-02 14:00:00,-249.25121104200684,4.82892552271145,2070.854055,2118.328635,SHORT,stop_loss,-2.4925121104200683,1.0,20.0
2021-07-02 21:00:00,2021-07-02 22:00:00,-265.25581136019696,4.745373203588851,2107.315815,2158.99896,SHORT,stop_loss,-2.6525581136019696,1.0,20.000000000000004
2021-07-03 05:00:00,2021-07-03 07:00:00,-254.26372779587967,4.660013554441626,2145.9165049999997,2196.1875450000002,SHORT,stop_loss,-2.5426372779587965,1.0,20.0
2021-07-03 07:00:00,2021-07-03 12:00:00,-131.42340049660567,4.557900815570489,2193.992455,2218.4386649999997,SHORT,stop_loss,-1.3142340049660566,1.0,20.0
2021-07-03 17:00:00,2021-07-03 21:00:00,120.70083683791789,4.492410500361739,2225.976455,2194.65678,SHORT,signal_reverse,1.207008368379179,1.0,20.0
2021-07-03 21:00:00,2021-07-03 23:00:00,123.57406719423514,4.556521134024428,2194.65678,2226.16636,LONG,signal_reverse,1.2357406719423514,1.0,19.999999999999996
2021-07-03 23:00:00,2021-07-04 01:00:00,98.12672885776695,4.492027271492863,2226.16636,2199.869385,SHORT,signal_reverse,0.9812672885776694,1.0,20.0
2021-07-04 01:00:00,2021-07-04 04:00:00,90.31559494156187,4.5457244271800255,2199.869385,2224.1373750000002,LONG,signal_reverse,0.9031559494156186,1.0,20.0
2021-07-04 04:00:00,2021-07-04 05:00:00,-272.60227012731093,4.496125155039041,2224.137375,2280.3195899999996,SHORT,stop_loss,-2.7260227012731093,1.0,20.0
2021-07-04 14:00:00,2021-07-04 16:00:00,-176.18082798682295,4.308545387747724,2320.9689350000003,2357.21802,SHORT,stop_loss,-1.7618082798682293,1.0,19.999999999999996
2021-07-04 21:00:00,2021-07-04 23:00:00,226.64995435460924,4.195039959265827,2383.76752,2324.971905,SHORT,signal_reverse,2.2664995435460926,1.0,20.000000000000004
2021-07-04 23:00:00,2021-07-05 01:00:00,-276.4553355323213,4.301127243083826,2324.971905,2265.3467600000004,LONG,stop_loss,-2.764553355323213,1.0,20.0
2021-07-05 07:00:00,2021-07-05 10:00:00,106.07711164281596,4.397292772405785,2274.126495,2302.798025,LONG,signal_reverse,1.0607711164281597,1.0,20.0
2021-07-05 10:00:00,2021-07-05 11:00:00,443.134407977442,4.342543241498569,2302.7980249999996,2196.147525,SHORT,signal_reverse,4.43134407977442,1.0,20.0
2021-07-05 11:00:00,2021-07-05 17:00:00,53.88271878502326,4.553428167354102,2196.1475250000003,2212.3732600000003,LONG,stop_loss,0.5388271878502325,1.0,20.0
2021-07-05 19:00:00,2021-07-05 23:00:00,191.65902156860176,4.455122611022084,2244.607135,2197.098,SHORT,signal_reverse,1.9165902156860177,1.0,20.0
2021-07-05 23:00:00,2021-07-06 04:00:00,522.1392900999411,4.551458332764401,2197.098,2316.211315,LONG,signal_reverse,5.221392900999412,1.0,20.0
2021-07-06 04:00:00,2021-07-06 10:00:00,176.94483272999733,4.317395366838539,2316.211315,2270.59473,SHORT,signal_reverse,1.7694483272999735,1.0,20.0
2021-07-06 10:00:00,2021-07-06 12:00:00,241.16391100757957,4.404132480303959,2270.5947300000003,2329.89447,LONG,signal_reverse,2.4116391100757957,1.0,20.0
2021-07-06 12:00:00,2021-07-06 21:00:00,157.35032866102384,4.292039887969691,2329.8944699999997,2288.5737149999995,SHORT,signal_reverse,1.5735032866102383,1.0,20.0
2021-07-06 21:00:00,2021-07-07 02:00:00,137.53650303547263,4.369533711960858,2288.573715,2324.627105,LONG,signal_reverse,1.3753650303547262,1.0,20.0
2021-07-07 02:00:00,2021-07-07 04:00:00,-321.7244350680503,4.301765207198684,2324.627105,2394.7667850000003,SHORT,stop_loss,-3.217244350680503,1.0,20.000000000000004
2021-07-07 11:00:00,2021-07-07 14:00:00,95.1426100943021,4.19326416562263,2384.7770149999997,2357.31807,SHORT,signal_reverse,0.9514261009430209,1.0,20.0
2021-07-07 14:00:00,2021-07-07 22:00:00,-162.70662253057486,4.242108914899211,2357.31807,2323.6775800000005,LONG,stop_loss,-1.6270662253057486,1.0,20.0
2021-07-08 17:00:00,2021-07-08 19:00:00,-47.117261234397226,4.629952472357234,2159.849385,2153.9924650000003,LONG,stop_loss,-0.47117261234397223,1.0,20.0
2021-07-09 04:00:00,2021-07-09 08:00:00,191.90662861132728,4.672440083151491,2140.2093600000003,2094.8569049999996,SHORT,signal_reverse,1.9190662861132728,1.0,20.0
2021-07-09 08:00:00,2021-07-09 13:00:00,205.41644676202858,4.773595741137268,2094.856905,2142.078425,LONG,signal_reverse,2.0541644676202857,1.0,20.0
2021-07-09 13:00:00,2021-07-09 14:00:00,-216.22570541505533,4.66836315761875,2142.078425,2184.1115099999997,SHORT,stop_loss,-2.1622570541505532,1.0,20.0
2021-07-09 22:00:00,2021-07-10 04:00:00,234.31212251165215,4.623469242153564,2162.87802,2107.87341,SHORT,signal_reverse,2.3431212251165214,1.0,20.000000000000004
2021-07-10 04:00:00,2021-07-10 16:00:00,99.59691165704304,4.744117911710836,2107.87341,2133.082925,LONG,signal_reverse,0.9959691165704304,1.0,20.0
2021-07-10 16:00:00,2021-07-10 17:00:00,192.50730324982715,4.688050278214101,2133.082925,2087.753355,SHORT,signal_reverse,1.9250730324982714,1.0,20.0
2021-07-10 17:00:00,2021-07-11 00:00:00,119.61258848031125,4.789837830245039,2087.753355,2116.9010200000002,LONG,signal_reverse,1.1961258848031124,1.0,20.0
2021-07-11 00:00:00,2021-07-11 02:00:00,77.61167293499716,4.723886429040503,2116.9010200000002,2096.237595,SHORT,signal_reverse,0.7761167293499716,1.0,20.0
2021-07-11 02:00:00,2021-07-11 08:00:00,46.43710156338387,4.770451605224645,2096.237595,2110.16439,LONG,signal_reverse,0.4643710156338387,1.0,20.0
2021-07-11 08:00:00,2021-07-11 14:00:00,-190.64149205929812,4.738967280174792,2110.16439,2146.17255,SHORT,stop_loss,-1.906414920592981,1.0,20.0
2021-07-11 20:00:00,2021-07-11 21:00:00,140.59101079498467,4.695222805177956,2129.82438,2164.027445,LONG,signal_reverse,1.4059101079498466,1.0,20.0
2021-07-11 21:00:00,2021-07-12 09:00:00,127.74281201410807,4.6210134825716125,2164.027445,2132.0554949999996,SHORT,signal_reverse,1.2774281201410806,1.0,20.0
2021-07-12 09:00:00,2021-07-12 12:00:00,-127.73905770215248,4.69030943305723,2132.0554949999996,2109.08493,LONG,stop_loss,-1.2773905770215248,1.0,20.0
2021-07-13 11:00:00,2021-07-13 12:00:00,-175.4528217429153,5.006212058356853,1997.51826,1966.4662750000002,LONG,stop_loss,-1.7545282174291528,1.0,20.0
2021-07-13 18:00:00,2021-07-13 19:00:00,-224.22840274285508,5.096526764407755,1962.12057,1922.048495,LONG,stop_loss,-2.2422840274285507,1.0,20.0
2021-07-14 08:00:00,2021-07-14 09:00:00,281.8619305656433,5.320820933392933,1879.409235,1936.141445,LONG,signal_reverse,2.8186193056564335,1.0,19.999999999999996
2021-07-14 09:00:00,2021-07-14 13:00:00,-375.29697573309284,5.164911905493558,1936.141445,2004.931965,SHORT,stop_loss,-3.7529697573309284,1.0,20.000000000000004
2021-07-14 21:00:00,2021-07-15 01:00:00,-58.59555826438377,5.013380285845598,1994.66217,2002.3606799999998,SHORT,stop_loss,-0.5859555826438376,1.0,20.0
2021-07-15 03:00:00,2021-07-15 06:00:00,-146.83096825260583,5.049434685111686,1980.419715,1955.30186,LONG,stop_loss,-1.4683096825260582,1.0,20.0
2021-07-15 10:00:00,2021-07-15 12:00:00,-113.44267422284979,5.21482925873301,1917.6083250000001,1899.6896800000002,LONG,stop_loss,-1.134426742228498,1.0,20.0
2021-07-16 00:00:00,2021-07-16 02:00:00,171.49624080379868,5.2416026864849155,1907.81343,1944.34734,LONG,signal_reverse,1.7149624080379868,1.0,20.0
2021-07-16 02:00:00,2021-07-16 06:00:00,163.16403282141994,5.143113987030733,1944.34734,1908.73389,SHORT,signal_reverse,1.6316403282141994,1.0,20.0
2021-07-16 06:00:00,2021-07-16 08:00:00,-215.41789033776666,5.239074997510523,1908.73389,1871.433815,LONG,stop_loss,-2.154178903377667,1.0,20.0
2021-07-16 14:00:00,2021-07-16 16:00:00,-131.95312444880977,5.241624144078158,1907.80562,1929.1641,SHORT,stop_loss,-1.3195312444880978,1.0,20.0
2021-07-16 20:00:00,2021-07-16 23:00:00,-162.7719204265017,5.256958432827514,1902.2406449999999,1875.0819900000001,LONG,stop_loss,-1.627719204265017,1.0,20.0
2021-07-17 01:00:00,2021-07-17 06:00:00,78.4523402576154,5.334394963281345,1874.626845,1893.082985,LONG,signal_reverse,0.784523402576154,1.0,19.999999999999996
2021-07-17 06:00:00,2021-07-17 10:00:00,179.75783047883743,5.2823886111891705,1893.082985,1855.2671699999999,SHORT,signal_reverse,1.7975783047883744,1.0,20.0
2021-07-17 10:00:00,2021-07-17 15:00:00,147.68027000661138,5.390059265695949,1855.2671699999999,1886.37634,LONG,signal_reverse,1.476802700066114,1.0,20.0
2021-07-17 15:00:00,2021-07-17 16:00:00,-89.3017067845532,5.301169118777222,1886.37634,1899.44925,SHORT,stop_loss,-0.893017067845532,1.0,20.0
2021-07-17 21:00:00,2021-07-18 00:00:00,-360.5505126590489,5.243299793648625,1907.195925,1972.1455799999999,SHORT,stop_loss,-3.6055051265904887,1.0,20.0
2021-07-18 00:00:00,2021-07-18 13:00:00,87.20055943067364,5.075692739935178,1970.17442,1949.0540399999998,SHORT,signal_reverse,0.8720055943067363,1.0,20.0
2021-07-18 13:00:00,2021-07-18 14:00:00,-232.14583665417356,5.130694067364084,1949.05404,1907.7056700000003,LONG,stop_loss,-2.321458366541736,1.0,20.0
2021-07-18 22:00:00,2021-07-19 05:00:00,77.61441011440816,5.293178182658623,1889.22414,1907.66569,LONG,signal_reverse,0.7761441011440815,1.0,20.0
2021-07-19 05:00:00,2021-07-19 08:00:00,141.9664030336464,5.242008624687275,1907.6656899999998,1876.767915,SHORT,signal_reverse,1.4196640303364638,1.0,20.0
2021-07-19 08:00:00,2021-07-19 12:00:00,-361.9957230033949,5.328309334401638,1876.767915,1812.583255,LONG,stop_loss,-3.6199572300339486,1.0,20.0
2021-07-20 00:00:00,2021-07-20 01:00:00,-213.34983025841404,5.503946925748016,1816.877985,1781.7486800000001,LONG,stop_loss,-2.1334983025841403,1.0,20.0
2021-07-20 08:00:00,2021-07-20 14:00:00,141.63184594752988,5.752519423741367,1738.36875,1766.466325,LONG,signal_reverse,1.4163184594752987,1.0,20.0
2021-07-20 14:00:00,2021-07-20 15:00:00,-245.96759663674962,5.661019323422426,1766.4663249999999,1806.38274,SHORT,stop_loss,-2.459675966367496,1.0,19.999999999999996
2021-07-20 18:00:00,2021-07-20 22:00:00,109.60696282433699,5.574997771812766,1793.7226899999998,1770.4747949999999,SHORT,signal_reverse,1.09606962824337,1.0,20.0
2021-07-20 22:00:00,2021-07-21 02:00:00,105.15535416023903,5.648202407761473,1770.4747949999999,1792.633235,LONG,signal_reverse,1.0515535416023902,1.0,20.0
2021-07-21 02:00:00,2021-07-21 04:00:00,-411.3108863007317,5.57838592120044,1792.633235,1862.7809249999998,SHORT,stop_loss,-4.113108863007317,1.0,20.0
2021-07-21 22:00:00,2021-07-22 00:00:00,-61.216824355669075,5.047932644425139,1981.009,1989.17409,SHORT,stop_loss,-0.6121682435566907,1.0,20.000000000000004
2021-07-22 04:00:00,2021-07-22 15:00:00,-250.76362675728856,5.02844804252474,1988.68516,2034.5767799999999,SHORT,stop_loss,-2.507636267572886,1.0,20.0
2021-07-22 15:00:00,2021-07-23 01:00:00,-200.27097598446198,4.919944580563459,2032.54322,2069.184075,SHORT,stop_loss,-2.00270975984462,1.0,20.000000000000004
2021-07-23 08:00:00,2021-07-23 12:00:00,63.731045531740996,4.886552084301252,2046.4327050000002,2063.5677,LONG,signal_reverse,0.6373104553174099,1.0,20.0
2021-07-23 12:00:00,2021-07-23 15:00:00,56.49043934928913,4.845976218759384,2063.5677,2047.7833799999999,SHORT,signal_reverse,0.5649043934928913,1.0,20.0
2021-07-23 15:00:00,2021-07-23 16:00:00,-175.59187222234365,4.8833290169588155,2047.78338,2015.9215350000002,LONG,stop_loss,-1.7559187222234367,1.0,20.0
2021-07-23 21:00:00,2021-07-23 22:00:00,-209.05089164849164,4.869562202497141,2053.5726999999997,2092.3956749999998,SHORT,stop_loss,-2.090508916484916,1.0,20.0
2021-07-24 09:00:00,2021-07-24 13:00:00,-97.6483838052198,4.672396441998144,2140.22935,2156.8478849999997,SHORT,stop_loss,-0.976483838052198,1.0,20.0
2021-07-24 16:00:00,2021-07-24 19:00:00,183.80137228455834,4.55746481175722,2194.20235,2149.4842049999997,SHORT,signal_reverse,1.8380137228455835,1.0,20.0
2021-07-24 19:00:00,2021-07-24 23:00:00,140.14676879191356,4.652278894042863,2149.4842049999997,2183.9075000000003,LONG,signal_reverse,1.4014676879191355,1.0,20.000000000000004
2021-07-24 23:00:00,2021-07-25 01:00:00,164.56017482425221,4.578948513158181,2183.9075,2143.6012650000002,SHORT,signal_reverse,1.645601748242522,1.0,20.0
2021-07-25 01:00:00,2021-07-25 07:00:00,127.23171942147549,4.665046696545964,2143.6012650000002,2175.1618750000002,LONG,signal_reverse,1.2723171942147549,1.0,20.000000000000004
2021-07-25 07:00:00,2021-07-25 12:00:00,112.03242632229292,4.597358989661402,2175.161875,2146.442685,SHORT,signal_reverse,1.120324263222929,1.0,20.0
2021-07-25 12:00:00,2021-07-25 14:00:00,-152.32235455660452,4.658871196460575,2146.442685,2118.04045,LONG,stop_loss,-1.5232235455660452,1.0,20.0
2021-07-25 16:00:00,2021-07-25 21:00:00,127.21188555016616,4.695090472069326,2129.88441,2161.2388400000004,LONG,signal_reverse,1.2721188555016616,1.0,19.999999999999996
2021-07-25 21:00:00,2021-07-25 23:00:00,-166.2912817169253,4.62697588758862,2161.23884,2192.85588,SHORT,stop_loss,-1.662912817169253,1.0,20.0
2021-07-26 16:00:00,2021-07-26 19:00:00,-31.657000246191185,4.233774766306959,2361.9584299999997,2364.711765,SHORT,stop_loss,-0.31657000246191186,1.0,20.0
2021-07-26 20:00:00,2021-07-26 21:00:00,-173.37278980335228,4.412473456186787,2266.302585,2231.54367,LONG,stop_loss,-1.7337278980335227,1.0,20.0
2021-07-27 06:00:00,2021-07-27 09:00:00,183.04283414741738,4.566075596627924,2190.064485,2234.5321750000003,LONG,signal_reverse,1.8304283414741738,1.0,20.0
2021-07-27 09:00:00,2021-07-27 11:00:00,-225.22170373312935,4.475209671125008,2234.5321750000003,2280.389625,SHORT,stop_loss,-2.2522170373312935,1.0,19.999999999999996
2021-07-27 16:00:00,2021-07-27 21:00:00,147.88471211943462,4.493024462703018,2225.67228,2263.0379150000003,LONG,signal_reverse,1.4788471211943461,1.0,20.0
2021-07-27 21:00:00,2021-07-27 22:00:00,-185.18379896432208,4.418838912824843,2263.037915,2300.4196349999997,SHORT,stop_loss,-1.8518379896432209,1.0,20.0
2021-07-28 01:00:00,2021-07-28 06:00:00,192.27583160559513,4.331638706029062,2308.595125,2259.58923,SHORT,signal_reverse,1.9227583160559514,1.0,20.0
2021-07-28 06:00:00,2021-07-28 09:00:00,181.53056757134686,4.425583140171012,2259.58923,2305.1268600000003,LONG,signal_reverse,1.8153056757134685,1.0,20.0
2021-07-28 09:00:00,2021-07-28 11:00:00,-138.5565335870482,4.338156035368916,2305.1268600000003,2332.455645,SHORT,stop_loss,-1.385565335870482,1.0,20.0
2021-07-28 11:00:00,2021-07-28 17:00:00,262.44314454195785,4.291616444651084,2330.124355,2264.31159,SHORT,signal_reverse,2.624431445419578,1.0,20.0
2021-07-28 17:00:00,2021-07-29 05:00:00,143.34847714134588,4.416353316462069,2264.31159,2301.2987749999998,LONG,signal_reverse,1.4334847714134589,1.0,20.0
2021-07-29 05:00:00,2021-07-29 16:00:00,-135.1286407824214,4.345372321331897,2301.2987749999998,2327.793315,SHORT,stop_loss,-1.3512864078242142,1.0,20.0
2021-07-29 22:00:00,2021-07-29 23:00:00,-229.172004040066,4.28102081300892,2335.89147,2384.7517799999996,SHORT,stop_loss,-2.29172004040066,1.0,20.0
2021-07-30 08:00:00,2021-07-30 09:00:00,-44.396800885124456,4.250443329740178,2352.69576,2346.9559350000004,LONG,stop_loss,-0.44396800885124454,1.0,19.999999999999996
2021-07-30 16:00:00,2021-07-30 19:00:00,158.4569212358282,4.279305420630839,2336.8278299999997,2378.53014,LONG,signal_reverse,1.584569212358282,1.0,20.0
2021-07-30 19:00:00,2021-07-30 20:00:00,-198.97525990568315,4.204277184395906,2378.53014,2421.099945,SHORT,stop_loss,-1.9897525990568314,1.0,20.0
2021-07-31 08:00:00,2021-07-31 17:00:00,69.08183484503449,4.0605706718713215,2462.7080300000002,2440.769775,SHORT,signal_reverse,0.690818348450345,1.0,20.0
2021-07-31 17:00:00,2021-07-31 20:00:00,187.61433757102233,4.097068106310846,2440.769775,2491.443655,LONG,signal_reverse,1.8761433757102233,1.0,20.0
2021-07-31 20:00:00,2021-07-31 21:00:00,-216.415840678524,4.013737167979422,2491.443655,2540.379555,SHORT,stop_loss,-2.1641584067852397,1.0,20.0
2021-08-01 08:00:00,2021-08-01 16:00:00,65.13107390217644,3.855982649527927,2593.372665,2571.295005,SHORT,signal_reverse,0.6513107390217644,1.0,20.0
2021-08-01 16:00:00,2021-08-01 18:00:00,89.22377613376825,3.8890908979928573,2571.2950050000004,2599.37966,LONG,signal_reverse,0.8922377613376825,1.0,20.0
2021-08-01 18:00:00,2021-08-01 19:00:00,-231.53839451063482,3.8470717278752575,2599.37966,2654.36652,SHORT,stop_loss,-2.315383945106348,1.0,20.0
2021-08-01 23:00:00,2021-08-02 00:00:00,-170.08967140695742,3.911938355675391,2556.2775,2517.9104150000003,LONG,stop_loss,-1.7008967140695743,1.0,20.0
2021-08-02 06:00:00,2021-08-02 16:00:00,-138.7724462621356,3.818513776511328,2618.819935,2649.9242999999997,SHORT,stop_loss,-1.3877244626213558,1.0,20.0
2021-08-02 19:00:00,2021-08-03 01:00:00,-243.10364505448857,3.8403323159371348,2603.94132,2545.8464400000003,LONG,stop_loss,-2.4310364505448856,1.0,20.0
2021-08-03 01:00:00,2021-08-03 04:00:00,-240.8459512823427,3.9240406807494836,2548.39356,2492.1133200000004,LONG,stop_loss,-2.408459512823427,1.0,20.0
2021-08-03 11:00:00,2021-08-03 18:00:00,-48.26039402582954,4.016379954170534,2489.80428,2482.767995,LONG,stop_loss,-0.4826039402582954,1.0,20.0
2021-08-03 22:00:00,2021-08-04 03:00:00,77.64788824832682,3.9836760904840234,2510.24425,2485.7322449999997,SHORT,signal_reverse,0.7764788824832682,1.0,20.0
2021-08-04 03:00:00,2021-08-04 10:00:00,33.25450891433464,4.022959439865174,2485.7322449999997,2498.96989,LONG,signal_reverse,0.33254508914334646,1.0,20.0
2021-08-04 10:00:00,2021-08-04 12:00:00,-384.7684006308693,4.001648855400975,2498.96989,2590.1244149999998,SHORT,stop_loss,-3.847684006308693,1.0,20.0
2021-08-05 03:00:00,2021-08-05 06:00:00,80.29503419482167,3.6871208775568913,2712.14325,2684.9417999999996,SHORT,signal_reverse,0.8029503419482167,1.0,20.0
2021-08-05 06:00:00,2021-08-05 08:00:00,-223.9431543730289,3.7244755174953883,2684.9418,2630.1842500000002,LONG,stop_loss,-2.239431543730289,1.0,20.0
2021-08-05 13:00:00,2021-08-05 14:00:00,-458.72581073655397,3.723553657958141,2685.6065249999997,2803.431015,SHORT,stop_loss,-4.58725810736554,1.0,20.000000000000004
2021-08-06 03:00:00,2021-08-06 12:00:00,1.8961853798702712,3.617589733485816,2764.271445,2770.324145,LONG,stop_loss,0.018961853798702712,1.0,20.0
2021-08-06 15:00:00,2021-08-06 16:00:00,-93.92841710070971,3.522131690464592,2839.189695,2860.1793749999997,SHORT,stop_loss,-0.9392841710070972,1.0,20.0
2021-08-07 00:00:00,2021-08-07 04:00:00,-166.4735875579924,3.4271453483494985,2917.88033,2960.61957,SHORT,stop_loss,-1.664735875579924,1.0,20.0
2021-08-07 20:00:00,2021-08-07 21:00:00,-0.19302411994586668,3.245869263767162,3080.83881,3074.7365999999997,SHORT,stop_loss,-0.0019302411994586669,1.0,20.0
2021-08-07 22:00:00,2021-08-07 23:00:00,-254.1158741376543,3.236042649527653,3090.19413,3162.5404799999997,SHORT,stop_loss,-2.5411587413765426,1.0,20.0
2021-08-08 05:00:00,2021-08-08 06:00:00,-144.25440112505663,3.194190278953029,3130.683875,3169.584,SHORT,stop_loss,-1.4425440112505663,1.0,20.0
2021-08-08 10:00:00,2021-08-08 14:00:00,-277.9852588552353,3.218919479933085,3106.63254,3026.4860000000003,LONG,stop_loss,-2.7798525885523535,1.0,19.999999999999996
2021-08-08 14:00:00,2021-08-08 17:00:00,-151.8018005528282,3.300859477790827,3029.514,2989.58446,LONG,stop_loss,-1.5180180055282821,1.0,20.0
2021-08-08 22:00:00,2021-08-09 00:00:00,332.22334374437037,3.285067803142444,3044.0771999999997,2936.8576949999997,SHORT,signal_reverse,3.3222334374437037,1.0,20.0
2021-08-09 00:00:00,2021-08-09 09:00:00,334.70234113607756,3.4049998462727697,2936.8576949999997,3041.028725,LONG,signal_reverse,3.3470234113607757,1.0,20.0
2021-08-09 09:00:00,2021-08-09 10:00:00,-224.7733041390452,3.2883609147756405,3041.028725,3103.300875,SHORT,stop_loss,-2.2477330413904517,1.0,20.0
2021-08-09 20:00:00,2021-08-09 23:00:00,268.67846753256873,3.25267096410205,3074.3964300000002,3163.1476350000003,LONG,signal_reverse,2.686784675325687,1.0,20.000000000000004
2021-08-09 23:00:00,2021-08-10 04:00:00,170.78151564051151,3.1614079246098803,3163.147635,3102.800625,SHORT,signal_reverse,1.7078151564051152,1.0,20.0
2021-08-10 04:00:00,2021-08-10 07:00:00,103.9137464721901,3.222894800080814,3102.800625,3141.24859,LONG,signal_reverse,1.039137464721901,1.0,20.0
2021-08-10 07:00:00,2021-08-10 13:00:00,-95.52125952565751,3.1834475093230363,3141.24859,3164.9716949999997,SHORT,stop_loss,-0.9552125952565752,1.0,20.0
2021-08-10 15:00:00,2021-08-10 16:00:00,-180.26832168827076,3.204358342630819,3120.749595,3070.733865,LONG,stop_loss,-1.8026832168827076,1.0,20.0
2021-08-10 20:00:00,2021-08-11 06:00:00,-168.22908820355303,3.169419779724786,3155.151635,3201.92016,SHORT,stop_loss,-1.6822908820355302,1.0,20.0
2021-08-11 17:00:00,2021-08-11 22:00:00,200.91376844233594,3.0814869059940757,3245.186595,3173.495955,SHORT,signal_reverse,2.0091376844233593,1.0,20.0
2021-08-11 22:00:00,2021-08-12 02:00:00,168.70843337816794,3.151099021961728,3173.495955,3233.3825,LONG,signal_reverse,1.6870843337816794,1.0,20.0
2021-08-12 02:00:00,2021-08-12 04:00:00,162.64504740778548,3.092736476429869,3233.3825,3174.3263699999998,SHORT,signal_reverse,1.626450474077855,1.0,20.0
2021-08-12 04:00:00,2021-08-12 05:00:00,-165.60949194395334,3.150274683318086,3174.3263699999998,3128.1051650000004,LONG,stop_loss,-1.6560949194395336,1.0,20.0
2021-08-12 11:00:00,2021-08-12 14:00:00,-222.7273877194809,3.2288814403975525,3097.04775,3034.2621100000006,LONG,stop_loss,-2.227273877194809,1.0,20.0
2021-08-12 22:00:00,2021-08-13 01:00:00,275.47438439080577,3.333211887758203,3000.109305,3088.7548500000003,LONG,signal_reverse,2.7547438439080576,1.0,20.0
2021-08-13 01:00:00,2021-08-13 06:00:00,-344.1396448151266,3.2375505618388583,3088.7548500000003,3188.8736400000003,SHORT,stop_loss,-3.441396448151266,1.0,20.0
2021-08-13 16:00:00,2021-08-13 20:00:00,-157.51508742401217,3.0873634142900066,3239.009685,3283.5509549999997,SHORT,stop_loss,-1.5751508742401217,1.0,19.999999999999996
2021-08-13 20:00:00,2021-08-14 09:00:00,-4.232040332532379,3.048530429308124,3280.269045,3275.0967299999998,SHORT,signal_reverse,-0.04232040332532379,1.0,20.0
2021-08-14 09:00:00,2021-08-14 10:00:00,-179.47306081552014,3.053344931280854,3275.09673,3222.86776,LONG,stop_loss,-1.7947306081552015,1.0,20.0
2021-08-14 20:00:00,2021-08-15 00:00:00,103.97833583216271,3.0913366815075403,3234.846615,3274.9517050000004,LONG,signal_reverse,1.0397833583216272,1.0,20.0
2021-08-15 00:00:00,2021-08-15 05:00:00,90.54556909870546,3.05348014284687,3274.951705,3238.748565,SHORT,signal_reverse,0.9054556909870546,1.0,20.0
2021-08-15 05:00:00,2021-08-15 07:00:00,-256.23468591177914,3.087612329054015,3238.7485650000003,3162.2380900000003,LONG,stop_loss,-2.5623468591177914,1.0,20.0
2021-08-15 14:00:00,2021-08-15 18:00:00,100.59599197186652,3.172039879386546,3152.5454849999996,3190.56392,LONG,signal_reverse,1.0059599197186653,1.0,20.0
2021-08-15 18:00:00,2021-08-15 20:00:00,-254.2153671693235,3.1342421749694958,3190.56392,3265.2918299999997,SHORT,stop_loss,-2.542153671693235,1.0,20.0
2021-08-16 05:00:00,2021-08-16 13:00:00,217.11483691908495,3.0287718117683498,3301.66834,3223.3808849999996,SHORT,signal_reverse,2.1711483691908495,1.0,20.0
2021-08-16 13:00:00,2021-08-16 19:00:00,-168.97203189191288,3.1023327235496714,3223.380885,3175.361525,LONG,stop_loss,-1.6897203189191288,1.0,20.0
2021-08-16 19:00:00,2021-08-17 00:00:00,-164.70653843508907,3.146100032657305,3178.538475,3132.542945,LONG,stop_loss,-1.6470653843508907,1.0,20.0
2021-08-17 06:00:00,2021-08-17 09:00:00,271.63055885870614,3.1772631036244077,3147.3628949999998,3239.1496150000003,LONG,signal_reverse,2.716305588587061,1.0,20.0
2021-08-17 09:00:00,2021-08-17 12:00:00,-24.970301441293255,3.0872300413946765,3239.149615,3240.7595699999997,SHORT,stop_loss,-0.24970301441293255,1.0,20.0
2021-08-17 15:00:00,2021-08-17 19:00:00,-184.3319542558084,3.156462772618087,3168.10326,3116.0412,LONG,stop_loss,-1.8433195425580842,1.0,20.0
2021-08-18 05:00:00,2021-08-18 07:00:00,130.53504938250006,3.244890232007364,3081.768345,3035.37693,SHORT,signal_reverse,1.3053504938250007,1.0,20.0
2021-08-18 07:00:00,2021-08-18 14:00:00,105.76864712482534,3.2944837595507455,3035.37693,3073.5524550000005,LONG,signal_reverse,1.0576864712482532,1.0,20.0
2021-08-18 14:00:00,2021-08-18 16:00:00,-182.1526254381103,3.253564123733167,3073.552455,3123.390915,SHORT,stop_loss,-1.821526254381103,1.0,20.0
2021-08-18 19:00:00,2021-08-19 03:00:00,-234.02338291163096,3.2988113386505815,3031.39494,2966.516,LONG,stop_loss,-2.3402338291163094,1.0,20.0
2021-08-19 10:00:00,2021-08-19 13:00:00,92.98940908925675,3.3509241436624553,2984.25138,3017.97026,LONG,signal_reverse,0.9298940908925675,1.0,20.000000000000004
2021-08-19 13:00:00,2021-08-19 15:00:00,-194.10453209701268,3.3134852694008985,3017.97026,3070.51449,SHORT,stop_loss,-1.9410453209701268,1.0,20.0
2021-08-20 10:00:00,2021-08-20 14:00:00,-232.23015280310466,3.1081668192792113,3217.33053,3285.6119849999995,SHORT,stop_loss,-2.3223015280310464,1.0,20.0
2021-08-20 21:00:00,2021-08-21 11:00:00,84.0229419862043,3.0400362498786495,3289.43446,3255.216795,SHORT,signal_reverse,0.840229419862043,1.0,20.0
2021-08-21 11:00:00,2021-08-22 07:00:00,7.495265488147919,3.0719920145902293,3255.2167950000003,3264.1671000000006,LONG,signal_reverse,0.07495265488147919,1.0,20.0
2021-08-22 07:00:00,2021-08-22 12:00:00,56.461480786324046,3.0635686512495024,3264.1671,3239.208795,SHORT,signal_reverse,0.5646148078632405,1.0,20.0
2021-08-22 12:00:00,2021-08-22 14:00:00,-246.63708839429674,3.087173638030333,3239.208795,3165.79631,LONG,stop_loss,-2.4663708839429677,1.0,20.000000000000004
2021-08-22 20:00:00,2021-08-22 22:00:00,168.88446470592186,3.1674459834927227,3157.11777,3216.75082,LONG,signal_reverse,1.6888446470592184,1.0,20.0
2021-08-22 22:00:00,2021-08-23 01:00:00,-170.15427896898623,3.108726960703782,3216.75082,3265.0517099999997,SHORT,stop_loss,-1.7015427896898625,1.0,20.0
2021-08-23 14:00:00,2021-08-23 16:00:00,85.1808430861902,3.0157933084558737,3315.87711,3350.753785,LONG,signal_reverse,0.8518084308619019,1.0,20.0
2021-08-23 16:00:00,2021-08-23 19:00:00,96.20879210616195,2.984403104986719,3350.753785,3311.81508,SHORT,signal_reverse,0.9620879210616196,1.0,20.0
2021-08-23 19:00:00,2021-08-24 04:00:00,52.06394204835907,3.0194922598154244,3311.81508,3335.681325,LONG,signal_reverse,0.5206394204835907,1.0,20.0
2021-08-24 04:00:00,2021-08-24 10:00:00,52.418158829965876,2.997888294979737,3335.681325,3311.524935,SHORT,signal_reverse,0.5241815882996588,1.0,20.0
2021-08-24 10:00:00,2021-08-24 13:00:00,-207.07555043670524,3.0197568178661474,3311.524935,3249.5744,LONG,stop_loss,-2.0707555043670522,1.0,20.0
2021-08-24 13:00:00,2021-08-24 15:00:00,-150.01517818846364,3.0742502764365853,3252.8255999999997,3210.53393,LONG,stop_loss,-1.5001517818846364,1.0,20.0
2021-08-24 21:00:00,2021-08-25 08:00:00,-326.2021873603428,3.1244634954440134,3200.549475,3102.54795,LONG,stop_loss,-3.262021873603428,1.0,20.000000000000004
2021-08-25 08:00:00,2021-08-25 14:00:00,236.38582081337938,3.2199357297608406,3105.6520499999997,3185.276565,LONG,signal_reverse,2.3638582081337938,1.0,20.0
2021-08-25 14:00:00,2021-08-25 17:00:00,-148.7667622042102,3.139444816152095,3185.2765649999997,3226.2923399999995,SHORT,stop_loss,-1.4876676220421021,1.0,20.0
2021-08-25 21:00:00,2021-08-26 03:00:00,204.88355969011724,3.104617516570562,3221.00869,3148.5735,SHORT,signal_reverse,2.0488355969011725,1.0,20.0
2021-08-26 03:00:00,2021-08-26 06:00:00,-200.65361980592104,3.176041467667819,3148.5735,3091.69338,LONG,stop_loss,-2.0065361980592105,1.0,20.000000000000004
2021-08-26 18:00:00,2021-08-26 23:00:00,66.67102480706708,3.201713500715426,3123.327555,3096.2573549999997,SHORT,signal_reverse,0.6667102480706708,1.0,20.000000000000004
2021-08-26 23:00:00,2021-08-27 07:00:00,73.98180339566778,3.2297056909211603,3096.257355,3125.35654,LONG,signal_reverse,0.7398180339566778,1.0,20.0
2021-08-27 07:00:00,2021-08-27 11:00:00,-127.00241579477394,3.199634944690182,3125.35654,3158.79861,SHORT,stop_loss,-1.2700241579477394,1.0,20.0
2021-08-28 07:00:00,2021-08-29 00:00:00,131.86955920629197,3.0929246461474222,3233.185785,3282.288035,LONG,signal_reverse,1.3186955920629198,1.0,20.000000000000004
2021-08-29 00:00:00,2021-08-29 02:00:00,132.0361694887038,3.046655227501995,3282.288035,3232.3853849999996,SHORT,signal_reverse,1.320361694887038,1.0,20.000000000000004
2021-08-29 02:00:00,2021-08-29 03:00:00,-176.99551246424116,3.093690513020309,3232.385385,3181.638385,LONG,stop_loss,-1.7699551246424114,1.0,19.999999999999996
2021-08-29 11:00:00,2021-08-29 19:00:00,88.69564039938827,3.139873556506911,3184.841625,3219.4594650000004,LONG,signal_reverse,0.8869564039938826,1.0,20.0
2021-08-29 19:00:00,2021-08-30 00:00:00,63.03847366502137,3.106111478872122,3219.4594650000004,3192.7255649999997,SHORT,signal_reverse,0.6303847366502138,1.0,20.000000000000004
2021-08-30 00:00:00,2021-08-30 15:00:00,58.25531662944652,3.1321201263347542,3192.725565,3217.7103400000005,LONG,signal_reverse,0.5825531662944652,1.0,20.0
2021-08-30 15:00:00,2021-08-30 16:00:00,-187.58705508588346,3.1077999395060525,3217.71034,3271.6349999999998,SHORT,stop_loss,-1.8758705508588345,1.0,20.0
2021-08-30 23:00:00,2021-08-31 07:00:00,369.66458953881653,3.094887939616607,3231.13476,3357.04064,LONG,signal_reverse,3.6966458953881656,1.0,20.0
2021-08-31 07:00:00,2021-08-31 11:00:00,-245.36173407778554,2.9788141021730383,3357.0406399999997,3432.6954899999996,SHORT,stop_loss,-2.4536173407778556,1.0,20.000000000000004
2021-08-31 18:00:00,2021-09-01 05:00:00,-355.2508243254831,2.928942068511941,3414.202045,3528.66345,SHORT,stop_loss,-3.552508243254831,1.0,20.0
2021-09-02 07:00:00,2021-09-02 12:00:00,92.51115271996434,2.677314087771582,3735.08661,3777.1105000000002,LONG,signal_reverse,0.9251115271996435,1.0,20.0
2021-09-02 12:00:00,2021-09-02 14:00:00,1.754711703562207,2.647526462357932,3777.1105,3768.893505,SHORT,stop_loss,0.017547117035622072,1.0,19.999999999999996
2021-09-02 16:00:00,2021-09-03 00:00:00,107.6853281698963,2.64504170500076,3780.6587250000002,3732.3852599999996,SHORT,signal_reverse,1.0768532816989629,1.0,20.0
2021-09-03 00:00:00,2021-09-03 03:00:00,174.75816384506973,2.6792518197866855,3732.38526,3805.0765100000003,LONG,signal_reverse,1.7475816384506973,1.0,20.000000000000004
2021-09-03 03:00:00,2021-09-03 08:00:00,-252.87142785993407,2.628068049018021,3805.07651,3893.6858699999993,SHORT,stop_loss,-2.528714278599341,1.0,20.0
2021-09-03 08:00:00,2021-09-03 09:00:00,-223.60814056758358,2.5708301431366496,3889.7941299999998,3968.993505,SHORT,stop_loss,-2.236081405675836,1.0,19.999999999999996
2021-09-03 20:00:00,2021-09-04 17:00:00,-126.720814623431,2.5500447753436943,3921.49977,3879.649205,LONG,stop_loss,-1.2672081462343099,1.0,19.999999999999996
2021-09-04 17:00:00,2021-09-05 00:00:00,26.98646917772129,2.5749763624572983,3883.530795,3901.778135,LONG,signal_reverse,0.2698646917772129,1.0,20.0
2021-09-05 00:00:00,2021-09-05 03:00:00,112.3858846218084,2.5629340403282566,3901.778135,3850.1240999999995,SHORT,signal_reverse,1.1238588462180839,1.0,20.0
2021-09-05 03:00:00,2021-09-05 08:00:00,156.39924905277837,2.597318876033113,3850.1241,3918.0400000000004,LONG,signal_reverse,1.5639924905277838,1.0,20.000000000000004
2021-09-05 08:00:00,2021-09-05 21:00:00,-117.95004645179695,2.552296556441486,3918.04,3956.41722,SHORT,stop_loss,-1.1795004645179696,1.0,20.0
2021-09-06 02:00:00,2021-09-06 07:00:00,35.7664302918053,2.549179773558069,3922.830435,3944.70666,LONG,signal_reverse,0.357664302918053,1.0,20.0
2021-09-06 07:00:00,2021-09-06 11:00:00,70.6357888725754,2.535042745104905,3944.70666,3908.9534999999996,SHORT,signal_reverse,0.7063578887257541,1.0,20.000000000000004
2021-09-06 11:00:00,2021-09-06 18:00:00,76.55311837298683,2.558229459623912,3908.9535,3946.695665,LONG,signal_reverse,0.7655311837298683,1.0,20.0
2021-09-06 18:00:00,2021-09-06 23:00:00,20.568886884265112,2.5337651668158205,3946.695665,3930.6843599999997,SHORT,signal_reverse,0.20568886884265114,1.0,20.000000000000004
2021-09-06 23:00:00,2021-09-07 08:00:00,-464.40938015180456,2.5440862415113896,3930.6843599999997,3756.0010600000005,LONG,stop_loss,-4.6440938015180455,1.0,20.000000000000004
2021-09-08 01:00:00,2021-09-08 03:00:00,243.8407973834146,2.8372441734421043,3524.546845,3431.55492,SHORT,signal_reverse,2.438407973834146,1.0,20.000000000000004
2021-09-08 03:00:00,2021-09-08 06:00:00,-409.95329557482285,2.91413083372712,3431.55492,3297.7403050000003,LONG,stop_loss,-4.099532955748229,1.0,20.0
2021-09-08 16:00:00,2021-09-08 19:00:00,-121.43719993080761,2.865679027201925,3489.57434,3524.9716049999997,SHORT,stop_loss,-1.2143719993080762,1.0,20.0
2021-09-08 22:00:00,2021-09-09 02:00:00,217.411936604323,2.8310623063462255,3532.242995,3448.3833299999997,SHORT,signal_reverse,2.1741193660432296,1.0,20.0
2021-09-09 02:00:00,2021-09-09 08:00:00,204.2005386332752,2.899909622286685,3448.3833299999997,3525.6962700000004,LONG,signal_reverse,2.0420053863327516,1.0,20.0
2021-09-09 08:00:00,2021-09-09 18:00:00,123.31794667043192,2.8363191932015175,3525.69627,3475.166715,SHORT,signal_reverse,1.2331794667043192,1.0,20.0
2021-09-09 18:00:00,2021-09-09 23:00:00,-170.72360348616954,2.8775597892430897,3475.166715,3422.7877500000004,LONG,stop_loss,-1.7072360348616953,1.0,20.0
2021-09-10 01:00:00,2021-09-10 06:00:00,200.8829128850148,2.8585721432144644,3498.25,3420.9796349999997,SHORT,signal_reverse,2.008829128850148,1.0,20.0
2021-09-10 06:00:00,2021-09-10 08:00:00,-161.00303172369,2.9231392954492113,3420.979635,3372.742785,LONG,stop_loss,-1.6100303172368997,1.0,20.0
2021-09-10 19:00:00,2021-09-10 20:00:00,-206.74967436820998,3.0203773427184974,3310.844595,3249.01468,LONG,stop_loss,-2.0674967436820997,1.0,20.0
2021-09-11 09:00:00,2021-09-11 12:00:00,-154.0282216252948,3.0517291606299968,3276.8307649999997,3320.749545,SHORT,stop_loss,-1.540282216252948,1.0,20.0
2021-09-11 16:00:00,2021-09-11 20:00:00,77.12689407620778,3.0061301908691265,3326.5359,3294.2262899999996,SHORT,signal_reverse,0.7712689407620779,1.0,20.000000000000004
2021-09-11 20:00:00,2021-09-11 23:00:00,-106.63627658681537,3.0356141684486406,3294.22629,3265.68634,LONG,stop_loss,-1.0663627658681536,1.0,20.0
2021-09-12 03:00:00,2021-09-12 08:00:00,-349.923790232335,3.006383116556475,3326.25604,3435.99714,SHORT,stop_loss,-3.49923790232335,1.0,20.0
2021-09-12 08:00:00,2021-09-12 20:00:00,304.31473083059683,2.9132751264459,3432.56286,3321.2397899999996,SHORT,signal_reverse,3.0431473083059686,1.0,20.0
2021-09-12 20:00:00,2021-09-13 02:00:00,-128.52335958554747,3.0109238213119203,3321.23979,3285.1965800000003,LONG,stop_loss,-1.2852335958554748,1.0,20.0
2021-09-13 12:00:00,2021-09-13 13:00:00,292.06559449509126,3.111449477093146,3213.936165,3314.232055,LONG,signal_reverse,2.9206559449509126,1.0,20.0
2021-09-13 13:00:00,2021-09-13 14:00:00,375.7819423118228,3.0172902301495603,3314.232055,3183.0607349999996,SHORT,signal_reverse,3.7578194231182276,1.0,20.0
2021-09-13 14:00:00,2021-09-13 20:00:00,305.5831529083283,3.1416302837212435,3183.060735,3286.69583,LONG,signal_reverse,3.0558315290832834,1.0,20.0
2021-09-13 20:00:00,2021-09-14 00:00:00,-114.96557215639821,3.0425693514814847,3286.69583,3317.908125,SHORT,stop_loss,-1.1496557215639822,1.0,20.0
2021-09-14 06:00:00,2021-09-14 13:00:00,-99.3684893951928,3.0156077634928073,3316.0811299999996,3342.400365,SHORT,stop_loss,-0.993684893951928,1.0,20.0
2021-09-14 14:00:00,2021-09-14 15:00:00,-157.38053059673643,2.99064768990851,3343.7572849999997,3389.694,SHORT,stop_loss,-1.5738053059673642,1.0,20.0
2021-09-14 20:00:00,2021-09-14 22:00:00,-158.40223835624255,2.9624438901277435,3375.5913600000003,3422.3102999999996,SHORT,stop_loss,-1.5840223835624254,1.0,20.000000000000004
2021-09-14 22:00:00,2021-09-15 06:00:00,84.06562691975772,2.924926182906691,3418.8896999999997,3383.3108099999995,SHORT,signal_reverse,0.8406562691975771,1.0,20.0
2021-09-15 06:00:00,2021-09-15 10:00:00,100.72865099851683,2.9556847010458376,3383.31081,3424.157065,LONG,signal_reverse,1.0072865099851682,1.0,20.0
2021-09-15 10:00:00,2021-09-15 15:00:00,-243.6825985083719,2.9204267824671177,3424.157065,3500.7495,SHORT,stop_loss,-2.4368259850837193,1.0,19.999999999999996
2021-09-16 03:00:00,2021-09-16 04:00:00,275.2400347496034,2.820873185977378,3545.001615,3649.664255,LONG,signal_reverse,2.752400347496034,1.0,20.000000000000004
2021-09-16 04:00:00,2021-09-16 13:00:00,213.97497422677372,2.739978064091816,3649.6642549999997,3564.2712449999995,SHORT,signal_reverse,2.139749742267737,1.0,20.0
2021-09-16 13:00:00,2021-09-16 20:00:00,-215.60631110161097,2.8056226119232965,3564.271245,3494.5518500000003,LONG,stop_loss,-2.1560631110161097,1.0,20.0
2021-09-16 20:00:00,2021-09-17 10:00:00,-114.7427496102363,2.8587370931414995,3498.04815,3464.90668,LONG,stop_loss,-1.147427496102363,1.0,20.0
2021-09-17 15:00:00,2021-09-17 18:00:00,-175.64352185466595,2.898774220130053,3449.7340050000003,3396.04113,LONG,stop_loss,-1.7564352185466596,1.0,20.0
2021-09-17 22:00:00,2021-09-18 03:00:00,212.96776533208148,2.967337768381643,3370.02417,3448.5348700000004,LONG,signal_reverse,2.129677653320815,1.0,19.999999999999996
2021-09-18 03:00:00,2021-09-18 05:00:00,-202.5702867258498,2.899782190690158,3448.5348700000004,3511.4948699999995,SHORT,stop_loss,-2.0257028672584982,1.0,20.0
2021-09-18 15:00:00,2021-09-18 19:00:00,-115.50474597928485,2.8766819011568967,3476.2272449999996,3443.027625,LONG,stop_loss,-1.1550474597928484,1.0,20.0
2021-09-19 00:00:00,2021-09-19 06:00:00,61.452804135032785,2.9371927258583463,3404.6114549999998,3432.34297,LONG,signal_reverse,0.6145280413503279,1.0,20.0
2021-09-19 06:00:00,2021-09-19 10:00:00,43.859032129299784,2.913461762826108,3432.34297,3410.4243599999995,SHORT,signal_reverse,0.43859032129299785,1.0,20.0
2021-09-19 10:00:00,2021-09-19 11:00:00,-273.977469830177,2.9321864215161777,3410.42436,3323.807265,LONG,stop_loss,-2.73977469830177,1.0,20.0
2021-09-19 17:00:00,2021-09-19 22:00:00,-159.0852332923338,2.991772253826332,3342.500415,3296.01117,LONG,stop_loss,-1.5908523329233382,1.0,20.0
2021-09-19 22:00:00,2021-09-20 02:00:00,-303.6124316376887,3.030937846457981,3299.30883,3205.73633,LONG,stop_loss,-3.036124316376887,1.0,20.0
2021-09-20 02:00:00,2021-09-20 03:00:00,-84.7208462839739,3.1162902900068667,3208.94367,3188.175115,LONG,stop_loss,-0.8472084628397389,1.0,20.0
2021-09-20 14:00:00,2021-09-20 18:00:00,-157.64766202876456,3.2689152236730967,3059.1187950000003,3017.01074,LONG,stop_loss,-1.5764766202876455,1.0,20.0
2021-09-20 18:00:00,2021-09-20 22:00:00,-132.79026482014763,3.3112261965302947,3020.02926,2985.9662700000003,LONG,stop_loss,-1.3279026482014762,1.0,20.0
2021-09-21 06:00:00,2021-09-21 08:00:00,-170.81394801926444,3.29752990229381,3032.572955,3078.308385,SHORT,stop_loss,-1.7081394801926446,1.0,20.0
2021-09-21 10:00:00,2021-09-21 14:00:00,266.3493839016417,3.245384937671311,3081.29858,2993.065785,SHORT,signal_reverse,2.663493839016417,1.0,20.0
2021-09-21 14:00:00,2021-09-21 16:00:00,-191.1871327946773,3.3410558665685994,2993.0657850000002,2941.8283500000002,LONG,stop_loss,-1.911871327946773,1.0,20.000000000000004
2021-09-21 16:00:00,2021-09-21 17:00:00,-184.83617668623074,3.3958490465635935,2944.77165,2896.23116,LONG,stop_loss,-1.8483617668623074,1.0,20.0
2021-09-22 06:00:00,2021-09-22 13:00:00,-101.40742726312011,3.4146766215872444,2928.535,2952.37545,SHORT,stop_loss,-1.014074272631201,1.0,20.0
2021-09-22 13:00:00,2021-09-22 15:00:00,-223.29182517993206,3.3904918842558622,2949.42455,3009.38394,SHORT,stop_loss,-2.2329182517993207,1.0,20.0
2021-09-22 15:00:00,2021-09-22 16:00:00,-154.5693093365028,3.326263847377763,3006.37606,3046.8326549999997,SHORT,stop_loss,-1.5456930933650281,1.0,20.0
2021-09-23 01:00:00,2021-09-23 03:00:00,-190.34445415548004,3.25730329254536,3070.02422,3122.32038,SHORT,stop_loss,-1.9034445415548003,1.0,20.0
2021-09-23 10:00:00,2021-09-23 11:00:00,-122.64176492985382,3.235361570177912,3090.84465,3059.1196750000004,LONG,stop_loss,-1.2264176492985381,1.0,20.0
2021-09-23 14:00:00,2021-09-24 01:00:00,87.28790285355905,3.189180854480511,3135.601415,3101.960205,SHORT,signal_reverse,0.8728790285355904,1.0,20.0
2021-09-24 01:00:00,2021-09-24 05:00:00,-111.41888717427936,3.2237679851215244,3101.960205,3073.60243,LONG,stop_loss,-1.1141888717427935,1.0,20.0
2021-09-24 08:00:00,2021-09-24 09:00:00,-649.177872749731,3.273754777568357,3054.596535,2862.40808,LONG,stop_loss,-6.49177872749731,1.0,20.0
2021-09-24 15:00:00,2021-09-24 20:00:00,206.95503162360455,3.4720059813496964,2880.17937,2945.54649,LONG,signal_reverse,2.0695503162360454,1.0,20.0
2021-09-24 20:00:00,2021-09-25 02:00:00,134.0873150503233,3.3949557523364704,2945.54649,2900.159355,SHORT,signal_reverse,1.340873150503233,1.0,20.0
2021-09-25 02:00:00,2021-09-25 08:00:00,-0.9766315409931067,3.44808638972185,2900.1593550000002,2905.6764350000003,LONG,stop_loss,-0.009766315409931066,1.0,20.0
2021-09-25 14:00:00,2021-09-25 22:00:00,171.32953588862395,3.475845573992761,2876.99778,2932.0432450000003,LONG,signal_reverse,1.7132953588862396,1.0,20.0
2021-09-25 22:00:00,2021-09-26 00:00:00,93.82722631023327,3.4105908966564367,2932.0432450000003,2898.6686099999997,SHORT,signal_reverse,0.9382722631023327,1.0,20.0
2021-09-26 00:00:00,2021-09-26 02:00:00,-172.29952415981754,3.4498596926538636,2898.6686099999997,2854.5220249999998,LONG,stop_loss,-1.7229952415981753,1.0,20.000000000000004
2021-09-26 09:00:00,2021-09-26 12:00:00,-127.09014442048135,3.354186782144072,2981.3485800000003,3013.275885,SHORT,stop_loss,-1.2709014442048134,1.0,20.0
2021-09-27 00:00:00,2021-09-27 12:00:00,163.72550643379634,3.187910636960835,3136.85079,3079.2188399999995,SHORT,signal_reverse,1.6372550643379633,1.0,19.999999999999996
2021-09-27 12:00:00,2021-09-27 15:00:00,-89.52578271442295,3.247576908174542,3079.21884,3057.8103300000002,LONG,stop_loss,-0.8952578271442295,1.0,20.0
2021-09-27 23:00:00,2021-09-28 07:00:00,-135.5462953089962,3.4142933998601577,2928.8637,2895.021765,LONG,stop_loss,-1.355462953089962,1.0,20.0
2021-09-28 12:00:00,2021-09-28 14:00:00,-156.21354839821254,3.4465525857760775,2901.45,2861.9283200000004,LONG,stop_loss,-1.5621354839821255,1.0,20.0
2021-09-28 14:00:00,2021-09-28 16:00:00,-181.2741349486191,3.4906552088283083,2864.7916800000003,2818.59,LONG,stop_loss,-1.812741349486191,1.0,20.000000000000004
2021-09-28 21:00:00,2021-09-28 22:00:00,132.6774191680001,3.4714159075297695,2880.6689450000003,2836.687635,SHORT,signal_reverse,1.3267741916800013,1.0,20.0
2021-09-28 22:00:00,2021-09-28 23:00:00,-135.62880450881747,3.5252383366489353,2836.687635,2803.8873550000003,LONG,stop_loss,-1.3562880450881747,1.0,20.000000000000004
2021-09-29 03:00:00,2021-09-29 10:00:00,-145.3837433394123,3.4568669154080607,2892.79288,2929.0638,SHORT,stop_loss,-1.453837433394123,1.0,20.0
2021-09-29 14:00:00,2021-09-29 15:00:00,191.08103643021116,3.4212037646057243,2922.947795,2861.24991,SHORT,signal_reverse,1.9108103643021117,1.0,20.000000000000004
2021-09-29 15:00:00,2021-09-29 17:00:00,-192.84931954790338,3.4949760819739093,2861.24991,2811.7934,LONG,stop_loss,-1.9284931954790339,1.0,20.0
2021-09-30 00:00:00,2021-09-30 01:00:00,-128.66139207127463,3.4120098971283963,2930.823855,2962.670595,SHORT,stop_loss,-1.2866139207127463,1.0,20.0
2021-09-30 10:00:00,2021-09-30 12:00:00,174.40780028554656,3.387527833558928,2952.0052650000002,3009.3945500000004,LONG,signal_reverse,1.7440780028554654,1.0,20.0
2021-09-30 12:00:00,2021-10-01 07:00:00,-307.2092328338931,3.3229275303897925,3009.39455,3095.82714,SHORT,stop_loss,-3.072092328338931,1.0,20.0
2021-10-01 23:00:00,2021-10-02 03:00:00,97.73379229272278,3.021892480835868,3309.18458,3270.224295,SHORT,signal_reverse,0.9773379229272279,1.0,20.0
2021-10-02 03:00:00,2021-10-02 09:00:00,75.41903608174405,3.05789422923971,3270.224295,3301.42846,LONG,signal_reverse,0.7541903608174405,1.0,19.999999999999996
2021-10-02 09:00:00,2021-10-02 13:00:00,-74.4928361101003,3.028991880684278,3301.42846,3319.41888,SHORT,stop_loss,-0.744928361101003,1.0,20.0
2021-10-03 00:00:00,2021-10-03 05:00:00,121.88333047491543,2.9678576197017668,3369.433875,3417.240525,LONG,signal_reverse,1.2188333047491542,1.0,20.0
2021-10-03 05:00:00,2021-10-03 09:00:00,59.96632019339639,2.9263377648841384,3417.2405249999997,3389.9141099999997,SHORT,signal_reverse,0.5996632019339639,1.0,19.999999999999996
2021-10-03 09:00:00,2021-10-03 11:00:00,52.885991202886885,2.9499272475667535,3389.9141099999997,3414.621835,LONG,signal_reverse,0.5288599120288688,1.0,20.0
2021-10-03 11:00:00,2021-10-03 17:00:00,-177.29842891958157,2.928581987469192,3414.621835,3468.3333,SHORT,stop_loss,-1.7729842891958156,1.0,20.0
2021-10-03 17:00:00,2021-10-03 21:00:00,181.47967019914475,2.8861139160129885,3464.8667,3395.05668,SHORT,signal_reverse,1.8147967019914475,1.0,20.0
2021-10-03 21:00:00,2021-10-04 03:00:00,-198.12605414293063,2.9454589252984134,3395.05668,3334.5818750000003,LONG,stop_loss,-1.9812605414293063,1.0,20.0
2021-10-04 06:00:00,2021-10-04 11:00:00,-129.0680519734806,2.9838233227008217,3351.404865,3314.8517450000004,LONG,stop_loss,-1.2906805197348061,1.0,19.999999999999996
2021-10-04 13:00:00,2021-10-04 14:00:00,176.10678521360495,2.95141523385664,3388.20505,3321.76005,SHORT,signal_reverse,1.7610678521360494,1.0,20.0
2021-10-04 14:00:00,2021-10-04 17:00:00,244.87230767917796,3.0104522450379885,3321.76005,3409.744275,LONG,signal_reverse,2.44872307679178,1.0,20.0
2021-10-04 17:00:00,2021-10-05 04:00:00,98.83737234224232,2.9327712559910375,3409.744275,3369.2237699999996,SHORT,signal_reverse,0.9883737234224232,1.0,20.0
2021-10-05 04:00:00,2021-10-05 08:00:00,125.60099995970292,2.968042695484129,3369.22377,3418.280005,LONG,signal_reverse,1.2560099995970293,1.0,20.0
2021-10-05 08:00:00,2021-10-05 10:00:00,-86.0553406010401,2.9254478817922354,3418.2800049999996,3440.8595699999996,SHORT,stop_loss,-0.860553406010401,1.0,20.0
2021-10-05 18:00:00,2021-10-05 20:00:00,-226.23593848354307,2.8911095157358457,3458.879695,3530.2142249999997,SHORT,stop_loss,-2.2623593848354306,1.0,20.0
2021-10-06 04:00:00,2021-10-06 08:00:00,-298.4756862160098,2.875655617309349,3477.467865,3380.6288400000003,LONG,stop_loss,-2.9847568621600984,1.0,20.0
2021-10-06 12:00:00,2021-10-06 13:00:00,-390.8863623482817,2.894639349509351,3454.6618049999997,3582.7904999999996,SHORT,stop_loss,-3.9088636234828167,1.0,20.0
2021-10-06 21:00:00,2021-10-07 00:00:00,104.61907944974978,2.788742042470991,3585.84618,3541.159695,SHORT,signal_reverse,1.0461907944974977,1.0,20.0
2021-10-07 00:00:00,2021-10-07 01:00:00,-86.53011168421583,2.8239336435800024,3541.159695,3517.6003200000005,LONG,stop_loss,-0.8653011168421583,1.0,20.0
2021-10-07 07:00:00,2021-10-08 02:00:00,84.46692613416847,2.768991318363521,3611.423385,3573.6959549999997,SHORT,signal_reverse,0.8446692613416847,1.0,20.0
2021-10-08 02:00:00,2021-10-08 07:00:00,54.35722102441847,2.7982234991224932,3573.6959549999997,3600.268965,LONG,signal_reverse,0.5435722102441847,1.0,20.0
2021-10-08 07:00:00,2021-10-08 08:00:00,-199.85497925152794,2.7775702585598347,3600.268965,3665.0215949999997,SHORT,stop_loss,-1.9985497925152793,1.0,20.0
2021-10-08 14:00:00,2021-10-08 20:00:00,229.88186244854674,2.741209228119135,3648.025075,3556.867545,SHORT,signal_reverse,2.2988186244854676,1.0,20.0
2021-10-08 20:00:00,2021-10-09 06:00:00,103.6794017304347,2.811462578655006,3556.867545,3600.85867,LONG,signal_reverse,1.036794017304347,1.0,20.0
2021-10-09 06:00:00,2021-10-09 16:00:00,8.838482572270234,2.7771153817597622,3600.85867,3590.4743399999998,SHORT,signal_reverse,0.08838482572270233,1.0,20.0
2021-10-09 16:00:00,2021-10-10 01:00:00,-253.39132121467787,2.785147324016247,3590.4743399999998,3506.675785,LONG,stop_loss,-2.533913212146779,1.0,20.0
2021-10-10 06:00:00,2021-10-10 12:00:00,122.7908250927512,2.781268764525037,3595.48136,3544.1411849999995,SHORT,signal_reverse,1.227908250927512,1.0,20.0
2021-10-10 12:00:00,2021-10-10 21:00:00,-266.4361475486753,2.8215580243595744,3544.141185,3456.8007350000003,LONG,stop_loss,-2.664361475486753,1.0,20.0
2021-10-11 03:00:00,2021-10-11 07:00:00,-210.41981968140334,2.845134977165167,3514.7717350000003,3581.6999549999996,SHORT,stop_loss,-2.1041981968140333,1.0,20.0
2021-10-11 12:00:00,2021-10-11 18:00:00,21.159425812893087,2.802129253956204,3568.71475,3554.026125,SHORT,signal_reverse,0.21159425812893087,1.0,20.000000000000004
2021-10-11 18:00:00,2021-10-11 20:00:00,-202.2485899706206,2.813710324090541,3554.026125,3489.2545,LONG,stop_loss,-2.022485899706206,1.0,20.0
2021-10-12 00:00:00,2021-10-12 03:00:00,-78.9524767131621,2.852764426150845,3505.37181,3484.706775,LONG,stop_loss,-0.789524767131621,1.0,19.999999999999996
2021-10-12 06:00:00,2021-10-12 09:00:00,-148.15740147375388,2.8722427048072694,3481.5999300000003,3436.98065,LONG,stop_loss,-1.481574014737539,1.0,20.0
2021-10-12 09:00:00,2021-10-12 15:00:00,164.82563760723107,2.906622415084371,3440.4193499999997,3504.00712,LONG,signal_reverse,1.6482563760723108,1.0,20.0
2021-10-12 15:00:00,2021-10-12 19:00:00,84.69249560200714,2.8538754795680896,3504.00712,3467.322795,SHORT,signal_reverse,0.8469249560200713,1.0,20.000000000000004
2021-10-12 19:00:00,2021-10-12 22:00:00,73.28954041038521,2.8840695231549676,3467.322795,3499.6692900000003,LONG,signal_reverse,0.7328954041038521,1.0,20.0
2021-10-12 22:00:00,2021-10-13 05:00:00,112.76554482666674,2.8574128500010354,3499.6692900000003,3453.20574,SHORT,signal_reverse,1.1276554482666674,1.0,20.0
2021-10-13 05:00:00,2021-10-13 14:00:00,77.85078719346743,2.8958598916263822,3453.20574,3486.99563,LONG,signal_reverse,0.7785078719346742,1.0,20.0
2021-10-13 14:00:00,2021-10-13 20:00:00,-272.7994277985371,2.867798259902035,3486.99563,3575.14668,SHORT,stop_loss,-2.727994277985371,1.0,20.0
2021-10-14 08:00:00,2021-10-14 11:00:00,-287.87340451190624,2.7471704566673787,3640.109035,3737.617875,SHORT,stop_loss,-2.8787340451190624,1.0,20.000000000000004
2021-10-14 22:00:00,2021-10-15 01:00:00,64.59696928116101,2.6441469361072314,3781.938085,3749.944035,SHORT,signal_reverse,0.6459696928116101,1.0,20.0
2021-10-15 01:00:00,2021-10-15 02:00:00,192.8834970733105,2.6667064645939442,3749.944035,3829.774155,LONG,signal_reverse,1.9288349707331052,1.0,20.0
2021-10-15 02:00:00,2021-10-15 08:00:00,149.67762946324567,2.611120028303601,3829.774155,3764.7914549999996,SHORT,signal_reverse,1.4967762946324565,1.0,20.0
2021-10-15 08:00:00,2021-10-15 13:00:00,94.49145461365308,2.6561896241872978,3764.791455,3807.8951,LONG,signal_reverse,0.9449145461365308,1.0,20.0
2021-10-15 13:00:00,2021-10-15 17:00:00,-151.44508628927156,2.626122762677995,3807.8951,3857.9480099999996,SHORT,stop_loss,-1.5144508628927154,1.0,20.0
2021-10-15 20:00:00,2021-10-16 08:00:00,-188.04833944538325,2.5798522744855448,3876.190935,3941.32968,SHORT,stop_loss,-1.8804833944538326,1.0,20.0
2021-10-16 08:00:00,2021-10-16 17:00:00,146.67233793575292,2.5397532851149998,3937.39032,3871.7649149999997,SHORT,signal_reverse,1.4667233793575292,1.0,20.0
2021-10-16 17:00:00,2021-10-16 20:00:00,-130.95786015716791,2.582801440567318,3871.7649149999997,3828.80464,LONG,stop_loss,-1.3095786015716793,1.0,20.0
2021-10-17 03:00:00,2021-10-17 11:00:00,15.835964778018557,2.5798456221927584,3876.20093,3862.3101899999997,SHORT,signal_reverse,0.15835964778018558,1.0,19.999999999999996
2021-10-17 11:00:00,2021-10-17 15:00:00,-206.79550955486587,2.5891239978319813,3862.31019,3790.16397,LONG,stop_loss,-2.0679550955486588,1.0,20.0
2021-10-17 22:00:00,2021-10-18 00:00:00,-146.51738554057874,2.6116653052556003,3828.974555,3877.41774,SHORT,stop_loss,-1.4651738554057874,1.0,20.0
2021-10-18 04:00:00,2021-10-18 08:00:00,72.07549733267574,2.590238260761104,3860.64871,3825.1015949999996,SHORT,signal_reverse,0.7207549733267573,1.0,20.0
2021-10-18 08:00:00,2021-10-18 09:00:00,-101.48675068067092,2.6143096468526608,3825.101595,3793.932085,LONG,stop_loss,-1.0148675068067092,1.0,20.0
2021-10-18 15:00:00,2021-10-18 19:00:00,-69.13067755048793,2.656394347223643,3764.50131,3746.00606,LONG,stop_loss,-0.6913067755048793,1.0,19.999999999999996
2021-10-18 20:00:00,2021-10-19 01:00:00,104.9443177165934,2.67711329817882,3735.36675,3782.038035,LONG,signal_reverse,1.049443177165934,1.0,20.0
2021-10-19 01:00:00,2021-10-19 04:00:00,-113.99642380910021,2.6440770577813613,3782.038035,3817.5878399999997,SHORT,stop_loss,-1.139964238091002,1.0,20.000000000000004
2021-10-19 07:00:00,2021-10-19 15:00:00,54.71016356426332,2.627143333871792,3806.41584,3777.978045,SHORT,signal_reverse,0.5471016356426331,1.0,19.999999999999996
2021-10-19 15:00:00,2021-10-19 17:00:00,69.13544387736073,2.646918505319159,3777.9780450000003,3811.65322,LONG,signal_reverse,0.6913544387736072,1.0,19.999999999999996
2021-10-19 17:00:00,2021-10-19 22:00:00,-201.45989681611073,2.623533522810871,3811.65322,3880.8194399999998,SHORT,stop_loss,-2.014598968161107,1.0,20.0
2021-10-19 22:00:00,2021-10-20 12:00:00,-175.73391973798994,2.5793534477092934,3876.94056,3937.317675,SHORT,stop_loss,-1.7573391973798993,1.0,19.999999999999996
2021-10-20 12:00:00,2021-10-20 13:00:00,-194.44954324393058,2.5423412152033813,3933.382325,4002.0,SHORT,stop_loss,-1.9444954324393058,1.0,20.000000000000004
2021-10-21 08:00:00,2021-10-21 09:00:00,-272.30549996720475,2.384829224638849,4193.172365,4298.9684099999995,SHORT,stop_loss,-2.7230549996720472,1.0,20.0
2021-10-21 14:00:00,2021-10-21 15:00:00,-87.37491234208115,2.429480074075576,4116.107025,4088.3747900000003,LONG,stop_loss,-0.8737491234208115,1.0,20.0
2021-10-21 22:00:00,2021-10-22 00:00:00,82.55066381542937,2.4558771493528293,4071.864915,4113.622160000001,LONG,signal_reverse,0.8255066381542938,1.0,20.0
2021-10-22 00:00:00,2021-10-22 13:00:00,94.18124507575196,2.4309476201382583,4113.62216,4066.6523099999995,SHORT,signal_reverse,0.9418124507575195,1.0,20.000000000000004
2021-10-22 13:00:00,2021-10-22 14:00:00,-128.97042978331206,2.4590250746073745,4066.65231,4022.337825,LONG,stop_loss,-1.2897042978331208,1.0,20.000000000000004
2021-10-23 01:00:00,2021-10-23 09:00:00,-4.608722349813526,2.49592805872742,4006.525735,4000.35918,SHORT,signal_reverse,-0.04608722349813526,1.0,20.0
2021-10-23 09:00:00,2021-10-23 11:00:00,68.72174573084301,2.499775532656045,4000.35918,4035.8510650000003,LONG,signal_reverse,0.6872174573084301,1.0,20.0
2021-10-23 11:00:00,2021-10-23 16:00:00,-146.2219769252069,2.47779212833762,4035.851065,4086.792375,SHORT,stop_loss,-1.4622197692520689,1.0,20.0
2021-10-23 21:00:00,2021-10-23 23:00:00,-220.49158405126732,2.446246766762012,4087.89503,4169.853885,SHORT,stop_loss,-2.2049158405126734,1.0,19.999999999999996
2021-10-24 06:00:00,2021-10-24 11:00:00,-178.58160258879283,2.4450810946598716,4089.8439000000003,4024.9865000000004,LONG,stop_loss,-1.7858160258879283,1.0,19.999999999999996
2021-10-24 11:00:00,2021-10-24 18:00:00,-107.41940179649443,2.4819971439658866,4029.0135,3993.792105,LONG,stop_loss,-1.0741940179649443,1.0,20.0
2021-10-24 20:00:00,2021-10-25 00:00:00,-189.13984242125457,2.461394494953128,4062.737615,4131.454695,SHORT,stop_loss,-1.8913984242125457,1.0,20.000000000000004
2021-10-25 07:00:00,2021-10-25 15:00:00,-179.45379739289555,2.4115936040963635,4146.635645,4212.755324999999,SHORT,stop_loss,-1.7945379739289553,1.0,20.0
2021-10-25 18:00:00,2021-10-26 06:00:00,13.087344526598827,2.376976358832021,4207.0254350000005,4193.1055049999995,SHORT,signal_reverse,0.13087344526598826,1.0,20.0
2021-10-26 06:00:00,2021-10-26 10:00:00,52.790023918082646,2.3848672512713223,4193.105505,4223.62713,LONG,signal_reverse,0.5279002391808264,1.0,20.0
2021-10-26 10:00:00,2021-10-26 12:00:00,52.71408922880047,2.3676332432309195,4223.62713,4192.91541,SHORT,signal_reverse,0.5271408922880046,1.0,20.0
2021-10-26 12:00:00,2021-10-26 17:00:00,33.62816274893657,2.384975374449541,4192.91541,4215.401245,LONG,signal_reverse,0.3362816274893657,1.0,20.0
2021-10-26 17:00:00,2021-10-26 20:00:00,-136.71484430659476,2.372253415226194,4215.401245,4264.601235,SHORT,stop_loss,-1.3671484430659475,1.0,20.0
2021-10-26 20:00:00,2021-10-26 22:00:00,297.0573338197921,2.3472311831521684,4260.338765,4125.2616,SHORT,signal_reverse,2.970573338197921,1.0,19.999999999999996
2021-10-26 22:00:00,2021-10-27 03:00:00,181.61904398984086,2.4240886929449514,4125.2616,4208.43473,LONG,signal_reverse,1.8161904398984086,1.0,19.999999999999996
2021-10-27 03:00:00,2021-10-27 04:00:00,-190.26341050084366,2.3761803714608165,4208.43473,4280.088975,SHORT,stop_loss,-1.9026341050084365,1.0,20.0
2021-10-27 07:00:00,2021-10-27 08:00:00,-247.2970817117773,2.4154070059474395,4140.089010000001,4045.9859950000005,LONG,stop_loss,-2.472970817117773,1.0,20.0
2021-10-27 20:00:00,2021-10-27 23:00:00,-179.05537357679634,2.5098441357677492,3984.31116,3920.9385500000003,LONG,stop_loss,-1.7905537357679635,1.0,19.999999999999996
2021-10-28 05:00:00,2021-10-28 08:00:00,-313.90298755849057,2.487779300400985,4019.6491699999997,4137.78786,SHORT,stop_loss,-3.1390298755849053,1.0,20.0
2021-10-28 08:00:00,2021-10-28 13:00:00,-168.81367109908587,2.4191682467020557,4133.65214,4195.166534999999,SHORT,stop_loss,-1.6881367109908587,1.0,20.0
2021-10-28 19:00:00,2021-10-29 00:00:00,-245.66255678514756,2.347269730961577,4260.2688,4356.407114999999,SHORT,stop_loss,-2.456625567851476,1.0,20.0
2021-10-29 13:00:00,2021-10-29 15:00:00,-194.78836212229726,2.2894218670626816,4367.91495,4444.26102,SHORT,stop_loss,-1.9478836212229726,1.0,20.0
2021-10-29 15:00:00,2021-10-30 00:00:00,121.40566379577838,2.2523440809291735,4439.81898,4377.037425,SHORT,signal_reverse,1.2140566379577837,1.0,20.0
2021-10-30 00:00:00,2021-10-30 08:00:00,-157.41474920105415,2.2846503305829056,4377.037425,4316.890475,LONG,stop_loss,-1.5741474920105414,1.0,20.0
2021-10-30 12:00:00,2021-10-30 14:00:00,-145.26455736441423,2.3102407547055686,4328.553195,4274.331765000001,LONG,stop_loss,-1.4526455736441422,1.0,20.000000000000004
2021-10-30 18:00:00,2021-10-30 21:00:00,52.86161567776528,2.3141996528702835,4321.1483450000005,4289.66376,SHORT,signal_reverse,0.5286161567776528,1.0,20.000000000000004
2021-10-30 21:00:00,2021-10-31 00:00:00,195.17807726729535,2.331185043743382,4289.66376,4381.96792,LONG,signal_reverse,1.9517807726729535,1.0,20.0
2021-10-31 00:00:00,2021-10-31 05:00:00,93.56290349108859,2.282079691719879,4381.96792,4332.205019999999,SHORT,signal_reverse,0.935629034910886,1.0,20.0
2021-10-31 05:00:00,2021-10-31 08:00:00,-159.2870829552754,2.308293341112466,4332.20502,4271.863,LONG,stop_loss,-1.592870829552754,1.0,20.0
2021-10-31 20:00:00,2021-10-31 21:00:00,-136.04259452345158,2.3453109033489827,4263.82702,4313.305574999999,SHORT,stop_loss,-1.3604259452345158,1.0,20.0
2021-11-01 02:00:00,2021-11-01 04:00:00,-46.77652897077733,2.358135032688444,4240.639260000001,4229.2843,LONG,stop_loss,-0.46776528970777326,1.0,20.0
2021-11-01 05:00:00,2021-11-01 07:00:00,153.56024529937662,2.364757550010203,4228.763325,4302.157845000001,LONG,signal_reverse,1.5356024529937662,1.0,20.0
2021-11-01 07:00:00,2021-11-01 12:00:00,-135.95829766678227,2.3244149471693776,4302.157845000001,4352.044935,SHORT,stop_loss,-1.3595829766678227,1.0,20.0
2021-11-01 15:00:00,2021-11-01 17:00:00,115.9672383969434,2.299799672959747,4348.20481,4289.08347,SHORT,signal_reverse,1.159672383969434,1.0,20.0
2021-11-01 17:00:00,2021-11-01 19:00:00,157.2706932187558,2.331500440582473,4289.08347,4365.11635,LONG,signal_reverse,1.5727069321875582,1.0,20.0
2021-11-01 19:00:00,2021-11-02 09:00:00,-177.08489648849746,2.2908896804090912,4365.11635,4433.685735,SHORT,stop_loss,-1.7708489648849746,1.0,20.0
2021-11-02 09:00:00,2021-11-02 14:00:00,-122.45953897613623,2.257716401386137,4429.2542650000005,4474.636199999999,SHORT,stop_loss,-1.2245953897613622,1.0,20.0
2021-11-02 18:00:00,2021-11-02 22:00:00,-132.6085159629158,2.223595779336372,4497.220265,4547.862795,SHORT,stop_loss,-1.3260851596291579,1.0,20.0
2021-11-03 04:00:00,2021-11-03 07:00:00,127.02146508690934,2.201135142121419,4543.11042,4609.903895,LONG,signal_reverse,1.2702146508690935,1.0,20.0
2021-11-03 07:00:00,2021-11-03 12:00:00,158.29258889571918,2.16924261931929,4609.903895,4527.712724999999,SHORT,signal_reverse,1.5829258889571918,1.0,19.999999999999996
2021-11-03 12:00:00,2021-11-03 14:00:00,-50.833957116832934,2.208620689379095,4527.712724999999,4513.7519950000005,LONG,stop_loss,-0.5083395711683293,1.0,20.0
2021-11-03 18:00:00,2021-11-04 01:00:00,178.4207194255832,2.1496394711202025,4651.942865,4559.638679999999,SHORT,signal_reverse,1.784207194255832,1.0,20.0
2021-11-04 01:00:00,2021-11-04 09:00:00,-90.89041976457722,2.193156234914649,4559.63868,4527.31521,LONG,stop_loss,-0.9089041976457721,1.0,20.000000000000004
2021-11-04 11:00:00,2021-11-04 16:00:00,-112.82968978062887,2.215346841607866,4513.965855,4472.06285,LONG,stop_loss,-1.1282968978062886,1.0,20.0
2021-11-04 21:00:00,2021-11-05 00:00:00,91.69987242513625,2.208497692446217,4527.964884999999,4477.387575,SHORT,signal_reverse,0.9169987242513624,1.0,20.0
2021-11-05 00:00:00,2021-11-05 03:00:00,126.91536950539718,2.2334452473661495,4477.387575,4543.16728,LONG,signal_reverse,1.2691536950539717,1.0,19.999999999999996
2021-11-05 03:00:00,2021-11-05 10:00:00,63.67693209834942,2.201107593819438,4543.16728,4505.151449999999,SHORT,signal_reverse,0.6367693209834941,1.0,20.0
2021-11-05 10:00:00,2021-11-06 00:00:00,-27.332716861270175,2.21968120516792,4505.151449999999,4501.84795,LONG,signal_reverse,-0.27332716861270173,1.0,20.000000000000004
2021-11-06 00:00:00,2021-11-06 07:00:00,34.0007131960112,2.2213100289182357,4501.84795,4477.53765,SHORT,signal_reverse,0.340007131960112,1.0,20.0
2021-11-06 07:00:00,2021-11-06 10:00:00,-211.52187363516663,2.2333703882981304,4477.53765,4391.78301,LONG,stop_loss,-2.1152187363516664,1.0,19.999999999999996
2021-11-06 18:00:00,2021-11-06 20:00:00,-120.04664844994068,2.2510417114776384,4442.387694999999,4486.832295,SHORT,stop_loss,-1.2004664844994068,1.0,20.0
2021-11-07 08:00:00,2021-11-07 10:00:00,-138.3407730332534,2.200846132462225,4543.707009999999,4597.47759,SHORT,stop_loss,-1.3834077303325343,1.0,19.999999999999996
2021-11-07 17:00:00,2021-11-08 00:00:00,-198.24402820054502,2.169181478653053,4610.03383,4692.204929999999,SHORT,stop_loss,-1.98244028200545,1.0,19.999999999999996
2021-11-08 00:00:00,2021-11-08 06:00:00,-143.6400931720114,2.133326474830939,4687.5150699999995,4745.47155,SHORT,stop_loss,-1.4364009317201138,1.0,20.0
2021-11-08 10:00:00,2021-11-08 23:00:00,-200.73647038146586,2.1145742851030076,4729.084275,4814.5560749999995,SHORT,stop_loss,-2.0073647038146585,1.0,20.0
2021-11-09 03:00:00,2021-11-09 11:00:00,48.164865323095185,2.0779468729556734,4812.442575,4779.638625,SHORT,signal_reverse,0.48164865323095185,1.0,19.999999999999996
2021-11-09 11:00:00,2021-11-09 21:00:00,16.44971171853051,2.092208383222696,4779.638625,4797.06027,LONG,signal_reverse,0.1644971171853051,1.0,20.0
2021-11-09 21:00:00,2021-11-09 22:00:00,63.18194426187718,2.084610039723349,4797.06027,4757.157389999999,SHORT,signal_reverse,0.6318194426187718,1.0,20.0
2021-11-09 22:00:00,2021-11-10 03:00:00,-163.62144112284463,2.102095680294488,4757.157389999999,4688.83441,LONG,stop_loss,-1.6362144112284462,1.0,20.0
2021-11-10 10:00:00,2021-11-10 14:00:00,-253.6867217507089,2.11014567515167,4739.00931,4849.753664999999,SHORT,stop_loss,-2.536867217507089,1.0,20.0
2021-11-10 19:00:00,2021-11-10 20:00:00,-163.14317940974433,2.127691811262528,4699.92879,4632.652515000001,LONG,stop_loss,-1.6314317940974432,1.0,20.0
2021-11-11 07:00:00,2021-11-11 10:00:00,-67.79672447236361,2.132853503858668,4688.55455,4710.9643049999995,SHORT,stop_loss,-0.6779672447236361,1.0,20.0
2021-11-11 14:00:00,2021-11-12 02:00:00,-143.9701422639112,2.1113658140839195,4736.2706800000005,4794.986295,SHORT,stop_loss,-1.4397014226391123,1.0,20.0
2021-11-12 04:00:00,2021-11-12 06:00:00,102.62554835869598,2.09289972727476,4778.059775,4719.4685549999995,SHORT,signal_reverse,1.0262554835869597,1.0,20.0
2021-11-12 06:00:00,2021-11-12 09:00:00,-244.04339337736937,2.118882641861357,4719.4685549999995,4613.7319800000005,LONG,stop_loss,-2.4404339337736936,1.0,20.0
2021-11-12 09:00:00,2021-11-12 13:00:00,-56.11682126978418,2.165276405479724,4618.34802,4601.668015,LONG,stop_loss,-0.5611682126978418,1.0,20.000000000000004
2021-11-12 18:00:00,2021-11-13 04:00:00,9.345637421301573,2.1551218868675726,4640.108785,4626.49209,SHORT,signal_reverse,0.09345637421301572,1.0,20.0
2021-11-13 04:00:00,2021-11-13 14:00:00,69.5987050093475,2.161464843226393,4626.492090000001,4667.94486,LONG,signal_reverse,0.695987050093475,1.0,20.0
2021-11-13 14:00:00,2021-11-14 02:00:00,44.347514593391175,2.1422703780609784,4667.94486,4637.907795,SHORT,signal_reverse,0.4434751459339118,1.0,20.0
2021-11-14 02:00:00,2021-11-14 16:00:00,-245.50165855550324,2.156144632883975,4637.907795,4533.322205,LONG,stop_loss,-2.4550165855550325,1.0,20.0
2021-11-14 23:00:00,2021-11-15 00:00:00,-130.42623609699257,2.1617714424231336,4625.835924999999,4676.917289999999,SHORT,stop_loss,-1.3042623609699258,1.0,19.999999999999996
2021-11-15 08:00:00,2021-11-15 14:00:00,45.12996055975879,2.1201980337050217,4716.54055,4685.821739999999,SHORT,signal_reverse,0.4512996055975879,1.0,20.000000000000004
2021-11-15 14:00:00,2021-11-15 16:00:00,-179.47776963448865,2.134097401665135,4685.821739999999,4611.0932999999995,LONG,stop_loss,-1.7947776963448865,1.0,20.0
2021-11-16 12:00:00,2021-11-16 20:00:00,-108.70813919504049,2.3621029679894656,4233.5157,4195.960970000001,LONG,stop_loss,-1.087081391950405,1.0,20.0
2021-11-16 20:00:00,2021-11-17 01:00:00,-177.8440114444919,2.380862231304608,4200.159030000001,4133.862035,LONG,stop_loss,-1.7784401144449191,1.0,20.0
2021-11-17 09:00:00,2021-11-17 10:00:00,195.60275027759195,2.4178961765440237,4135.8268800000005,4224.996445,LONG,signal_reverse,1.9560275027759195,1.0,20.0
2021-11-17 10:00:00,2021-11-17 14:00:00,95.6200144447688,2.366865896854027,4224.996445,4176.14703,SHORT,signal_reverse,0.956200144447688,1.0,20.0
2021-11-17 14:00:00,2021-11-17 16:00:00,124.47209249718608,2.394551707150981,4176.14703,4236.480700000001,LONG,signal_reverse,1.2447209249718607,1.0,20.0
2021-11-17 16:00:00,2021-11-18 00:00:00,-232.18414850798067,2.3604497950386034,4236.4807,4326.3721049999995,SHORT,stop_loss,-2.3218414850798066,1.0,20.0
2021-11-18 06:00:00,2021-11-18 09:00:00,-122.26834470373436,2.3508913154052435,4253.70579,4210.203845000001,LONG,stop_loss,-1.2226834470373436,1.0,20.0
2021-11-18 11:00:00,2021-11-18 15:00:00,-308.87599602814754,2.3854022722175583,4192.165035,4071.06345,LONG,stop_loss,-3.0887599602814753,1.0,20.0
2021-11-19 00:00:00,2021-11-19 02:00:00,211.98354148802073,2.4374444239058604,4102.657645,4007.48274,SHORT,signal_reverse,2.119835414880207,1.0,20.0
2021-11-19 02:00:00,2021-11-19 05:00:00,155.06605655399528,2.495332019820502,4007.48274,4077.64016,LONG,signal_reverse,1.5506605655399528,1.0,20.0
2021-11-19 05:00:00,2021-11-19 08:00:00,-187.01246880009123,2.4523988404116563,4077.64016,4145.741835,SHORT,stop_loss,-1.8701246880009121,1.0,20.0
2021-11-19 08:00:00,2021-11-19 13:00:00,-193.6951464966656,2.414526856928912,4141.598165,4213.535715,SHORT,stop_loss,-1.9369514649666557,1.0,20.0
2021-11-20 11:00:00,2021-11-20 14:00:00,46.841286391467264,2.3148850195974173,4319.868985,4290.994425,SHORT,signal_reverse,0.46841286391467263,1.0,20.0
2021-11-20 14:00:00,2021-11-20 15:00:00,-199.28830098631633,2.330462128251308,4290.994425000001,4214.061915,LONG,stop_loss,-1.9928830098631631,1.0,20.0
2021-11-20 18:00:00,2021-11-20 21:00:00,-172.42596196167915,2.2904229214504466,4366.005905,4432.55517,SHORT,stop_loss,-1.7242596196167914,1.0,20.0
2021-11-21 03:00:00,2021-11-21 06:00:00,56.99454764517397,2.3000281891454857,4347.772800000001,4381.24828,LONG,signal_reverse,0.5699454764517397,1.0,20.0
2021-11-21 06:00:00,2021-11-21 08:00:00,58.963888346451704,2.2824545337111095,4381.24828,4346.652239999999,SHORT,signal_reverse,0.5896388834645171,1.0,20.0
2021-11-21 08:00:00,2021-11-21 15:00:00,31.768783784738357,2.300621132736398,4346.652239999999,4369.15433,LONG,signal_reverse,0.3176878378473836,1.0,20.0
2021-11-21 15:00:00,2021-11-21 22:00:00,92.4826483297975,2.2887724361981965,4369.15433,4320.008925,SHORT,signal_reverse,0.924826483297975,1.0,20.0
2021-11-21 22:00:00,2021-11-21 23:00:00,-162.22025015839455,2.3148100324815877,4320.008925,4258.56965,LONG,stop_loss,-1.6222025015839456,1.0,19.999999999999996
2021-11-22 09:00:00,2021-11-22 13:00:00,175.90340801259993,2.38427559278888,4194.146025,4276.310775,LONG,signal_reverse,1.7590340801259992,1.0,20.0
2021-11-22 13:00:00,2021-11-22 18:00:00,289.1911976392778,2.3384642805807303,4276.310775,4144.09101,SHORT,signal_reverse,2.891911976392778,1.0,20.0
2021-11-22 18:00:00,2021-11-22 19:00:00,-209.1485486463775,2.4130744174945136,4144.09101,4065.70613,LONG,stop_loss,-2.091485486463775,1.0,20.0
2021-11-22 23:00:00,2021-11-23 02:00:00,140.91170186529257,2.444142373703193,4091.4146849999997,4157.250335,LONG,signal_reverse,1.4091170186529258,1.0,20.000000000000004
2021-11-23 02:00:00,2021-11-23 07:00:00,93.5277676272041,2.4054360921712457,4157.250335,4110.054,SHORT,signal_reverse,0.935277676272041,1.0,20.000000000000004
2021-11-23 07:00:00,2021-11-23 13:00:00,143.7843931004319,2.433058057144748,4110.054,4177.37027,LONG,signal_reverse,1.437843931004319,1.0,20.0
2021-11-23 13:00:00,2021-11-23 14:00:00,-344.8339893987888,2.39385052165845,4177.37027,4313.065455,SHORT,stop_loss,-3.448339893987888,1.0,20.0
2021-11-24 00:00:00,2021-11-24 02:00:00,203.98800352587793,2.2994402516284826,4348.88447,4251.474675,SHORT,signal_reverse,2.0398800352587796,1.0,20.0
2021-11-24 02:00:00,2021-11-24 08:00:00,93.14770444916165,2.352125030593061,4251.474675,4299.579135,LONG,signal_reverse,0.9314770444916165,1.0,20.0
2021-11-24 08:00:00,2021-11-24 10:00:00,74.82508338574736,2.3258090352603777,4299.579135,4258.8083400000005,SHORT,signal_reverse,0.7482508338574736,1.0,20.0
2021-11-24 10:00:00,2021-11-24 14:00:00,-156.539884769739,2.348074672925995,4258.8083400000005,4200.65862,LONG,stop_loss,-1.56539884769739,1.0,20.0
2021-11-24 17:00:00,2021-11-24 20:00:00,120.66224967364178,2.3752382363951106,4210.104,4269.32427,LONG,signal_reverse,1.2066224967364179,1.0,20.000000000000004
2021-11-24 20:00:00,2021-11-25 01:00:00,-151.72442860612043,2.3422910436362803,4269.32427,4325.561699999999,SHORT,stop_loss,-1.5172442860612043,1.0,20.0
2021-11-25 10:00:00,2021-11-25 12:00:00,-220.85164575954008,2.291031319054512,4364.846485,4452.515144999999,SHORT,stop_loss,-2.2085164575954006,1.0,20.0
2021-11-26 02:00:00,2021-11-26 07:00:00,-289.8092626985229,2.2407053901899103,4462.880325,4342.467680000001,LONG,stop_loss,-2.898092626985229,1.0,19.999999999999996
2021-11-26 23:00:00,2021-11-27 02:00:00,141.73737154514626,2.470073076272137,4048.46322,4113.942,LONG,signal_reverse,1.4173737154514625,1.0,20.0
2021-11-27 02:00:00,2021-11-27 08:00:00,-147.95574171925486,2.4307586251823676,4113.942,4166.5822499999995,SHORT,stop_loss,-1.4795574171925485,1.0,20.0
2021-11-27 13:00:00,2021-11-27 19:00:00,34.525971002070975,2.4138744064839535,4142.717605,4120.129035,SHORT,signal_reverse,0.3452597100207097,1.0,20.0
2021-11-27 19:00:00,2021-11-27 20:00:00,-174.40852570288482,2.427108450985686,4120.129035,4056.51073,LONG,stop_loss,-1.7440852570288483,1.0,20.0
2021-11-28 00:00:00,2021-11-28 01:00:00,-154.85080841695526,2.446499511373497,4087.472715,4032.352815,LONG,stop_loss,-1.5485080841695527,1.0,20.000000000000004
2021-11-28 10:00:00,2021-11-28 17:00:00,141.98051225279633,2.433803836493821,4108.794575000001,4042.2401099999997,SHORT,signal_reverse,1.4198051225279633,1.0,20.0
2021-11-28 17:00:00,2021-11-28 18:00:00,-2.647616645413402,2.4738758034836286,4042.2401099999997,4049.2543600000004,LONG,stop_loss,-0.02647616645413402,1.0,20.0
2021-11-28 19:00:00,2021-11-28 21:00:00,-405.7153187159623,2.4405183267514463,4097.49023,4255.5367049999995,SHORT,stop_loss,-4.057153187159623,1.0,20.0
2021-11-29 13:00:00,2021-11-29 16:00:00,-171.69205489949903,2.3000851758341976,4347.66508,4413.615704999999,SHORT,stop_loss,-1.7169205489949904,1.0,20.0
2021-11-29 16:00:00,2021-11-30 00:00:00,-200.3702996710428,2.267982912776329,4409.204295,4488.733244999999,SHORT,stop_loss,-2.003702996710428,1.0,20.0
2021-11-30 05:00:00,2021-11-30 10:00:00,201.7607713390348,2.276599996982139,4392.51516,4489.923915,LONG,signal_reverse,2.017607713390348,1.0,20.0
2021-11-30 10:00:00,2021-11-30 11:00:00,-243.58974650910034,2.2272092332326303,4489.923915,4590.31401,SHORT,stop_loss,-2.4358974650910032,1.0,20.0
2021-11-30 18:00:00,2021-12-01 03:00:00,-172.4357773057812,2.1311316617818488,4692.3426549999995,4763.870744999999,SHORT,stop_loss,-1.724357773057812,1.0,20.000000000000004
2021-12-01 07:00:00,2021-12-01 11:00:00,161.206638216444,2.0992539837033783,4763.5970099999995,4677.277469999999,SHORT,signal_reverse,1.6120663821644399,1.0,20.0
2021-12-01 11:00:00,2021-12-01 14:00:00,126.06476831488915,2.137995888450039,4677.27747,4745.596015,LONG,signal_reverse,1.2606476831488915,1.0,20.0
2021-12-01 14:00:00,2021-12-01 17:00:00,119.61895363737622,2.10721687400102,4745.596015,4679.3385,SHORT,signal_reverse,1.1961895363737622,1.0,19.999999999999996
2021-12-01 17:00:00,2021-12-01 19:00:00,-60.66775677801219,2.1370542011440294,4679.3385,4660.308680000001,LONG,stop_loss,-0.6066775677801218,1.0,20.0
2021-12-02 02:00:00,2021-12-02 03:00:00,-208.92821368983257,2.182405492531486,4582.099905,4495.53111,LONG,stop_loss,-2.0892821368983254,1.0,20.0
2021-12-02 08:00:00,2021-12-02 11:00:00,79.06923989081137,2.1803946505159777,4586.32569,4540.88931,SHORT,signal_reverse,0.7906923989081138,1.0,20.0
2021-12-02 11:00:00,2021-12-02 14:00:00,91.96854080550156,2.202211795380672,4540.88931,4591.732985,LONG,signal_reverse,0.9196854080550156,1.0,20.0
2021-12-02 14:00:00,2021-12-02 16:00:00,201.70091408309557,2.177826984423399,4591.732985,4489.933845,SHORT,signal_reverse,2.0170091408309556,1.0,20.0
2021-12-02 16:00:00,2021-12-02 21:00:00,100.23130376434416,2.2272043075057826,4489.933845,4543.916905,LONG,signal_reverse,1.0023130376434417,1.0,20.0
2021-12-02 21:00:00,2021-12-03 02:00:00,91.7349988159631,2.2007444698199206,4543.916905,4493.145449999999,SHORT,signal_reverse,0.917349988159631,1.0,20.0
2021-12-03 02:00:00,2021-12-03 04:00:00,66.48154267963972,2.2256123491395097,4493.14545,4532.002865,LONG,signal_reverse,0.6648154267963972,1.0,20.0
2021-12-03 04:00:00,2021-12-03 10:00:00,-129.5030309518568,2.206529937840187,4532.002865,4581.62967,SHORT,stop_loss,-1.295030309518568,1.0,20.0
2021-12-03 14:00:00,2021-12-03 15:00:00,-144.8241682033134,2.2080839709603612,4528.813275,4472.282740000001,LONG,stop_loss,-1.448241682033134,1.0,20.0
2021-12-04 14:00:00,2021-12-04 19:00:00,-247.55502038783632,2.479658994617028,4032.812585,4124.58126,SHORT,stop_loss,-2.475550203878363,1.0,19.999999999999996
2021-12-04 22:00:00,2021-12-05 00:00:00,-69.222385403404,2.4407088424750625,4097.17039,4117.33764,SHORT,stop_loss,-0.6922238540340401,1.0,20.0
2021-12-05 10:00:00,2021-12-05 14:00:00,104.45707578030573,2.3807773399669774,4200.308795,4148.03298,SHORT,signal_reverse,1.0445707578030574,1.0,20.0
2021-12-05 14:00:00,2021-12-05 15:00:00,-203.31579176595562,2.410781218041328,4148.03298,4071.9929850000003,LONG,stop_loss,-2.0331579176595564,1.0,20.0
2021-12-05 23:00:00,2021-12-06 06:00:00,254.5171035129977,2.382739137463086,4196.850525,4081.6397999999995,SHORT,signal_reverse,2.545171035129977,1.0,20.0
2021-12-06 06:00:00,2021-12-06 07:00:00,-37.43926546384553,2.449995710057512,4081.6398,4074.52172,LONG,stop_loss,-0.3743926546384553,1.0,20.0
2021-12-06 14:00:00,2021-12-06 15:00:00,241.36258208890905,2.4864303622427433,4021.8299100000004,4126.945495000001,LONG,signal_reverse,2.4136258208890906,1.0,20.0
2021-12-06 15:00:00,2021-12-06 17:00:00,-151.8266380448036,2.4230996052929457,4126.945495,4181.34963,SHORT,stop_loss,-1.5182663804480359,1.0,20.0
2021-12-07 13:00:00,2021-12-07 14:00:00,87.33600012551935,2.2963555843702252,4354.726275,4401.468165,LONG,signal_reverse,0.8733600012551934,1.0,20.0
2021-12-07 14:00:00,2021-12-07 17:00:00,147.5699726434356,2.271969175994256,4401.468165,4327.712775,SHORT,signal_reverse,1.4756997264343559,1.0,20.0
2021-12-07 17:00:00,2021-12-07 23:00:00,-66.80897520977561,2.3106893918115903,4327.712775,4307.455195,LONG,stop_loss,-0.668089752097756,1.0,20.0
2021-12-08 02:00:00,2021-12-08 05:00:00,48.04083021183092,2.3264264048168593,4298.438145,4327.685075,LONG,signal_reverse,0.48040830211830926,1.0,20.0
2021-12-08 05:00:00,2021-12-08 10:00:00,103.25058102801229,2.3107041817269938,4327.685075,4274.346105,SHORT,signal_reverse,1.032505810280123,1.0,20.0
2021-12-08 10:00:00,2021-12-08 14:00:00,306.91725603722665,2.339539137530839,4274.346105,4414.081855,LONG,signal_reverse,3.0691725603722664,1.0,20.0
2021-12-08 14:00:00,2021-12-09 00:00:00,-77.03715025465708,2.2654767918888083,4414.081855,4439.258519999999,SHORT,stop_loss,-0.7703715025465708,1.0,20.000000000000004
2021-12-09 03:00:00,2021-12-09 09:00:00,-132.04737993139364,2.290855489055839,4365.1815,4316.270785000001,LONG,stop_loss,-1.3204737993139364,1.0,20.0
2021-12-10 04:00:00,2021-12-10 06:00:00,-164.2184615050775,2.420959154650838,4130.594265,4071.02347,LONG,stop_loss,-1.6421846150507748,1.0,20.0
2021-12-10 11:00:00,2021-12-10 13:00:00,-155.3773043191051,2.407948635556434,4152.912504999999,4209.1335149999995,SHORT,stop_loss,-1.553773043191051,1.0,20.0
2021-12-10 14:00:00,2021-12-10 16:00:00,-157.8311861035438,2.4791652194539697,4033.6158,3978.0199950000006,LONG,stop_loss,-1.578311861035438,1.0,20.0
2021-12-10 21:00:00,2021-12-10 23:00:00,-272.65899404099906,2.500106932698645,3999.828915,3898.76964,LONG,stop_loss,-2.7265899404099905,1.0,20.0
2021-12-11 04:00:00,2021-12-11 06:00:00,147.6430506603377,2.480224521928012,4031.893045,3964.30116,SHORT,signal_reverse,1.4764305066033772,1.0,20.000000000000004
2021-12-11 06:00:00,2021-12-11 12:00:00,169.48641126952148,2.522512694267658,3964.30116,4039.41928,LONG,signal_reverse,1.6948641126952146,1.0,20.000000000000004
2021-12-11 12:00:00,2021-12-11 19:00:00,60.44923724778652,2.4756033743543453,4039.41928,4006.92246,SHORT,signal_reverse,0.6044923724778651,1.0,20.0
2021-12-11 19:00:00,2021-12-11 23:00:00,183.07947261849444,2.49568093713498,4006.9224600000002,4088.2948300000003,LONG,signal_reverse,1.8307947261849442,1.0,20.0
2021-12-11 23:00:00,2021-12-12 04:00:00,151.26136423972315,2.4460075449108443,4088.2948300000003,4018.2781349999996,SHORT,signal_reverse,1.5126136423972314,1.0,19.999999999999996
2021-12-12 04:00:00,2021-12-12 06:00:00,80.7681988145913,2.4886281297698174,4018.278135,4058.7696000000005,LONG,signal_reverse,0.8076819881459131,1.0,20.0
2021-12-12 06:00:00,2021-12-12 08:00:00,91.07740631545194,2.463800852356832,4058.7696,4013.6858399999996,SHORT,signal_reverse,0.9107740631545194,1.0,20.0
2021-12-12 08:00:00,2021-12-12 14:00:00,61.84467172946618,2.49147551618041,4013.6858399999996,4046.5357200000003,LONG,signal_reverse,0.6184467172946618,1.0,20.000000000000004
2021-12-12 14:00:00,2021-12-12 18:00:00,-284.54736200870656,2.4712496545069422,4046.53572,4153.585755,SHORT,stop_loss,-2.845473620087066,1.0,20.0
2021-12-13 00:00:00,2021-12-13 01:00:00,-273.62791873696,2.4557202663210456,4072.1250450000002,3968.8445850000003,LONG,stop_loss,-2.7362791873696,1.0,20.0
2021-12-13 06:00:00,2021-12-13 14:00:00,-220.01166992731478,2.502128498160172,3996.5973,3916.66069,LONG,stop_loss,-2.200116699273148,1.0,19.999999999999996
2021-12-14 01:00:00,2021-12-14 06:00:00,-189.1932222623754,2.640548055254841,3787.0926,3723.0175600000002,LONG,stop_loss,-1.891932222623754,1.0,20.0
2021-12-14 08:00:00,2021-12-14 16:00:00,111.32239587899572,2.619261449939689,3817.8701100000003,3767.732925,SHORT,signal_reverse,1.113223958789957,1.0,20.0
2021-12-14 16:00:00,2021-12-14 20:00:00,151.72103566762374,2.6541159363093656,3767.732925,3832.4328250000003,LONG,signal_reverse,1.5172103566762372,1.0,20.0
2021-12-14 20:00:00,2021-12-15 00:00:00,-76.05622063316797,2.6093086184752634,3832.432825,3853.9159949999994,SHORT,stop_loss,-0.7605622063316797,1.0,20.0
2021-12-15 03:00:00,2021-12-15 12:00:00,68.57999556196827,2.599201535165363,3847.3353700000002,3813.255675,SHORT,signal_reverse,0.6857999556196828,1.0,20.0
2021-12-15 12:00:00,2021-12-15 15:00:00,-429.6895627120506,2.6224310280479686,3813.255675,3657.0305700000004,LONG,stop_loss,-4.296895627120506,1.0,20.0
2021-12-15 19:00:00,2021-12-15 20:00:00,-252.91949443766865,2.519257014826126,3969.424295,4061.8799249999997,SHORT,stop_loss,-2.5291949443766866,1.0,20.0
2021-12-16 08:00:00,2021-12-16 13:00:00,-146.98812653023265,2.4824768938032693,4028.234875,4079.3886749999997,SHORT,stop_loss,-1.4698812653023265,1.0,20.000000000000004
2021-12-16 13:00:00,2021-12-16 18:00:00,91.91164640654814,2.4538002627320745,4075.311325,4029.703845,SHORT,signal_reverse,0.9191164640654814,1.0,19.999999999999996
2021-12-16 18:00:00,2021-12-16 22:00:00,-73.42560105679384,2.481571942912842,4029.703845,4008.17491,LONG,stop_loss,-0.7342560105679384,1.0,20.0
2021-12-16 22:00:00,2021-12-16 23:00:00,-160.10835427335712,2.4924074477331755,4012.18509,3955.971025,LONG,stop_loss,-1.6010835427335712,1.0,20.0
2021-12-17 05:00:00,2021-12-17 07:00:00,-226.81394481133876,2.5229647791556022,3963.5908050000003,3881.6182200000003,LONG,stop_loss,-2.268139448113388,1.0,20.000000000000004
2021-12-17 16:00:00,2021-12-18 01:00:00,287.5412748579398,2.559164518363216,3907.52526,3787.3527299999996,SHORT,signal_reverse,2.8754127485793983,1.0,20.0
2021-12-18 01:00:00,2021-12-18 05:00:00,289.43518693596934,2.6403666922251525,3787.35273,3904.5467500000004,LONG,signal_reverse,2.894351869359693,1.0,20.000000000000004
2021-12-18 05:00:00,2021-12-18 10:00:00,-220.64736066996738,2.561116728849514,3904.54675,3982.89045,SHORT,stop_loss,-2.206473606699674,1.0,20.0
2021-12-18 14:00:00,2021-12-19 01:00:00,113.83490469729881,2.5240172610069385,3961.93804,3908.9134799999997,SHORT,signal_reverse,1.1383490469729882,1.0,19.999999999999996
2021-12-19 01:00:00,2021-12-19 03:00:00,182.95000236229333,2.5582556511330097,3908.91348,3988.24488,LONG,signal_reverse,1.8295000236229333,1.0,20.0
2021-12-19 03:00:00,2021-12-19 09:00:00,80.04825731763998,2.5073686047081445,3988.2448799999997,3948.3431849999997,SHORT,signal_reverse,0.8004825731763998,1.0,20.0
2021-12-19 09:00:00,2021-12-19 19:00:00,-110.8239312535834,2.5327079059365,3948.3431849999997,3912.4827800000003,LONG,stop_loss,-1.1082393125358339,1.0,20.0
2021-12-19 19:00:00,2021-12-19 22:00:00,140.96953771200995,2.5533671479830127,3916.39722,3979.439285,LONG,signal_reverse,1.4096953771200995,1.0,19.999999999999996
2021-12-19 22:00:00,2021-12-20 03:00:00,156.898640633488,2.5129168417504832,3979.439285,3909.043545,SHORT,signal_reverse,1.56898640633488,1.0,20.000000000000004
2021-12-20 03:00:00,2021-12-20 05:00:00,-180.44249514749265,2.5581705306892406,3909.043545,3846.325875,LONG,stop_loss,-1.8044249514749267,1.0,20.0
2021-12-20 05:00:00,2021-12-20 09:00:00,-233.2867042734062,2.5972851292797046,3850.174125,3768.0550300000004,LONG,stop_loss,-2.332867042734062,1.0,19.999999999999996
2021-12-20 19:00:00,2021-12-20 20:00:00,-169.09206231231389,2.5825292780149827,3872.1729450000003,3929.90397,SHORT,stop_loss,-1.6909206231231388,1.0,20.0
2021-12-20 23:00:00,2021-12-21 03:00:00,-196.93232693355083,2.536778204060524,3942.00801,4011.7548749999996,SHORT,stop_loss,-1.9693232693355083,1.0,20.0
2021-12-21 03:00:00,2021-12-21 15:00:00,51.527951768140625,2.495168651724079,4007.745125,3979.078545,SHORT,signal_reverse,0.5152795176814062,1.0,20.000000000000004
2021-12-21 15:00:00,2021-12-21 21:00:00,97.6591501538195,2.513144660731999,3979.0785450000003,4025.896045,LONG,signal_reverse,0.976591501538195,1.0,20.000000000000004
2021-12-21 21:00:00,2021-12-22 00:00:00,46.786473618446784,2.483919079932428,4025.896045,3999.008505,SHORT,signal_reverse,0.46786473618446783,1.0,20.0
2021-12-22 00:00:00,2021-12-22 01:00:00,78.75256566877432,2.500619838016573,3999.0085050000002,4038.49974,LONG,signal_reverse,0.7875256566877433,1.0,19.999999999999996
2021-12-22 01:00:00,2021-12-22 09:00:00,33.069732276373486,2.4761670530651068,4038.49974,4017.06753,SHORT,signal_reverse,0.33069732276373487,1.0,20.0
2021-12-22 09:00:00,2021-12-22 12:00:00,-178.56144942626725,2.4893781160806125,4017.06753,3953.3723250000003,LONG,stop_loss,-1.7856144942626724,1.0,19.999999999999996
2021-12-22 12:00:00,2021-12-22 21:00:00,125.96662127555648,2.5269577910300285,3957.327675,4015.0914500000003,LONG,signal_reverse,1.259666212755565,1.0,19.999999999999996
2021-12-22 21:00:00,2021-12-22 23:00:00,61.844536816216674,2.4906032962213103,4015.09145,3982.2301199999997,SHORT,signal_reverse,0.6184453681621668,1.0,20.0
2021-12-22 23:00:00,2021-12-23 00:00:00,-125.72259445418352,2.5111557340136836,3982.2301199999997,3940.1289500000003,LONG,stop_loss,-1.2572259445418352,1.0,19.999999999999996
2021-12-23 03:00:00,2021-12-23 07:00:00,-151.46729004519977,2.523002990938048,3963.530775,3911.42331,LONG,stop_loss,-1.5146729004519977,1.0,20.0
2021-12-23 07:00:00,2021-12-23 16:00:00,157.81314995926942,2.5540587672933945,3915.33669,3984.956525,LONG,signal_reverse,1.5781314995926943,1.0,20.0
2021-12-23 16:00:00,2021-12-23 17:00:00,-170.7544175779944,2.5094376656969932,3984.9565249999996,4045.031505,SHORT,stop_loss,-1.7075441757799439,1.0,20.0
2021-12-24 09:00:00,2021-12-24 11:00:00,43.69629495479676,2.434384177906023,4107.815065,4081.649805,SHORT,signal_reverse,0.4369629495479676,1.0,20.0
2021-12-24 11:00:00,2021-12-24 17:00:00,17.706934046979754,2.4499897045920136,4081.649805,4097.040455,LONG,signal_reverse,0.17706934046979753,1.0,20.0
2021-12-24 17:00:00,2021-12-24 20:00:00,39.86080750086362,2.440786247984461,4097.040455,4072.5152399999997,SHORT,signal_reverse,0.3986080750086362,1.0,20.0
2021-12-24 20:00:00,2021-12-25 12:00:00,10.500241909469874,2.455484979351483,4072.51524,4084.9365100000005,LONG,signal_reverse,0.10500241909469875,1.0,20.0
2021-12-25 12:00:00,2021-12-26 02:00:00,18.58796816404014,2.448018463816956,4084.93651,4069.1735699999995,SHORT,signal_reverse,0.18587968164040142,1.0,19.999999999999996
2021-12-26 02:00:00,2021-12-26 03:00:00,-156.49304716190775,2.457501462637289,4069.17357,4013.63218,LONG,stop_loss,-1.5649304716190775,1.0,19.999999999999996
2021-12-26 08:00:00,2021-12-26 15:00:00,27.06696452452161,2.4778868176827675,4035.6968399999996,4054.69164,LONG,signal_reverse,0.2706696452452161,1.0,20.0
2021-12-26 15:00:00,2021-12-26 23:00:00,-48.43731662908802,2.4662787920415075,4054.69164,4066.2220949999996,SHORT,signal_reverse,-0.48437316629088023,1.0,19.999999999999996
2021-12-26 23:00:00,2021-12-27 03:00:00,15.577348364195416,2.4592852447229645,4066.222095,4080.6886350000004,LONG,signal_reverse,0.15577348364195415,1.0,20.0
2021-12-27 03:00:00,2021-12-27 07:00:00,42.39641706944512,2.4505667779281577,4080.688635,4055.2265999999995,SHORT,signal_reverse,0.42396417069445125,1.0,20.000000000000004
2021-12-27 07:00:00,2021-12-27 12:00:00,45.03108852166238,2.465953443883999,4055.2266,4081.59818,LONG,signal_reverse,0.4503108852166238,1.0,20.0
2021-12-27 12:00:00,2021-12-27 21:00:00,25.613762499278085,2.4500206926297676,4081.59818,4062.9804749999994,SHORT,signal_reverse,0.25613762499278087,1.0,19.999999999999996
2021-12-27 21:00:00,2021-12-28 01:00:00,-219.3670914699626,2.4612473679189906,4062.980475,3981.978015,LONG,stop_loss,-2.193670914699626,1.0,20.0
2021-12-28 12:00:00,2021-12-28 14:00:00,-22.43304884860474,2.555992067028765,3912.37521,3911.42331,LONG,stop_loss,-0.22433048848604742,1.0,19.999999999999996
2021-12-28 15:00:00,2021-12-28 16:00:00,-118.58644910569632,2.563208921029239,3901.359705,3862.897585,LONG,stop_loss,-1.1858644910569631,1.0,20.0
2021-12-29 01:00:00,2021-12-29 09:00:00,2.4175647231707593,2.6279401631059445,3805.26168,3813.79215,LONG,signal_reverse,0.024175647231707592,1.0,20.0
2021-12-29 09:00:00,2021-12-29 11:00:00,38.70114080548344,2.6220621383365113,3813.7921499999998,3791.404755,SHORT,signal_reverse,0.3870114080548344,1.0,20.0
2021-12-29 11:00:00,2021-12-29 12:00:00,-176.9382428017764,2.637544827365708,3791.404755,3731.903115,LONG,stop_loss,-1.769382428017764,1.0,20.0
2021-12-29 17:00:00,2021-12-29 23:00:00,-369.1391817403331,2.661076277622637,3757.878,3626.675755,LONG,stop_loss,-3.6913918174033307,1.0,20.0
2021-12-30 06:00:00,2021-12-30 16:00:00,-188.00030063894752,2.705436696380212,3696.260945,3758.35824,SHORT,stop_loss,-1.8800030063894753,1.0,20.0
2021-12-30 16:00:00,2021-12-30 22:00:00,110.26638542885108,2.663398314712344,3754.60176,3705.6919199999998,SHORT,signal_reverse,1.1026638542885108,1.0,20.000000000000004
2021-12-30 22:00:00,2021-12-31 03:00:00,76.86814439771341,2.698551367972327,3705.69192,3741.58827,LONG,signal_reverse,0.768681443977134,1.0,20.0
2021-12-31 03:00:00,2021-12-31 08:00:00,-183.67967446081224,2.6726617891604625,3741.58827,3802.8304649999995,SHORT,stop_loss,-1.8367967446081224,1.0,20.0
2021-12-31 08:00:00,2021-12-31 16:00:00,118.89689330883257,2.63225118622301,3799.0295349999997,3746.262195,SHORT,signal_reverse,1.1889689330883257,1.0,20.0
2021-12-31 16:00:00,2021-12-31 19:00:00,-350.2074803122521,2.6693273133275714,3746.262195,3622.557815,LONG,stop_loss,-3.502074803122521,1.0,20.0
2022-01-01 01:00:00,2022-01-01 10:00:00,48.05473118814952,2.68666402643715,3722.088025,3696.7574549999995,SHORT,signal_reverse,0.4805473118814952,1.0,20.0
2022-01-01 10:00:00,2022-01-01 15:00:00,48.0614168126445,2.7050733302707304,3696.757455,3721.9181100000005,LONG,signal_reverse,0.48061416812644503,1.0,20.0
2022-01-01 15:00:00,2022-01-02 04:00:00,-27.854498443007724,2.686786679462972,3721.91811,3724.84149,SHORT,signal_reverse,-0.27854498443007725,1.0,20.0
2022-01-02 04:00:00,2022-01-02 12:00:00,56.97190625956114,2.6846779995462304,3724.84149,3753.512305,LONG,signal_reverse,0.5697190625956113,1.0,20.0
2022-01-02 12:00:00,2022-01-02 16:00:00,-254.60032322979237,2.6641713646919833,3753.5123049999997,3841.569825,SHORT,stop_loss,-2.546003232297924,1.0,20.000000000000004
2022-01-02 20:00:00,2022-01-03 03:00:00,33.20745317094632,2.6259711238394092,3808.11499,3787.8529799999997,SHORT,signal_reverse,0.3320745317094632,1.0,20.0
2022-01-03 03:00:00,2022-01-03 05:00:00,43.04415753749783,2.6400179871817517,3787.85298,3811.73318,LONG,signal_reverse,0.4304415753749783,1.0,20.0
2022-01-03 05:00:00,2022-01-03 14:00:00,-4.990751634929416,2.6234784880719277,3811.7331799999997,3806.0120549999997,SHORT,signal_reverse,-0.04990751634929416,1.0,20.0
2022-01-03 14:00:00,2022-01-03 16:00:00,-176.1641927064256,2.627422051084386,3806.012055,3746.5757750000002,LONG,stop_loss,-1.7616419270642563,1.0,20.0
2022-01-04 01:00:00,2022-01-04 07:00:00,35.7392753313226,2.6767261461448255,3735.90702,3756.730695,LONG,signal_reverse,0.357392753313226,1.0,20.0
2022-01-04 07:00:00,2022-01-04 10:00:00,-155.46929266911235,2.661888969925218,3756.730695,3807.6228599999995,SHORT,stop_loss,-1.5546929266911236,1.0,20.0
2022-01-04 18:00:00,2022-01-05 08:00:00,110.13897533216297,2.6513630837906454,3771.6448800000003,3820.72868,LONG,signal_reverse,1.1013897533216297,1.0,20.0
2022-01-05 08:00:00,2022-01-05 11:00:00,48.23907736887461,2.617301786527276,3820.7286799999997,3794.65638,SHORT,signal_reverse,0.4823907736887461,1.0,20.0
2022-01-05 11:00:00,2022-01-05 18:00:00,-141.67520686023283,2.635284726360388,3794.6563800000004,3748.48482,LONG,stop_loss,-1.4167520686023283,1.0,20.0
2022-01-06 17:00:00,2022-01-06 23:00:00,8.971759531852555,2.924720975330803,3419.1295800000003,3409.22376,SHORT,signal_reverse,0.08971759531852555,1.0,20.0
2022-01-06 23:00:00,2022-01-07 03:00:00,-529.9174247219253,2.9332190269611402,3409.22376,3235.3815,LONG,stop_loss,-5.299174247219252,1.0,20.0
2022-01-07 10:00:00,2022-01-07 13:00:00,-178.78766218049662,3.1065754012596076,3218.978685,3167.865275,LONG,stop_loss,-1.7878766218049662,1.0,20.0
2022-01-07 13:00:00,2022-01-07 15:00:00,-151.06209361992927,3.15354477866842,3171.034725,3129.4744800000003,LONG,stop_loss,-1.5106209361992928,1.0,20.0
2022-01-07 15:00:00,2022-01-08 00:00:00,295.41783467201583,3.1922308558021055,3132.60552,3231.4134850000005,LONG,signal_reverse,2.9541783467201586,1.0,20.0
2022-01-08 00:00:00,2022-01-08 12:00:00,64.73774751237234,3.0946209906034357,3231.413485,3204.0312149999995,SHORT,signal_reverse,0.6473774751237233,1.0,20.0
2022-01-08 12:00:00,2022-01-08 15:00:00,-161.5758366761103,3.1210682196802506,3204.031215,3158.669875,LONG,stop_loss,-1.6157583667611028,1.0,20.0
2022-01-08 22:00:00,2022-01-09 09:00:00,44.714244357286326,3.2066082398275144,3118.55994,3098.3784149999997,SHORT,signal_reverse,0.44714244357286326,1.0,20.0
2022-01-09 09:00:00,2022-01-09 16:00:00,172.68709951944342,3.2274947280769766,3098.378415,3158.08017,LONG,signal_reverse,1.7268709951944343,1.0,20.0
2022-01-09 16:00:00,2022-01-09 19:00:00,-170.6353621162193,3.166480729335,3158.0801699999997,3205.652025,SHORT,stop_loss,-1.7063536211621932,1.0,20.0
2022-01-09 23:00:00,2022-01-10 04:00:00,47.866326845658286,3.173127473896112,3151.4649449999997,3172.85278,LONG,signal_reverse,0.47866326845658286,1.0,20.0
2022-01-10 04:00:00,2022-01-10 08:00:00,66.51792851227168,3.15173778721621,3172.85278,3145.401915,SHORT,signal_reverse,0.6651792851227167,1.0,20.0
2022-01-10 08:00:00,2022-01-10 11:00:00,-159.9928409466856,3.179243947271521,3145.401915,3101.3685400000004,LONG,stop_loss,-1.599928409466856,1.0,20.0
2022-01-10 17:00:00,2022-01-10 23:00:00,212.61703588040032,3.317843153112241,3014.00625,3084.11717,LONG,signal_reverse,2.1261703588040035,1.0,20.000000000000004
2022-01-10 23:00:00,2022-01-11 07:00:00,-172.32104492320516,3.242418964257444,3084.11717,3131.094765,SHORT,stop_loss,-1.7232104492320515,1.0,19.999999999999996
2022-01-11 07:00:00,2022-01-11 16:00:00,-322.19391169160457,3.19696647779399,3127.965235,3222.49044,SHORT,stop_loss,-3.2219391169160456,1.0,20.0
2022-01-12 03:00:00,2022-01-12 07:00:00,19.102936065345894,3.092841642606279,3233.272555,3220.6295099999998,SHORT,signal_reverse,0.19102936065345894,1.0,20.0
2022-01-12 07:00:00,2022-01-12 09:00:00,107.51800501262963,3.1049830379278864,3220.6295099999998,3261.698335,LONG,signal_reverse,1.0751800501262962,1.0,20.0
2022-01-12 09:00:00,2022-01-12 12:00:00,-192.63963192353253,3.065887452770828,3261.698335,3318.008175,SHORT,stop_loss,-1.9263963192353253,1.0,20.0
2022-01-12 23:00:00,2022-01-13 01:00:00,81.33171542731164,2.9667042759228885,3370.7437849999997,3336.5874599999997,SHORT,signal_reverse,0.8133171542731163,1.0,20.0
2022-01-13 01:00:00,2022-01-13 08:00:00,39.502351543333326,2.9970741423334366,3336.58746,3356.44094,LONG,signal_reverse,0.39502351543333325,1.0,20.0
2022-01-13 08:00:00,2022-01-13 11:00:00,32.68197866755795,2.9793463310574446,3356.44094,3338.758545,SHORT,signal_reverse,0.3268197866755795,1.0,20.0
2022-01-13 11:00:00,2022-01-13 12:00:00,65.74121073496242,2.99512524347579,3338.758545,3367.3854650000003,LONG,signal_reverse,0.6574121073496243,1.0,20.0
2022-01-13 12:00:00,2022-01-13 15:00:00,164.18921933548418,2.969662993422703,3367.3854650000003,3305.3618549999997,SHORT,signal_reverse,1.6418921933548418,1.0,20.0
2022-01-13 15:00:00,2022-01-13 17:00:00,-87.0555175871951,3.0253873671571125,3305.361855,3283.1975800000005,LONG,stop_loss,-0.870555175871951,1.0,20.0
2022-01-14 01:00:00,2022-01-14 05:00:00,117.45057534811238,3.0669300938798343,3260.58948,3305.4064700000004,LONG,signal_reverse,1.1745057534811238,1.0,20.0
2022-01-14 05:00:00,2022-01-14 08:00:00,120.39963139541,3.025346531738349,3305.40647,3258.9986849999996,SHORT,signal_reverse,1.2039963139541,1.0,20.0
2022-01-14 08:00:00,2022-01-14 11:00:00,-187.87865012593517,3.068427135618804,3258.998685,3204.2870550000002,LONG,stop_loss,-1.8787865012593516,1.0,19.999999999999996
2022-01-14 14:00:00,2022-01-14 19:00:00,-130.9745207530243,3.053526738953477,3274.90173,3311.244795,SHORT,stop_loss,-1.3097452075302431,1.0,20.0
2022-01-15 00:00:00,2022-01-15 12:00:00,81.2890303146306,3.016225965538949,3315.40147,3281.8200899999997,SHORT,signal_reverse,0.812890303146306,1.0,20.0
2022-01-15 12:00:00,2022-01-15 14:00:00,150.30251039751752,3.0470896410412314,3281.8200899999997,3337.7103100000004,LONG,signal_reverse,1.5030251039751752,1.0,20.0
2022-01-15 14:00:00,2022-01-15 23:00:00,-2.7271708310715406,2.99606588685643,3337.71031,3331.94514,SHORT,signal_reverse,-0.027271708310715403,1.0,20.0
2022-01-15 23:00:00,2022-01-16 06:00:00,-11.396557027347145,3.0012498945285753,3331.9451400000003,3334.81176,LONG,signal_reverse,-0.11396557027347144,1.0,20.0
2022-01-16 06:00:00,2022-01-16 08:00:00,37.22879242815242,2.998670005889628,3334.81176,3315.727035,SHORT,signal_reverse,0.37228792428152413,1.0,20.000000000000004
2022-01-16 08:00:00,2022-01-16 12:00:00,33.27771198753062,3.0159298079855352,3315.7270350000003,3333.3924700000002,LONG,signal_reverse,0.33277711987530617,1.0,19.999999999999996
2022-01-16 12:00:00,2022-01-16 16:00:00,-140.9084599630132,2.9999467779442126,3333.39247,3373.6960050000002,SHORT,stop_loss,-1.409084599630132,1.0,20.0
2022-01-16 19:00:00,2022-01-16 22:00:00,69.1867620636091,3.010660808631249,3321.529935,3351.153585,LONG,signal_reverse,0.691867620636091,1.0,20.0
2022-01-16 22:00:00,2022-01-17 00:00:00,45.678413244077085,2.9840470591263575,3351.153585,3329.14374,SHORT,signal_reverse,0.4567841324407709,1.0,20.0
2022-01-17 00:00:00,2022-01-17 03:00:00,-236.34125956964527,3.003775379191047,3329.14374,3257.120625,LONG,stop_loss,-2.363412595696453,1.0,20.0
2022-01-17 03:00:00,2022-01-17 16:00:00,-117.48706007563861,3.067127732643076,3260.379375,3228.594895,LONG,stop_loss,-1.174870600756386,1.0,20.0
2022-01-18 03:00:00,2022-01-18 09:00:00,-84.30539887635321,3.1408997202417894,3183.801105,3163.327545,LONG,stop_loss,-0.843053988763532,1.0,20.0
2022-01-18 12:00:00,2022-01-18 13:00:00,-107.8364085193679,3.159446093051314,3165.111765,3137.3105600000004,LONG,stop_loss,-1.0783640851936789,1.0,20.0
2022-01-18 21:00:00,2022-01-19 03:00:00,171.77504353482826,3.1621073445102055,3162.4479850000002,3101.8001249999998,SHORT,signal_reverse,1.7177504353482826,1.0,20.0
2022-01-19 03:00:00,2022-01-19 07:00:00,-154.15108428367947,3.2239343597292556,3101.800125,3060.18914,LONG,stop_loss,-1.5415108428367947,1.0,20.0
2022-01-19 10:00:00,2022-01-19 11:00:00,103.78593940446711,3.247946271199587,3078.868665,3116.98073,LONG,signal_reverse,1.0378593940446712,1.0,20.0
2022-01-19 11:00:00,2022-01-19 23:00:00,79.22574978511244,3.2082328593670844,3116.9807299999998,3086.052255,SHORT,signal_reverse,0.7922574978511244,1.0,20.000000000000004
2022-01-19 23:00:00,2022-01-20 06:00:00,167.95835328459157,3.240385830731826,3086.052255,3144.057185,LONG,signal_reverse,1.6795835328459159,1.0,20.0
2022-01-20 06:00:00,2022-01-20 14:00:00,-271.0562001753157,3.180603726837112,3144.057185,3222.99069,SHORT,stop_loss,-2.710562001753157,1.0,20.0
2022-01-20 21:00:00,2022-01-20 22:00:00,-104.98501620190854,3.242330486901126,3084.20133,3057.99024,LONG,stop_loss,-1.0498501620190854,1.0,20.0
2022-01-21 09:00:00,2022-01-21 12:00:00,-354.47871882873835,3.4825792678573606,2871.435,2775.39161,LONG,stop_loss,-3.5447871882873834,1.0,20.0
2022-01-21 17:00:00,2022-01-21 19:00:00,-183.09026578875566,3.5955833148969796,2781.1899000000003,2735.8314,LONG,stop_loss,-1.8309026578875565,1.0,20.0
2022-01-22 14:00:00,2022-01-22 15:00:00,-158.67802131928482,4.130490616515604,2421.019905,2387.44568,LONG,stop_loss,-1.5867802131928483,1.0,20.0
2022-01-22 17:00:00,2022-01-22 18:00:00,-229.95725671374905,4.202989188186481,2379.259035,2329.304765,LONG,stop_loss,-2.2995725671374907,1.0,20.0
2022-01-22 21:00:00,2022-01-23 05:00:00,-104.44401949473601,4.083524483284543,2448.864955,2469.5441549999996,SHORT,stop_loss,-1.04444019494736,1.0,20.0
2022-01-23 05:00:00,2022-01-23 08:00:00,-241.69731875430065,4.053381666504865,2467.075845,2521.770255,SHORT,stop_loss,-2.4169731875430065,1.0,19.999999999999996
2022-01-23 14:00:00,2022-01-23 19:00:00,-237.73970635159702,4.105246457968211,2435.907345,2382.8679700000002,LONG,stop_loss,-2.37739706351597,1.0,20.0
2022-01-23 23:00:00,2022-01-24 07:00:00,571.1525892207729,3.9392720326522954,2538.540095,2388.47364,SHORT,signal_reverse,5.71152589220773,1.0,20.0
2022-01-24 07:00:00,2022-01-24 09:00:00,-241.36323430389677,4.186774278153641,2388.47364,2335.601615,LONG,stop_loss,-2.4136323430389677,1.0,20.0
2022-01-24 17:00:00,2022-01-24 18:00:00,-181.43044083406417,4.256180074552527,2349.52465,2387.45313,SHORT,stop_loss,-1.8143044083406417,1.0,20.0
2022-01-25 06:00:00,2022-01-25 09:00:00,225.1479943527088,4.223537924678058,2367.68325,2425.7265300000004,LONG,signal_reverse,2.2514799435270882,1.0,20.0
2022-01-25 09:00:00,2022-01-25 12:00:00,-86.01622154002712,4.122476246322788,2425.72653,2441.74026,SHORT,stop_loss,-0.8601622154002712,1.0,20.0
2022-01-25 14:00:00,2022-01-25 16:00:00,147.88803675888903,4.176766610426505,2394.1965,2434.3921950000004,LONG,signal_reverse,1.4788803675888902,1.0,20.000000000000004
2022-01-25 16:00:00,2022-01-25 17:00:00,-216.88012925131736,4.107801536884241,2434.392195,2482.3205399999997,SHORT,stop_loss,-2.1688012925131734,1.0,20.000000000000004
2022-01-25 21:00:00,2022-01-26 03:00:00,236.08131011692444,4.139471580226055,2415.76728,2477.630565,LONG,signal_reverse,2.3608131011692444,1.0,19.999999999999996
2022-01-26 03:00:00,2022-01-26 09:00:00,-76.72619315624205,4.036114238040166,2477.630565,2491.68522,SHORT,stop_loss,-0.7672619315624205,1.0,20.0
2022-01-26 18:00:00,2022-01-26 19:00:00,97.6725558520697,3.8357003750400156,2607.0858049999997,2576.4075599999996,SHORT,stop_loss,0.9767255585206971,1.0,20.0
2022-01-26 20:00:00,2022-01-26 21:00:00,-439.21238513363573,3.962277109084742,2523.80127,2418.000395,LONG,stop_loss,-4.392123851336358,1.0,20.0
2022-01-27 01:00:00,2022-01-27 03:00:00,-137.69674998864122,4.176574624129532,2394.306555,2366.126345,LONG,stop_loss,-1.3769674998864123,1.0,20.0
2022-01-27 09:00:00,2022-01-27 13:00:00,-211.66251906770384,4.093951143175983,2442.628075,2489.4440999999997,SHORT,stop_loss,-2.1166251906770386,1.0,20.0
2022-01-27 18:00:00,2022-01-27 19:00:00,-194.10034515792952,4.102634592138141,2437.45812,2395.02189,LONG,stop_loss,-1.9410034515792953,1.0,20.0
2022-01-28 03:00:00,2022-01-28 07:00:00,196.30132412093954,4.088814714518915,2445.69654,2392.7958,SHORT,signal_reverse,1.9630132412093955,1.0,19.999999999999996
2022-01-28 07:00:00,2022-01-28 13:00:00,132.954527085013,4.179211615132391,2392.7958,2429.3946950000004,LONG,signal_reverse,1.3295452708501303,1.0,20.0
2022-01-28 13:00:00,2022-01-28 16:00:00,-208.69846507177016,4.116251682191148,2429.394695,2475.237,SHORT,stop_loss,-2.0869846507177017,1.0,20.000000000000004
2022-01-28 18:00:00,2022-01-28 20:00:00,-188.5324800927895,4.043078679887911,2473.3627,2515.046895,SHORT,stop_loss,-1.8853248009278951,1.0,20.0
2022-01-28 20:00:00,2022-01-28 21:00:00,-118.84424985516601,3.9800470609122582,2512.533105,2537.3680499999996,SHORT,stop_loss,-1.1884424985516602,1.0,20.0
2022-01-29 03:00:00,2022-01-29 08:00:00,-99.10204240747197,3.9396753366740667,2538.280225,2558.3585399999997,SHORT,stop_loss,-0.9910204240747197,1.0,20.0
2022-01-29 12:00:00,2022-01-29 20:00:00,-150.34381797489712,3.8849701594179438,2574.022345,2607.5731349999996,SHORT,stop_loss,-1.503438179748971,1.0,19.999999999999996
2022-01-30 00:00:00,2022-01-30 05:00:00,117.10688686205566,3.894561447455823,2567.6832,2602.887905,LONG,signal_reverse,1.1710688686205566,1.0,20.0
2022-01-30 05:00:00,2022-01-30 14:00:00,-27.81403223739586,3.8418865371768667,2602.887905,2604.92181,SHORT,signal_reverse,-0.2781403223739586,1.0,20.0
2022-01-30 14:00:00,2022-01-30 19:00:00,-192.1068741022966,3.838886818641209,2604.92181,2560.089315,LONG,stop_loss,-1.921068741022966,1.0,20.0
2022-01-30 19:00:00,2022-01-30 23:00:00,145.67263829014635,3.9022095592400254,2562.650685,2605.106795,LONG,signal_reverse,1.4567263829014636,1.0,20.0
2022-01-30 23:00:00,2022-01-31 00:00:00,213.63844475327986,3.8386142246425643,2605.1067949999997,2544.2414849999996,SHORT,signal_reverse,2.1363844475327984,1.0,20.0
2022-01-31 00:00:00,2022-01-31 02:00:00,-148.75293164241558,3.9304445191058583,2544.241485,2511.4836299999997,LONG,stop_loss,-1.4875293164241556,1.0,20.0
2022-01-31 09:00:00,2022-01-31 14:00:00,-207.17079431540708,3.9341758095437167,2541.82845,2589.404055,SHORT,stop_loss,-2.071707943154071,1.0,20.0
2022-02-01 11:00:00,2022-02-01 13:00:00,-125.29874453460694,3.6173991254792917,2764.4171,2793.526065,SHORT,stop_loss,-1.2529874453460694,1.0,20.0
2022-02-01 16:00:00,2022-02-02 01:00:00,136.26134018027938,3.5684614785484428,2802.328135,2758.53858,SHORT,signal_reverse,1.3626134018027938,1.0,20.0
2022-02-02 01:00:00,2022-02-02 09:00:00,40.659256757613214,3.6251079004303794,2758.53858,2775.27167,LONG,signal_reverse,0.40659256757613216,1.0,20.0
2022-02-02 09:00:00,2022-02-02 14:00:00,284.7521290050855,3.6032508485916988,2775.2716699999996,2690.6946749999997,SHORT,signal_reverse,2.847521290050855,1.0,20.0
2022-02-02 14:00:00,2022-02-02 16:00:00,-98.08461210857986,3.7165123538217877,2690.6946749999997,2669.68449,LONG,stop_loss,-0.9808461210857986,1.0,19.999999999999996
2022-02-02 21:00:00,2022-02-03 10:00:00,-255.43240310324313,3.761677379792186,2658.3885299999997,2595.80145,LONG,stop_loss,-2.554324031032431,1.0,20.0
2022-02-03 19:00:00,2022-02-03 21:00:00,191.19598253644466,3.8427094261698724,2602.330515,2657.29069,LONG,signal_reverse,1.9119598253644465,1.0,19.999999999999996
2022-02-03 21:00:00,2022-02-03 23:00:00,-173.45581179152043,3.763231488987003,2657.29069,2698.0683599999998,SHORT,stop_loss,-1.7345581179152043,1.0,20.0
2022-02-04 13:00:00,2022-02-04 14:00:00,168.837589584724,3.6038416324733724,2774.816715,2827.215685,LONG,signal_reverse,1.6883758958472397,1.0,20.0
2022-02-04 14:00:00,2022-02-04 15:00:00,-187.09310595098748,3.537048854481012,2827.215685,2874.45651,SHORT,stop_loss,-1.8709310595098747,1.0,20.0
2022-02-05 08:00:00,2022-02-05 15:00:00,-179.1950244426216,3.3255009859337243,3007.065715,3054.9367049999996,SHORT,stop_loss,-1.7919502444262159,1.0,20.0
2022-02-06 00:00:00,2022-02-06 03:00:00,23.517894883239194,3.304271112404843,3026.38605,3013.215855,SHORT,signal_reverse,0.23517894883239193,1.0,20.0
2022-02-06 03:00:00,2022-02-06 14:00:00,-140.55241558524054,3.318713454731905,3013.215855,2976.8908100000003,LONG,stop_loss,-1.4055241558524054,1.0,20.0
2022-02-06 14:00:00,2022-02-06 23:00:00,239.6470518224334,3.355852006376159,2979.86919,3057.240615,LONG,signal_reverse,2.396470518224334,1.0,20.0
2022-02-06 23:00:00,2022-02-07 05:00:00,-145.23180155383247,3.270923443492196,3057.240615,3095.52699,SHORT,stop_loss,-1.4523180155383248,1.0,20.0
2022-02-07 13:00:00,2022-02-07 16:00:00,-166.80464917157147,3.2354775444819435,3090.7338600000003,3136.10727,SHORT,stop_loss,-1.6680464917157147,1.0,20.0
2022-02-08 00:00:00,2022-02-08 01:00:00,41.24208793935199,3.1917925123825635,3133.035735,3152.2231,LONG,signal_reverse,0.41242087939351985,1.0,20.000000000000004
2022-02-08 01:00:00,2022-02-08 06:00:00,-131.38098061650385,3.1723642910934826,3152.2231,3187.3328699999997,SHORT,stop_loss,-1.3138098061650385,1.0,20.0
2022-02-08 08:00:00,2022-02-08 12:00:00,-164.02365274423582,3.2164955167793936,3108.97371,3064.1971350000003,LONG,stop_loss,-1.6402365274423583,1.0,20.0
2022-02-08 14:00:00,2022-02-08 17:00:00,-98.759581853008,3.251369510570811,3075.627045,3051.403535,LONG,stop_loss,-0.9875958185300799,1.0,20.0
2022-02-08 20:00:00,2022-02-09 02:00:00,108.3811284055769,3.2069782615491658,3118.2001200000004,3078.168315,SHORT,signal_reverse,1.083811284055769,1.0,20.000000000000004
2022-02-09 02:00:00,2022-02-09 07:00:00,72.54718093607703,3.248685249363955,3078.168315,3106.6558950000003,LONG,signal_reverse,0.7254718093607703,1.0,20.0
2022-02-09 07:00:00,2022-02-09 11:00:00,-190.1607026548404,3.218895280965773,3106.655895,3159.51897,SHORT,stop_loss,-1.901607026548404,1.0,20.0
2022-02-10 02:00:00,2022-02-10 09:00:00,58.01728343395444,3.132561867298076,3192.2753399999997,3217.180605,LONG,signal_reverse,0.5801728343395444,1.0,20.0
2022-02-10 09:00:00,2022-02-10 10:00:00,-125.88216572939236,3.108311664088252,3217.180605,3251.2448099999997,SHORT,stop_loss,-1.2588216572939235,1.0,20.0
2022-02-10 13:00:00,2022-02-10 23:00:00,-202.81245640255656,3.19541500382063,3129.48396,3072.273095,LONG,stop_loss,-2.028124564025566,1.0,20.0
2022-02-11 04:00:00,2022-02-11 10:00:00,88.9677076147716,3.254640996011275,3072.5355,3106.0162150000006,LONG,signal_reverse,0.889677076147716,1.0,20.0
2022-02-11 10:00:00,2022-02-11 17:00:00,65.18051152543696,3.2195582082626055,3106.016215,3079.55901,SHORT,signal_reverse,0.6518051152543696,1.0,20.0
2022-02-11 17:00:00,2022-02-11 18:00:00,-268.1242760793851,3.2472181788132057,3079.55901,3003.147675,LONG,stop_loss,-2.6812427607938507,1.0,19.999999999999996
2022-02-12 03:00:00,2022-02-12 06:00:00,-116.85573908082212,3.4026698776981767,2938.8687,2910.4040700000005,LONG,stop_loss,-1.1685573908082212,1.0,20.0
2022-02-12 10:00:00,2022-02-12 14:00:00,-71.82864818170498,3.433517060659573,2912.465505,2897.3705900000004,LONG,stop_loss,-0.7182864818170498,1.0,20.0
2022-02-12 16:00:00,2022-02-12 18:00:00,-165.1453569494391,3.409207926278879,2933.23265,2975.80716,SHORT,stop_loss,-1.6514535694943913,1.0,20.0
2022-02-12 20:00:00,2022-02-12 21:00:00,267.80418356168025,3.3717756670252297,2965.7963600000003,2880.4395,SHORT,signal_reverse,2.6780418356168028,1.0,20.0
2022-02-12 21:00:00,2022-02-13 12:00:00,166.36984043580907,3.471692427492402,2880.4395,2934.122205,LONG,signal_reverse,1.6636984043580907,1.0,20.0
2022-02-13 12:00:00,2022-02-13 15:00:00,16.40344284842105,3.4081743367604553,2934.122205,2923.44099,SHORT,signal_reverse,0.1640344284842105,1.0,20.0
2022-02-13 15:00:00,2022-02-13 16:00:00,-137.04127128627238,3.4206265952370054,2923.44099,2889.224665,LONG,stop_loss,-1.370412712862724,1.0,20.0
2022-02-14 01:00:00,2022-02-14 07:00:00,124.06643687852748,3.519144032684768,2841.60009,2882.53801,LONG,signal_reverse,1.240664368785275,1.0,20.0
2022-02-14 07:00:00,2022-02-14 12:00:00,-188.00035188434313,3.4691650085127583,2882.53801,2930.9647499999996,SHORT,stop_loss,-1.8800035188434312,1.0,20.0
2022-02-14 12:00:00,2022-02-14 19:00:00,137.9730981722297,3.415259430363757,2928.03525,2881.78017,SHORT,signal_reverse,1.379730981722297,1.0,20.0
2022-02-14 19:00:00,2022-02-14 22:00:00,174.5331416448746,3.470077316827397,2881.78017,2937.840345,LONG,signal_reverse,1.745331416448746,1.0,20.0
2022-02-14 22:00:00,2022-02-15 01:00:00,-311.4407181646879,3.4038609405781033,2937.840345,3023.4609749999995,SHORT,stop_loss,-3.114407181646879,1.0,20.0
2022-02-15 01:00:00,2022-02-15 08:00:00,-222.78856647337986,3.310776982164042,3020.4390249999997,3081.690075,SHORT,stop_loss,-2.2278856647337983,1.0,20.0
2022-02-15 18:00:00,2022-02-15 23:00:00,-239.99276568166792,3.207255833886509,3117.9302549999998,3186.5224649999996,SHORT,stop_loss,-2.399927656816679,1.0,20.0
2022-02-16 02:00:00,2022-02-16 12:00:00,92.27938979152374,3.1696908882896113,3154.88177,3119.4589499999997,SHORT,signal_reverse,0.9227938979152374,1.0,20.000000000000004
2022-02-16 12:00:00,2022-02-16 13:00:00,-167.77049718830216,3.2056841139069965,3119.45895,3073.3625500000003,LONG,stop_loss,-1.6777049718830217,1.0,20.0
2022-02-16 19:00:00,2022-02-17 03:00:00,238.3014150423798,3.1560825159225585,3168.484965,3086.6425499999996,SHORT,signal_reverse,2.383014150423798,1.0,20.0
2022-02-17 03:00:00,2022-02-17 08:00:00,-90.7102446961348,3.239766133593927,3086.64255,3064.816825,LONG,stop_loss,-0.9071024469613479,1.0,20.0
2022-02-17 08:00:00,2022-02-17 13:00:00,-263.94815816283426,3.259576531951873,3067.883175,2993.04273,LONG,stop_loss,-2.639481581628343,1.0,20.0
2022-02-17 13:00:00,2022-02-17 17:00:00,-168.34196304907596,3.3377421903700153,2996.03727,2951.5934650000004,LONG,stop_loss,-1.6834196304907594,1.0,20.0
2022-02-18 02:00:00,2022-02-18 08:00:00,87.78515446843632,3.438549066397394,2908.203375,2939.5494900000003,LONG,signal_reverse,0.8778515446843632,1.0,20.0
2022-02-18 08:00:00,2022-02-18 11:00:00,179.7578037034511,3.4018818305385974,2939.54949,2880.829695,SHORT,signal_reverse,1.797578037034511,1.0,20.0
2022-02-18 11:00:00,2022-02-18 14:00:00,-125.99569649326297,3.4712222028799937,2880.829695,2850.29414,LONG,stop_loss,-1.2599569649326297,1.0,20.0
2022-02-18 14:00:00,2022-02-18 15:00:00,-207.56971296237637,3.504903180799877,2853.1458599999996,2799.6294850000004,LONG,stop_loss,-2.0756971296237636,1.0,20.0
2022-02-19 01:00:00,2022-02-19 08:00:00,102.52450301916413,3.546540130748948,2819.64947,2785.101855,SHORT,signal_reverse,1.0252450301916414,1.0,20.000000000000004
2022-02-19 08:00:00,2022-02-19 11:00:00,-248.62090262763414,3.5905329573664733,2785.101855,2721.428605,LONG,stop_loss,-2.4862090262763417,1.0,20.0
2022-02-19 23:00:00,2022-02-20 00:00:00,93.33982999815944,3.6174645218297474,2764.367125,2733.035835,SHORT,signal_reverse,0.9333982999815945,1.0,20.0
2022-02-20 00:00:00,2022-02-20 04:00:00,-208.38860193723104,3.6589348269559006,2733.035835,2681.548555,LONG,stop_loss,-2.0838860193723105,1.0,20.0
2022-02-20 12:00:00,2022-02-20 18:00:00,112.4388467415039,3.8072429011795497,2626.57263,2661.358655,LONG,signal_reverse,1.1243884674150388,1.0,20.0
2022-02-20 18:00:00,2022-02-20 20:00:00,109.99349011078857,3.7574792789437095,2661.358655,2626.7627249999996,SHORT,signal_reverse,1.0999349011078856,1.0,20.0
2022-02-20 20:00:00,2022-02-20 21:00:00,-131.85656291053004,3.8069673765452117,2626.7627249999996,2597.38066,LONG,stop_loss,-1.3185656291053005,1.0,20.0
2022-02-21 00:00:00,2022-02-21 01:00:00,-198.20100550539436,3.7466446853270967,2669.0548049999998,2716.61763,SHORT,stop_loss,-1.9820100550539437,1.0,20.0
2022-02-21 10:00:00,2022-02-21 11:00:00,-237.14461113124068,3.7269058667526616,2683.190925,2624.92688,LONG,stop_loss,-2.371446111312407,1.0,20.0
2022-02-21 14:00:00,2022-02-21 15:00:00,-114.81829818838081,3.700170677957871,2702.578035,2728.20342,SHORT,stop_loss,-1.148182981883808,1.0,20.000000000000004
2022-02-21 18:00:00,2022-02-21 21:00:00,-249.30606828031515,3.7857276771851254,2641.50009,2580.92889,LONG,stop_loss,-2.4930606828031516,1.0,20.0
2022-02-21 21:00:00,2022-02-22 03:00:00,-285.75912421758306,3.8707013727531447,2583.51111,2514.8519450000003,LONG,stop_loss,-2.8575912421758303,1.0,20.0
2022-02-22 10:00:00,2022-02-22 14:00:00,-222.97350483258998,3.8520484581224586,2596.0213400000002,2648.713695,SHORT,stop_loss,-2.2297350483259,1.0,20.0
2022-02-22 19:00:00,2022-02-23 06:00:00,-137.97496442912268,3.7985217854948616,2632.60304,2663.661165,SHORT,stop_loss,-1.3797496442912267,1.0,20.0
2022-02-23 15:00:00,2022-02-23 18:00:00,-181.40369636875417,3.7128538256874535,2693.346,2649.8744,LONG,stop_loss,-1.8140369636875417,1.0,20.0
2022-02-24 12:00:00,2022-02-24 14:00:00,263.5309802039195,4.219437056210158,2369.9844000000003,2437.1808,LONG,signal_reverse,2.635309802039195,1.0,20.0
2022-02-24 14:00:00,2022-02-24 15:00:00,-111.28703131092999,4.1031014194761415,2437.1808,2459.4291,SHORT,stop_loss,-1.1128703131092998,1.0,19.999999999999996
2022-02-24 18:00:00,2022-02-24 19:00:00,-315.0880428337676,3.9608085911522664,2524.737,2599.23897,SHORT,stop_loss,-3.150880428337676,1.0,20.0
2022-02-24 23:00:00,2022-02-25 01:00:00,-154.31678340612433,3.847929887793018,2598.79995,2633.7061949999998,SHORT,stop_loss,-1.5431678340612434,1.0,20.0
2022-02-25 01:00:00,2022-02-25 12:00:00,-310.5250124672946,3.8007295656231124,2631.073805,2707.5130799999997,SHORT,stop_loss,-3.105250124672946,1.0,20.0
2022-02-25 20:00:00,2022-02-25 22:00:00,-330.5262706694351,3.6896091711936276,2710.3141650000002,2794.4765399999997,SHORT,stop_loss,-3.3052627066943514,1.0,20.0
2022-02-26 08:00:00,2022-02-26 09:00:00,-55.51114569988096,3.626265291897276,2757.65814,2747.8653799999997,LONG,stop_loss,-0.5551114569988096,1.0,20.0
2022-02-26 14:00:00,2022-02-26 19:00:00,-126.10812613122135,3.5935314658410316,2782.777915,2812.30545,SHORT,stop_loss,-1.2610812613122135,1.0,20.0
2022-02-26 23:00:00,2022-02-27 01:00:00,-370.2148959705708,3.596683099282328,2780.3394749999998,2682.967845,LONG,stop_loss,-3.702148959705708,1.0,20.0
2022-02-27 09:00:00,2022-02-27 10:00:00,-192.4755173358582,3.6118621035258065,2768.65498,2816.4075,SHORT,stop_loss,-1.924755173358582,1.0,19.999999999999996
2022-02-27 15:00:00,2022-02-27 18:00:00,228.79709160863257,3.5585741880728667,2810.11424,2740.1994149999996,SHORT,signal_reverse,2.287970916086326,1.0,20.0
2022-02-27 18:00:00,2022-02-27 19:00:00,-507.7868897727639,3.64936943831878,2740.199415,2606.5360800000003,LONG,stop_loss,-5.077868897727639,1.0,20.0
2022-02-28 02:00:00,2022-02-28 06:00:00,-49.80733437991739,3.8266878383528686,2613.22596,2605.43663,LONG,stop_loss,-0.49807334379917395,1.0,20.0
2022-02-28 14:00:00,2022-02-28 15:00:00,-235.12760969652734,3.6267485785725095,2757.290665,2816.6076,SHORT,stop_loss,-2.3512760969652735,1.0,20.0
2022-03-01 12:00:00,2022-03-01 13:00:00,-266.2827081484145,3.3882299258858755,2951.393565,3024.081285,SHORT,stop_loss,-2.662827081484145,1.0,20.0
2022-03-01 16:00:00,2022-03-01 20:00:00,198.07083551360742,3.4364446984389447,2909.984265,2973.442535,LONG,signal_reverse,1.9807083551360742,1.0,20.0
2022-03-01 20:00:00,2022-03-02 01:00:00,106.16791667709126,3.363105182727199,2973.4425349999997,2935.92723,SHORT,signal_reverse,1.0616791667709127,1.0,20.0
2022-03-02 01:00:00,2022-03-02 03:00:00,258.2535076661285,3.406078971514563,2935.9272300000002,3017.6204350000003,LONG,signal_reverse,2.5825350766612845,1.0,20.0
2022-03-02 03:00:00,2022-03-02 13:00:00,214.51506418500279,3.313869393252568,3017.6204350000003,2946.85269,SHORT,signal_reverse,2.145150641850028,1.0,20.0
2022-03-02 13:00:00,2022-03-02 14:00:00,200.0676851614182,3.3934509295067614,2946.85269,3011.703395,LONG,signal_reverse,2.000676851614182,1.0,20.0
2022-03-02 14:00:00,2022-03-02 17:00:00,180.77845348379677,3.3203800934055794,3011.703395,2951.23488,SHORT,signal_reverse,1.8077845348379677,1.0,20.0
2022-03-02 17:00:00,2022-03-03 03:00:00,-208.88144206265338,3.3884121076801583,2951.2348800000004,2895.4915300000002,LONG,stop_loss,-2.0888144206265338,1.0,20.0
2022-03-03 07:00:00,2022-03-03 13:00:00,48.80337200210199,3.4381942170759445,2908.503525,2928.51501,LONG,signal_reverse,0.48803372002101986,1.0,20.0
2022-03-03 13:00:00,2022-03-03 14:00:00,109.21359416218314,3.4146999301191903,2928.51501,2890.674615,SHORT,signal_reverse,1.0921359416218313,1.0,20.0
2022-03-03 14:00:00,2022-03-03 15:00:00,-239.3915208267042,3.4594000819424635,2890.674615,2827.255665,LONG,stop_loss,-2.393915208267042,1.0,19.999999999999996
2022-03-04 00:00:00,2022-03-04 01:00:00,-38.07058327663818,3.6559369177297807,2735.276955,2730.33415,LONG,stop_loss,-0.3807058327663818,1.0,20.0
2022-03-04 09:00:00,2022-03-04 14:00:00,-129.72390056948188,3.658921432506965,2733.0458399999998,2703.057795,LONG,stop_loss,-1.2972390056948189,1.0,20.000000000000004
2022-03-05 07:00:00,2022-03-05 16:00:00,-121.09026790487707,3.7933227304525916,2636.211235,2662.860765,SHORT,stop_loss,-1.2109026790487707,1.0,20.0
2022-03-05 16:00:00,2022-03-06 03:00:00,62.477901321553766,3.7591169369688204,2660.199235,2638.2584699999998,SHORT,signal_reverse,0.6247790132155376,1.0,20.0
2022-03-06 03:00:00,2022-03-06 10:00:00,-169.10813495843752,3.790379189041322,2638.25847,2598.91989,LONG,stop_loss,-1.6910813495843753,1.0,20.0
2022-03-06 13:00:00,2022-03-06 19:00:00,87.62142282987129,3.7912815707954395,2637.630525,2609.24397,SHORT,signal_reverse,0.8762142282987129,1.0,20.0
2022-03-06 19:00:00,2022-03-06 23:00:00,-250.44669525479378,3.832527780068032,2609.24397,2549.114805,LONG,stop_loss,-2.5044669525479377,1.0,20.0
2022-03-06 23:00:00,2022-03-07 02:00:00,-147.62401220901424,3.919009445124324,2551.665195,2519.0998200000004,LONG,stop_loss,-1.4762401220901424,1.0,20.0
2022-03-07 10:00:00,2022-03-07 12:00:00,123.92168200849058,3.963801321696651,2522.830785,2559.13979,LONG,signal_reverse,1.2392168200849059,1.0,20.0
2022-03-07 12:00:00,2022-03-07 13:00:00,-270.08842912797576,3.9075630174934677,2559.13979,2623.140915,SHORT,stop_loss,-2.7008842912797575,1.0,20.0
2022-03-07 18:00:00,2022-03-07 19:00:00,-278.6373444269742,3.961884460755998,2524.051395,2458.77,LONG,stop_loss,-2.786373444269742,1.0,20.0
2022-03-07 23:00:00,2022-03-08 02:00:00,186.99521038234008,4.0092107527649805,2494.2565050000003,2545.88642,LONG,signal_reverse,1.8699521038234006,1.0,20.0
2022-03-08 02:00:00,2022-03-08 08:00:00,-118.19126180813674,3.927905000569507,2545.88642,2570.8848,SHORT,stop_loss,-1.1819126180813675,1.0,20.0
2022-03-08 08:00:00,2022-03-08 10:00:00,-139.74264295908725,3.8936030904617938,2568.3152,2599.0688849999997,SHORT,stop_loss,-1.3974264295908725,1.0,20.0
2022-03-08 13:00:00,2022-03-08 16:00:00,154.52868997919632,3.866697520850644,2586.18626,2541.0498900000002,SHORT,signal_reverse,1.545286899791963,1.0,20.0
2022-03-08 16:00:00,2022-03-08 17:00:00,182.17332293306384,3.9353812136289847,2541.0498900000002,2592.42314,LONG,signal_reverse,1.8217332293306385,1.0,20.0
2022-03-08 17:00:00,2022-03-09 02:00:00,-136.05921709215934,3.857394977580705,2592.42314,2622.5105999999996,SHORT,stop_loss,-1.3605921709215933,1.0,20.0
2022-03-09 14:00:00,2022-03-09 18:00:00,71.53703214098273,3.6533941323878056,2737.180725,2712.125385,SHORT,signal_reverse,0.7153703214098273,1.0,20.0
2022-03-09 18:00:00,2022-03-10 01:00:00,-201.69320368645077,3.687145164934917,2712.125385,2662.84791,LONG,stop_loss,-2.0169320368645076,1.0,20.0
2022-03-10 01:00:00,2022-03-10 04:00:00,-259.5921040448166,3.7516243267161475,2665.5120899999997,2601.648525,LONG,stop_loss,-2.5959210404481663,1.0,20.0
2022-03-10 19:00:00,2022-03-11 00:00:00,59.715409727002395,3.8241183130503975,2614.981855,2594.13642,SHORT,signal_reverse,0.597154097270024,1.0,20.0
2022-03-11 00:00:00,2022-03-11 02:00:00,-281.6292052983079,3.8548473869388866,2594.1364200000003,2526.2662350000005,LONG,stop_loss,-2.816292052983079,1.0,20.0
2022-03-11 07:00:00,2022-03-11 11:00:00,-210.39381830248615,3.8377749354619617,2605.6765100000002,2655.28698,SHORT,stop_loss,-2.1039381830248614,1.0,20.0
2022-03-11 15:00:00,2022-03-11 20:00:00,-230.78589792349794,3.8722309386140656,2582.4905999999996,2528.0553400000003,LONG,stop_loss,-2.3078589792349793,1.0,20.0
2022-03-12 01:00:00,2022-03-12 14:00:00,34.20630187185722,3.8638901123252944,2588.06532,2574.0363749999997,SHORT,signal_reverse,0.3420630187185722,1.0,20.0
2022-03-12 14:00:00,2022-03-12 16:00:00,59.19765702611716,3.8849489840639877,2574.036375,2594.42214,LONG,signal_reverse,0.5919765702611717,1.0,20.0
2022-03-12 16:00:00,2022-03-12 23:00:00,77.16296593121025,3.854422858108974,2594.4221399999997,2569.213965,SHORT,signal_reverse,0.7716296593121025,1.0,20.0
2022-03-12 23:00:00,2022-03-13 02:00:00,62.39950151446475,3.892241026332737,2569.213965,2590.38416,LONG,signal_reverse,0.6239950151446475,1.0,20.0
2022-03-13 02:00:00,2022-03-13 11:00:00,39.671998611973954,3.8604312651448582,2590.3841599999996,2574.9268199999997,SHORT,signal_reverse,0.3967199861197396,1.0,20.0
2022-03-13 11:00:00,2022-03-13 12:00:00,-147.1824299845536,3.8836055154375226,2574.9268199999997,2542.1782749999998,LONG,stop_loss,-1.471824299845536,1.0,20.0
2022-03-13 16:00:00,2022-03-13 19:00:00,48.48357127457781,3.872129768078884,2582.558075,2564.871795,SHORT,signal_reverse,0.48483571274577814,1.0,20.0
2022-03-13 19:00:00,2022-03-13 22:00:00,-246.34983203906995,3.8988303506998485,2564.871795,2506.8159650000002,LONG,stop_loss,-2.4634983203906993,1.0,20.0
2022-03-13 22:00:00,2022-03-14 04:00:00,221.54056692004622,3.9851369773374046,2509.324035,2569.93439,LONG,signal_reverse,2.2154056692004622,1.0,20.0
2022-03-14 04:00:00,2022-03-14 09:00:00,-129.2789376619054,3.8911499215355456,2569.93439,2598.0183599999996,SHORT,stop_loss,-1.2927893766190537,1.0,20.0
2022-03-14 14:00:00,2022-03-14 16:00:00,70.30635153341943,3.8681027555153316,2585.24673,2561.9003099999995,SHORT,signal_reverse,0.7030635153341944,1.0,20.0
2022-03-14 16:00:00,2022-03-14 18:00:00,-151.13349832101653,3.9033525078889584,2561.90031,2528.3052150000003,LONG,stop_loss,-1.5113349832101652,1.0,20.0
2022-03-14 22:00:00,2022-03-15 01:00:00,68.25410109996872,3.8925881332508356,2568.984865,2546.31252,SHORT,signal_reverse,0.6825410109996872,1.0,20.0
2022-03-15 01:00:00,2022-03-15 12:00:00,-12.605994019933242,3.927247704849678,2546.31252,2548.195265,LONG,signal_reverse,-0.12605994019933242,1.0,20.0
2022-03-15 12:00:00,2022-03-15 15:00:00,-122.0376670388325,3.924346041040148,2548.195265,2574.196455,SHORT,stop_loss,-1.220376670388325,1.0,20.0
2022-03-16 01:00:00,2022-03-16 02:00:00,-211.11167425569246,3.7837826854641614,2642.8579099999997,2693.3660099999997,SHORT,stop_loss,-2.111116742556925,1.0,20.0
2022-03-16 08:00:00,2022-03-16 14:00:00,-162.36981810771138,3.7393630942149674,2674.2522050000002,2712.325485,SHORT,stop_loss,-1.6236981810771138,1.0,20.0
2022-03-16 17:00:00,2022-03-16 19:00:00,-210.95932090223948,3.6994045092607575,2703.1377549999997,2754.75669,SHORT,stop_loss,-2.1095932090223948,1.0,20.0
2022-03-16 19:00:00,2022-03-17 12:00:00,-225.12408104625368,3.6337165597377132,2752.00331,2808.453525,SHORT,stop_loss,-2.2512408104625368,1.0,20.0
2022-03-17 17:00:00,2022-03-18 00:00:00,86.3933062751603,3.5632508026663383,2806.426085,2776.5675899999997,SHORT,signal_reverse,0.863933062751603,1.0,20.0
2022-03-18 00:00:00,2022-03-18 12:00:00,86.06152757117063,3.6015690869603505,2776.5675899999997,2806.01629,LONG,signal_reverse,0.8606152757117063,1.0,20.0
2022-03-18 12:00:00,2022-03-18 14:00:00,-165.88823003589894,3.563771185376832,2806.01629,2846.952765,SHORT,stop_loss,-1.6588823003589894,1.0,20.0
2022-03-18 23:00:00,2022-03-19 07:00:00,22.5824970018438,3.4020206403654067,2939.4295500000003,2926.9127249999997,SHORT,signal_reverse,0.22582497001843801,1.0,20.0
2022-03-19 07:00:00,2022-03-19 12:00:00,130.87909736017374,3.4165692453299923,2926.9127249999997,2971.0737200000003,LONG,signal_reverse,1.3087909736017374,1.0,20.0
2022-03-19 12:00:00,2022-03-19 22:00:00,93.71582526737123,3.36578656149939,2971.07372,2937.28791,SHORT,signal_reverse,0.9371582526737122,1.0,20.000000000000004
2022-03-19 22:00:00,2022-03-20 11:00:00,-192.3765648836248,3.4045011270277556,2937.28791,2886.65595,LONG,stop_loss,-1.9237656488362482,1.0,20.000000000000004
2022-03-21 02:00:00,2022-03-21 05:00:00,56.13087573199128,3.5127991321685954,2846.732655,2868.4050800000005,LONG,signal_reverse,0.5613087573199128,1.0,20.0
2022-03-21 05:00:00,2022-03-21 09:00:00,-190.2786518562433,3.486257945129563,2868.40508,2917.247895,SHORT,stop_loss,-1.902786518562433,1.0,20.0
2022-03-21 23:00:00,2022-03-22 02:00:00,223.78291837144997,3.4568396638101055,2892.815685,2963.3375900000005,LONG,signal_reverse,2.2378291837144997,1.0,20.0
2022-03-22 02:00:00,2022-03-22 03:00:00,-173.29350308683468,3.374573330337297,2963.33759,3008.76363,SHORT,stop_loss,-1.7329350308683469,1.0,20.0
2022-03-22 07:00:00,2022-03-22 19:00:00,-9.311915578472012,3.341315920840598,2992.8328349999997,2989.6340699999996,SHORT,signal_reverse,-0.09311915578472012,1.0,20.000000000000004
2022-03-22 19:00:00,2022-03-22 21:00:00,65.62104726080976,3.34489096854586,2989.63407,3015.2316299999998,LONG,signal_reverse,0.6562104726080976,1.0,20.000000000000004
2022-03-22 21:00:00,2022-03-22 23:00:00,122.39776663526153,3.316494792806349,3015.2316299999998,2972.295405,SHORT,signal_reverse,1.2239776663526154,1.0,20.0
2022-03-22 23:00:00,2022-03-23 01:00:00,-68.73354773429652,3.3644031421567266,2972.295405,2957.810355,LONG,stop_loss,-0.6873354773429653,1.0,20.0
2022-03-23 03:00:00,2022-03-23 14:00:00,154.22357266401954,3.3886878199675285,2950.99476,3002.408045,LONG,signal_reverse,1.5422357266401954,1.0,20.0
2022-03-23 14:00:00,2022-03-23 18:00:00,131.31286060752498,3.3306598737148003,3002.4080449999997,2956.97775,SHORT,signal_reverse,1.3131286060752498,1.0,20.0
2022-03-23 18:00:00,2022-03-23 21:00:00,117.64953084276648,3.381831330993275,2956.97775,2997.68041,LONG,signal_reverse,1.1764953084276648,1.0,20.0
2022-03-23 21:00:00,2022-03-24 00:00:00,-200.32174083560767,3.3359126498745075,2997.68041,3051.7351049999997,SHORT,stop_loss,-2.0032174083560768,1.0,20.0
2022-03-24 05:00:00,2022-03-24 12:00:00,82.30240273503173,3.2822011577918633,3046.7358700000004,3015.5670299999997,SHORT,signal_reverse,0.8230240273503173,1.0,20.000000000000004
2022-03-24 12:00:00,2022-03-24 14:00:00,187.99754864013062,3.3161259227588777,3015.56703,3078.290085,LONG,signal_reverse,1.879975486401306,1.0,19.999999999999996
2022-03-24 14:00:00,2022-03-24 15:00:00,-151.0417435853832,3.2485567389273515,3078.290085,3118.628535,SHORT,stop_loss,-1.5104174358538318,1.0,20.0
2022-03-25 01:00:00,2022-03-25 11:00:00,-169.96320052419435,3.2003718576068794,3124.6369,3171.4949549999997,SHORT,stop_loss,-1.6996320052419436,1.0,20.0
2022-03-25 15:00:00,2022-03-25 17:00:00,-88.78909154470453,3.200408095557733,3124.60152,3103.10767,LONG,stop_loss,-0.8878909154470452,1.0,19.999999999999996
2022-03-25 22:00:00,2022-03-26 05:00:00,56.10767365553612,3.2240175534730757,3101.720085,3125.326555,LONG,signal_reverse,0.5610767365553612,1.0,20.0
2022-03-26 05:00:00,2022-03-26 13:00:00,9.338550191918259,3.199665642619544,3125.326555,3116.1573,SHORT,signal_reverse,0.09338550191918257,1.0,20.0
2022-03-26 13:00:00,2022-03-26 20:00:00,67.4481207992939,3.2090806199032382,3116.1573,3143.40751,LONG,signal_reverse,0.6744812079929391,1.0,20.0
2022-03-26 20:00:00,2022-03-27 12:00:00,20.570511330235167,3.181261089498383,3143.40751,3130.654545,SHORT,signal_reverse,0.20570511330235164,1.0,20.0
2022-03-27 12:00:00,2022-03-27 15:00:00,103.87168383664563,3.1942202041969465,3130.6545450000003,3169.43449,LONG,signal_reverse,1.0387168383664562,1.0,20.0
2022-03-27 15:00:00,2022-03-27 20:00:00,-245.26136831431972,3.1551369910157065,3169.43449,3240.829605,SHORT,stop_loss,-2.452613683143197,1.0,20.0
2022-03-28 17:00:00,2022-03-28 23:00:00,141.56469901125402,2.952547512616014,3386.9057,3332.1852599999997,SHORT,signal_reverse,1.4156469901125401,1.0,20.0
2022-03-28 23:00:00,2022-03-29 05:00:00,198.74939210312792,3.001033622002157,3332.18526,3405.0766100000005,LONG,signal_reverse,1.9874939210312792,1.0,20.0
2022-03-29 05:00:00,2022-03-29 11:00:00,-204.4788743240633,2.9367914867560057,3405.07661,3467.89308,SHORT,stop_loss,-2.044788743240633,1.0,20.0
2022-03-29 14:00:00,2022-03-29 15:00:00,98.20561779437429,2.9005556139002318,3447.61533,3406.8625799999995,SHORT,signal_reverse,0.982056177943743,1.0,20.0
2022-03-29 15:00:00,2022-03-29 22:00:00,-83.7419311465138,2.935251940804727,3406.86258,3385.1465800000005,LONG,stop_loss,-0.837419311465138,1.0,20.0
2022-03-30 00:00:00,2022-03-30 05:00:00,60.44965775695886,2.9620263570642975,3376.06719,3403.227535,LONG,signal_reverse,0.6044965775695885,1.0,20.0
2022-03-30 05:00:00,2022-03-30 13:00:00,71.7434249661471,2.938387133142421,3403.227535,3372.00516,SHORT,signal_reverse,0.7174342496614711,1.0,19.999999999999996
2022-03-30 13:00:00,2022-03-30 17:00:00,172.27598097744306,2.9655945129099384,3372.00516,3436.84072,LONG,signal_reverse,1.7227598097744306,1.0,20.0
2022-03-30 17:00:00,2022-03-31 13:00:00,136.45191145198064,2.9096489522505427,3436.84072,3383.07069,SHORT,signal_reverse,1.3645191145198063,1.0,20.000000000000004
2022-03-31 13:00:00,2022-03-31 16:00:00,-354.89218932046566,2.955894486496822,3383.07069,3269.774295,LONG,stop_loss,-3.548921893204657,1.0,20.0
2022-04-01 01:00:00,2022-04-01 10:00:00,54.31944517438508,3.067513672222857,3259.9691700000003,3284.1970800000004,LONG,signal_reverse,0.5431944517438508,1.0,20.0
2022-04-01 10:00:00,2022-04-01 13:00:00,-228.6307195669249,3.044884261330626,3284.1970800000004,3352.7155199999997,SHORT,stop_loss,-2.286307195669249,1.0,20.0
2022-04-02 04:00:00,2022-04-02 12:00:00,-113.11294476096016,2.8752651109442895,3477.9401599999997,3510.324285,SHORT,stop_loss,-1.1311294476096017,1.0,19.999999999999996
2022-04-02 12:00:00,2022-04-02 15:00:00,101.03400477661097,2.8515898218506757,3506.815715,3464.3713199999997,SHORT,signal_reverse,1.0103400477661098,1.0,20.0
2022-04-02 15:00:00,2022-04-03 04:00:00,11.377092684165707,2.8865266093935915,3464.3713199999997,3475.2415100000003,LONG,signal_reverse,0.11377092684165706,1.0,20.0
2022-04-03 04:00:00,2022-04-03 21:00:00,-177.46413549255706,2.8774978576956514,3475.24151,3529.9640999999997,SHORT,stop_loss,-1.7746413549255706,1.0,20.0
2022-04-03 21:00:00,2022-04-03 22:00:00,-75.0871915749267,2.8357243073665397,3526.4359,3545.862045,SHORT,stop_loss,-0.750871915749267,1.0,20.0
2022-04-04 00:00:00,2022-04-04 15:00:00,-176.02249172940017,2.875994872055127,3477.05766,3422.80774,LONG,stop_loss,-1.7602249172940017,1.0,20.0
2022-04-04 17:00:00,2022-04-04 19:00:00,123.59637481430123,2.906529438599581,3440.5294049999998,3489.9341600000002,LONG,signal_reverse,1.2359637481430124,1.0,20.0
2022-04-04 19:00:00,2022-04-04 22:00:00,-132.60835648544156,2.8653835692991985,3489.93416,3529.233735,SHORT,stop_loss,-1.3260835648544156,1.0,20.0
2022-04-05 01:00:00,2022-04-05 09:00:00,-2.1070085029731933,2.84241100634979,3518.14005,3511.845045,SHORT,signal_reverse,-0.021070085029731934,1.0,20.0
2022-04-05 09:00:00,2022-04-05 14:00:00,-193.92934260287126,2.847506046497561,3511.845045,3450.763755,LONG,stop_loss,-1.9392934260287125,1.0,20.0
2022-04-05 20:00:00,2022-04-06 00:00:00,-371.30793720798505,2.903279004824939,3444.3813299999997,3323.37748,LONG,stop_loss,-3.7130793720798505,1.0,20.0
2022-04-06 07:00:00,2022-04-06 11:00:00,-151.09212437113368,2.9871227988842373,3347.703015,3303.817265,LONG,stop_loss,-1.5109212437113366,1.0,20.0
2022-04-07 02:00:00,2022-04-07 05:00:00,76.9039824880288,3.138276444172172,3186.462435,3217.340525,LONG,signal_reverse,0.769039824880288,1.0,20.000000000000004
2022-04-07 05:00:00,2022-04-07 12:00:00,-66.88617783161247,3.108157163438583,3217.3405249999996,3232.425405,SHORT,stop_loss,-0.6688617783161247,1.0,20.0
2022-04-07 14:00:00,2022-04-07 18:00:00,126.30139868782464,3.1331314061473385,3191.69505,3238.3899950000005,LONG,signal_reverse,1.2630139868782464,1.0,20.0
2022-04-07 18:00:00,2022-04-08 07:00:00,-174.3463575331356,3.0879542042310444,3238.389995,3288.373365,SHORT,stop_loss,-1.743463575331356,1.0,20.0
2022-04-08 11:00:00,2022-04-08 14:00:00,72.34979778185738,3.0666666151466675,3260.86962,3290.983685,LONG,signal_reverse,0.7234979778185737,1.0,20.0
2022-04-08 14:00:00,2022-04-08 17:00:00,110.78316126626541,3.038605157959025,3290.983685,3247.94316,SHORT,signal_reverse,1.107831612662654,1.0,20.0
2022-04-08 17:00:00,2022-04-08 22:00:00,-199.5252322088049,3.078871614243397,3247.9431600000003,3189.6343850000003,LONG,stop_loss,-1.9952523220880491,1.0,20.0
2022-04-09 02:00:00,2022-04-09 12:00:00,100.02818208309772,3.1354116340370486,3189.3738900000003,3227.655365,LONG,signal_reverse,1.0002818208309772,1.0,19.999999999999996
2022-04-09 12:00:00,2022-04-10 09:00:00,-68.1012166551419,3.098224212051214,3227.655365,3243.1807799999997,SHORT,signal_reverse,-0.6810121665514189,1.0,19.999999999999996
2022-04-10 09:00:00,2022-04-10 11:00:00,6.833117209088486,3.0833927179353844,3243.18078,3251.8832450000004,LONG,signal_reverse,0.06833117209088486,1.0,20.0
2022-04-10 11:00:00,2022-04-10 13:00:00,8.668849087171166,3.075141155629036,3251.8832450000004,3242.56047,SHORT,signal_reverse,0.08668849087171167,1.0,20.0
2022-04-10 13:00:00,2022-04-10 15:00:00,18.460963536016816,3.08398257874278,3242.56047,3255.03167,LONG,signal_reverse,0.18460963536016817,1.0,20.0
2022-04-10 15:00:00,2022-04-10 17:00:00,-152.67648176215772,3.0721667294868444,3255.03167,3298.218285,SHORT,stop_loss,-1.5267648176215773,1.0,20.000000000000004
2022-04-10 22:00:00,2022-04-11 00:00:00,-98.40760325790107,3.0985434210609837,3227.322855,3202.0181900000002,LONG,stop_loss,-0.9840760325790108,1.0,20.0
2022-04-11 23:00:00,2022-04-12 05:00:00,106.40460244581524,3.3554914891565533,2980.1893499999996,3017.860315,LONG,signal_reverse,1.0640460244581524,1.0,20.0
2022-04-12 05:00:00,2022-04-12 12:00:00,-236.01543211253735,3.313605984443982,3017.860315,3083.050755,SHORT,stop_loss,-2.3601543211253735,1.0,20.0
2022-04-12 18:00:00,2022-04-12 20:00:00,-78.92971541553351,3.3305573138122706,3002.5005,2984.8068500000004,LONG,stop_loss,-0.7892971541553351,1.0,20.0
2022-04-13 01:00:00,2022-04-13 10:00:00,-36.87605820189411,3.3017412931241377,3028.70489,3033.81615,SHORT,signal_reverse,-0.3687605820189411,1.0,19.999999999999996
2022-04-13 10:00:00,2022-04-13 13:00:00,122.70648865785836,3.2961786428620603,3033.81615,3077.1106750000004,LONG,signal_reverse,1.2270648865785836,1.0,20.000000000000004
2022-04-13 13:00:00,2022-04-13 22:00:00,-175.86400706890413,3.249801861611624,3077.110675,3125.071755,SHORT,stop_loss,-1.7586400706890413,1.0,20.0
2022-04-14 09:00:00,2022-04-14 13:00:00,-199.1073909783336,3.2240279529929508,3101.71008,3046.15616,LONG,stop_loss,-1.9910739097833359,1.0,20.000000000000004
2022-04-14 13:00:00,2022-04-14 16:00:00,-133.7734694706396,3.2795446040104688,3049.2038399999997,3014.51199,LONG,stop_loss,-1.337734694706396,1.0,20.0
2022-04-15 03:00:00,2022-04-15 13:00:00,84.00911443930895,3.2897557266562627,3039.7393700000002,3008.12331,SHORT,signal_reverse,0.8400911443930894,1.0,20.000000000000004
2022-04-15 13:00:00,2022-04-15 14:00:00,69.08700621052725,3.324331807395223,3008.12331,3034.92178,LONG,signal_reverse,0.6908700621052725,1.0,20.0
2022-04-15 14:00:00,2022-04-16 07:00:00,-24.66446947439932,3.294977836298634,3034.92178,3036.33741,SHORT,signal_reverse,-0.24664469474399317,1.0,20.0
2022-04-16 07:00:00,2022-04-16 12:00:00,1.0795413543987316,3.2934416205081765,3036.33741,3042.7378700000004,LONG,signal_reverse,0.010795413543987315,1.0,20.0
2022-04-16 12:00:00,2022-04-16 15:00:00,55.15826527639807,3.2865138001519663,3042.7378700000004,3019.86918,SHORT,signal_reverse,0.5515826527639807,1.0,20.0
2022-04-16 15:00:00,2022-04-16 21:00:00,75.91687014733647,3.3114017210507107,3019.86918,3048.8348200000005,LONG,signal_reverse,0.7591687014733647,1.0,19.999999999999996
2022-04-16 21:00:00,2022-04-17 02:00:00,25.355277725411028,3.2799415482928658,3048.83482,3035.0067449999997,SHORT,signal_reverse,0.2535527772541103,1.0,20.0
2022-04-17 02:00:00,2022-04-17 11:00:00,18.679057367302953,3.294885593409118,3035.0067449999997,3046.7458650000003,LONG,signal_reverse,0.18679057367302954,1.0,20.0
2022-04-17 11:00:00,2022-04-17 18:00:00,21.97804991523255,3.2821903903691685,3046.745865,3033.95622,SHORT,signal_reverse,0.21978049915232548,1.0,20.0
2022-04-17 18:00:00,2022-04-17 23:00:00,-175.44181122033373,3.2960264667233727,3033.95622,2986.7958550000003,LONG,stop_loss,-1.754418112203337,1.0,20.0
2022-04-17 23:00:00,2022-04-18 01:00:00,-23.308901084563022,3.3447230686280864,2989.784145,2988.794855,LONG,stop_loss,-0.23308901084563022,1.0,20.0
2022-04-18 12:00:00,2022-04-18 17:00:00,-180.40296195837308,3.400968281857301,2940.339095,2987.503005,SHORT,stop_loss,-1.8040296195837309,1.0,20.0
2022-04-18 17:00:00,2022-04-18 21:00:00,-220.11400538196338,3.3506259192871504,2984.5169950000004,3044.2413599999995,SHORT,stop_loss,-2.2011400538196337,1.0,20.0
2022-04-19 04:00:00,2022-04-19 13:00:00,-185.80159542263758,3.28312742050621,3045.8763,3096.377415,SHORT,stop_loss,-1.8580159542263757,1.0,20.0
2022-04-20 00:00:00,2022-04-20 05:00:00,42.945119057775536,3.247735196326478,3079.068765,3098.4500000000003,LONG,signal_reverse,0.4294511905777554,1.0,20.0
2022-04-20 05:00:00,2022-04-20 11:00:00,-206.40712291629782,3.2274201616937503,3098.45,3156.207315,SHORT,stop_loss,-2.064071229162978,1.0,20.0
2022-04-20 14:00:00,2022-04-20 15:00:00,-130.92595321237465,3.2241839538422856,3101.5600050000003,3067.155655,LONG,stop_loss,-1.3092595321237464,1.0,20.0
2022-04-21 01:00:00,2022-04-21 05:00:00,59.99868675771513,3.2266395230994513,3099.199625,3074.406435,SHORT,signal_reverse,0.5999868675771513,1.0,19.999999999999996
2022-04-21 05:00:00,2022-04-21 07:00:00,68.77141190345097,3.2526603789781623,3074.406435,3101.6983750000004,LONG,signal_reverse,0.6877141190345096,1.0,20.0
2022-04-21 07:00:00,2022-04-21 11:00:00,-188.15872691038155,3.2240401196328445,3101.698375,3153.85614,SHORT,stop_loss,-1.8815872691038154,1.0,20.0
2022-04-21 15:00:00,2022-04-21 17:00:00,-159.63005166745043,3.2183597796094254,3107.17281,3063.7873400000003,LONG,stop_loss,-1.5963005166745043,1.0,20.0
2022-04-22 07:00:00,2022-04-22 08:00:00,35.34838693258762,3.312410196212042,3018.94977,3002.2403699999995,SHORT,signal_reverse,0.3534838693258762,1.0,20.0
2022-04-22 08:00:00,2022-04-22 15:00:00,-198.6845768115488,3.3308458909304455,3002.24037,2948.5949650000002,LONG,stop_loss,-1.9868457681154879,1.0,20.0
2022-04-22 19:00:00,2022-04-23 08:00:00,1.140409968208676,3.382300538647088,2956.5675450000003,2962.8178500000004,LONG,signal_reverse,0.01140409968208676,1.0,20.0
2022-04-23 08:00:00,2022-04-23 18:00:00,21.356929856488414,3.375165300830086,2962.8178500000004,2950.564545,SHORT,signal_reverse,0.21356929856488413,1.0,20.0
2022-04-23 18:00:00,2022-04-23 21:00:00,34.57050593007808,3.389181916710112,2950.564545,2966.6659250000002,LONG,signal_reverse,0.34570505930078077,1.0,20.0
2022-04-23 21:00:00,2022-04-23 23:00:00,89.54915660077475,3.370787359550772,2966.6659250000002,2934.1663499999995,SHORT,signal_reverse,0.8954915660077475,1.0,19.999999999999996
2022-04-23 23:00:00,2022-04-24 03:00:00,51.759053470161945,3.4081230602348094,2934.16635,2955.22165,LONG,signal_reverse,0.5175905347016194,1.0,20.0
2022-04-24 03:00:00,2022-04-24 11:00:00,29.038690549657023,3.383840937954688,2955.22165,2940.7296300000003,SHORT,signal_reverse,0.29038690549657026,1.0,20.0
2022-04-24 11:00:00,2022-04-24 18:00:00,11.33460453486196,3.4005166262088498,2940.7296300000003,2949.9442900000004,LONG,signal_reverse,0.11334604534861961,1.0,20.0
2022-04-24 18:00:00,2022-04-24 22:00:00,43.93164801088524,3.3898945257708584,2949.94429,2931.08481,SHORT,signal_reverse,0.43931648010885244,1.0,20.000000000000004
2022-04-24 22:00:00,2022-04-25 00:00:00,-277.56102226192354,3.4117061252826733,2931.08481,2855.5914900000002,LONG,stop_loss,-2.7756102226192354,1.0,20.0
2022-04-25 11:00:00,2022-04-25 16:00:00,-245.35214044140295,3.4952828545154384,2860.9987849999998,2925.472005,SHORT,stop_loss,-2.4535214044140297,1.0,20.0
2022-04-26 07:00:00,2022-04-26 12:00:00,52.346896794849194,3.3310701709484887,3002.03823,2980.319415,SHORT,signal_reverse,0.523468967948492,1.0,19.999999999999996
2022-04-26 12:00:00,2022-04-26 14:00:00,-305.93475441289064,3.355345051161236,2980.319415,2895.1017250000004,LONG,stop_loss,-3.059347544128906,1.0,20.0
2022-04-27 06:00:00,2022-04-27 08:00:00,-82.10411997894259,3.4854806517553247,2869.04476,2886.86271,SHORT,stop_loss,-0.8210411997894259,1.0,20.0
2022-04-27 13:00:00,2022-04-27 14:00:00,187.5311625398416,3.443031691455786,2904.417065,2844.1413599999996,SHORT,signal_reverse,1.8753116253984161,1.0,20.0
2022-04-27 14:00:00,2022-04-27 21:00:00,124.03420862316399,3.515999640749221,2844.1413599999996,2885.1067250000006,LONG,signal_reverse,1.2403420862316399,1.0,20.0
2022-04-27 21:00:00,2022-04-28 07:00:00,-81.15519002160951,3.466076285271561,2885.106725,2902.75065,SHORT,stop_loss,-0.8115519002160951,1.0,20.0
2022-04-28 07:00:00,2022-04-28 08:00:00,-129.57717510394062,3.4484550033607784,2899.84935,2931.62508,SHORT,stop_loss,-1.2957717510394062,1.0,20.0
2022-04-28 13:00:00,2022-04-28 16:00:00,196.73567509377133,3.482943338589617,2871.13485,2933.3625850000003,LONG,signal_reverse,1.9673567509377134,1.0,19.999999999999996
2022-04-28 16:00:00,2022-04-28 18:00:00,-129.83798990536204,3.4090569134330186,2933.362585,2965.5820499999995,SHORT,stop_loss,-1.2983798990536204,1.0,20.0
2022-04-29 02:00:00,2022-04-29 10:00:00,-193.84209454305116,3.4337883655757646,2912.2353900000003,2861.6084800000003,LONG,stop_loss,-1.9384209454305117,1.0,20.0
2022-04-29 14:00:00,2022-04-29 16:00:00,-181.12998691257508,3.4961986059810073,2860.2494100000004,2814.1622150000003,LONG,stop_loss,-1.8112998691257507,1.0,20.0
2022-04-30 05:00:00,2022-04-30 13:00:00,23.21548856915299,3.527446559903335,2834.911835,2822.660625,SHORT,signal_reverse,0.23215488569152987,1.0,20.0
2022-04-30 13:00:00,2022-04-30 14:00:00,-166.32293954927604,3.542756756313912,2822.660625,2781.3586250000003,LONG,stop_loss,-1.6632293954927606,1.0,20.0
2022-04-30 17:00:00,2022-04-30 23:00:00,-237.93484090689657,3.587581657843009,2787.393,2726.6459950000003,LONG,stop_loss,-2.3793484090689656,1.0,19.999999999999996
2022-05-01 11:00:00,2022-05-01 15:00:00,147.5303727184132,3.624779230782011,2758.788705,2805.006795,LONG,signal_reverse,1.475303727184132,1.0,20.0
2022-05-01 15:00:00,2022-05-01 19:00:00,117.37667255811303,3.565053752392069,2805.006795,2766.472545,SHORT,signal_reverse,1.1737667255811304,1.0,20.0
2022-05-01 19:00:00,2022-05-01 20:00:00,145.9895562057716,3.6147114555948,2766.472545,2812.3931000000002,LONG,signal_reverse,1.4598955620577159,1.0,20.0
2022-05-01 20:00:00,2022-05-02 04:00:00,-186.3913199047456,3.555690703408424,2812.3931000000002,2859.18888,SHORT,stop_loss,-1.863913199047456,1.0,20.0
2022-05-02 09:00:00,2022-05-02 19:00:00,72.33612232360606,3.5549415270953078,2812.9857899999997,2838.9598100000003,LONG,signal_reverse,0.7233612232360607,1.0,20.0
2022-05-02 19:00:00,2022-05-02 22:00:00,-102.28589541040225,3.522416895362812,2838.9598100000003,2862.320445,SHORT,stop_loss,-1.0228589541040225,1.0,20.0
2022-05-03 09:00:00,2022-05-03 11:00:00,24.233924600690454,3.5277018938233025,2834.7066449999998,2847.2456650000004,LONG,signal_reverse,0.24233924600690454,1.0,19.999999999999996
2022-05-03 11:00:00,2022-05-03 14:00:00,64.73034236756052,3.51216620431662,2847.245665,2823.1208549999997,SHORT,signal_reverse,0.6473034236756052,1.0,20.0
2022-05-03 14:00:00,2022-05-03 18:00:00,-164.38889475030965,3.5421792100359797,2823.120855,2782.358125,LONG,stop_loss,-1.6438889475030964,1.0,20.0
2022-05-04 06:00:00,2022-05-04 10:00:00,-198.0349096652999,3.552155968632616,2815.1917,2865.31194,SHORT,stop_loss,-1.9803490966529989,1.0,20.0
2022-05-04 16:00:00,2022-05-04 18:00:00,-298.96271640323897,3.501215189513723,2856.15121,2935.8271799999998,SHORT,stop_loss,-2.9896271640323895,1.0,20.0
2022-05-04 18:00:00,2022-05-05 09:00:00,6.598329631426009,3.4096029462133566,2932.89282,2925.0918149999998,SHORT,signal_reverse,0.06598329631426009,1.0,20.0
2022-05-05 09:00:00,2022-05-05 14:00:00,-347.8772806658035,3.418696106809214,2925.091815,2829.1847000000002,LONG,stop_loss,-3.478772806658035,1.0,19.999999999999996
2022-05-06 06:00:00,2022-05-06 07:00:00,-75.27710897219686,3.6447915408587135,2743.641135,2728.47508,LONG,stop_loss,-0.7527710897219686,1.0,19.999999999999996
2022-05-06 10:00:00,2022-05-06 13:00:00,-115.80401583953855,3.718143755324486,2689.5140850000003,2663.74746,LONG,stop_loss,-1.1580401583953854,1.0,20.0
2022-05-07 02:00:00,2022-05-07 10:00:00,6.000315769009989,3.728087466896914,2682.3405,2689.31467,LONG,signal_reverse,0.06000315769009989,1.0,20.0
2022-05-07 10:00:00,2022-05-07 13:00:00,33.909385025590915,3.7184194588876434,2689.3146699999998,2674.8167399999998,SHORT,signal_reverse,0.33909385025590916,1.0,20.0
2022-05-07 13:00:00,2022-05-07 15:00:00,38.19985633856931,3.7385738807661264,2674.81674,2690.3841350000002,LONG,signal_reverse,0.38199856338569316,1.0,20.0
2022-05-07 15:00:00,2022-05-07 20:00:00,40.68938181573336,3.7169413355910974,2690.3841350000002,2674.0563599999996,SHORT,signal_reverse,0.40689381815733366,1.0,20.0
2022-05-07 20:00:00,2022-05-07 21:00:00,-222.11623363091374,3.7396369611297207,2674.0563599999996,2620.0093400000005,LONG,stop_loss,-2.221162336309137,1.0,20.0
2022-05-08 09:00:00,2022-05-08 14:00:00,-129.76930629583407,3.919286058305247,2551.485105,2523.47763,LONG,stop_loss,-1.2976930629583407,1.0,20.0
2022-05-08 18:00:00,2022-05-08 23:00:00,136.0206934640206,3.9063729897120982,2559.9193999999998,2519.97936,SHORT,signal_reverse,1.3602069346402061,1.0,20.0
2022-05-08 23:00:00,2022-05-09 02:00:00,-334.52769517921615,3.9682864704098217,2519.97936,2440.71903,LONG,stop_loss,-3.3452769517921617,1.0,20.0
2022-05-09 09:00:00,2022-05-09 10:00:00,-315.8486563929603,4.088002461696971,2446.18248,2373.8125,LONG,stop_loss,-3.158486563929603,1.0,20.0
2022-05-09 14:00:00,2022-05-09 15:00:00,-47.49598566740144,4.188932544896638,2387.243025,2380.679065,LONG,stop_loss,-0.4749598566740144,1.0,20.0
2022-05-10 04:00:00,2022-05-10 05:00:00,-289.29285646532713,4.265979832537681,2344.12735,2407.253025,SHORT,stop_loss,-2.8929285646532716,1.0,20.0
2022-05-10 11:00:00,2022-05-10 12:00:00,-209.55909203352454,4.166806532472607,2399.9194399999997,2445.412095,SHORT,stop_loss,-2.0955909203352454,1.0,19.999999999999996
2022-05-10 14:00:00,2022-05-10 15:00:00,-21.012480552384623,4.239158233062722,2358.9588900000003,2358.7200500000004,LONG,stop_loss,-0.21012480552384621,1.0,20.0
2022-05-10 16:00:00,2022-05-10 21:00:00,-409.1381962191993,4.247372748298343,2354.39661,2262.778045,LONG,stop_loss,-4.091381962191993,1.0,20.0
2022-05-11 02:00:00,2022-05-11 06:00:00,319.34825412276933,4.210522938506864,2375.001905,2294.40663,SHORT,signal_reverse,3.1934825412276933,1.0,20.000000000000004
2022-05-11 06:00:00,2022-05-11 09:00:00,584.4535139789049,4.358425341544623,2294.4066300000004,2433.092845,LONG,signal_reverse,5.844535139789048,1.0,20.0
2022-05-11 09:00:00,2022-05-11 12:00:00,1074.9440155868795,4.1099952353030735,2433.092845,2166.6827999999996,SHORT,signal_reverse,10.749440155868795,1.0,20.0
2022-05-11 12:00:00,2022-05-11 13:00:00,758.0510603582587,4.615350248776609,2166.6828,2335.261785,LONG,stop_loss,7.580510603582587,1.0,20.0
2022-05-11 15:00:00,2022-05-11 16:00:00,-283.66706002189943,4.420044531550851,2262.420645,2202.768065,LONG,stop_loss,-2.8366706002189943,1.0,20.0
2022-05-12 02:00:00,2022-05-12 03:00:00,-422.9635820364723,4.901697570362576,2040.109545,1957.9005600000003,LONG,stop_loss,-4.229635820364723,1.0,20.000000000000004
2022-05-12 14:00:00,2022-05-12 15:00:00,239.2540565978252,4.968146517457097,2012.823085,1960.63983,SHORT,stop_loss,2.392540565978252,1.0,20.0
2022-05-12 16:00:00,2022-05-13 02:00:00,-226.37579771797968,4.952628283807373,2019.12993,2060.799885,SHORT,stop_loss,-2.2637579771797967,1.0,20.000000000000004
2022-05-13 09:00:00,2022-05-13 11:00:00,-216.2048795511142,4.8239197417844535,2073.0029799999998,2113.67631,SHORT,stop_loss,-2.1620487955111423,1.0,20.000000000000004
2022-05-13 16:00:00,2022-05-13 18:00:00,11.240810968965524,4.842305362506965,2065.1320499999997,2071.58369,LONG,stop_loss,0.11240810968965526,1.0,20.000000000000004
2022-05-13 19:00:00,2022-05-13 23:00:00,-292.6500312094039,4.850247728342825,2061.75036,2005.53673,LONG,stop_loss,-2.926500312094039,1.0,20.000000000000004
2022-05-13 23:00:00,2022-05-14 11:00:00,-157.79879822963883,4.9812126838989625,2007.54327,1979.879565,LONG,stop_loss,-1.5779879822963885,1.0,19.999999999999996
2022-05-14 17:00:00,2022-05-14 21:00:00,-78.34187534518276,4.965335712814893,2013.962515,2025.71235,SHORT,stop_loss,-0.7834187534518277,1.0,20.0
2022-05-14 21:00:00,2022-05-14 22:00:00,-169.42424538688002,4.941474046155294,2023.68765,2053.92645,SHORT,stop_loss,-1.6942424538688001,1.0,20.0
2022-05-15 03:00:00,2022-05-15 07:00:00,86.87184957429612,4.969201646001334,2012.3956950000002,2033.9025400000003,LONG,signal_reverse,0.8687184957429612,1.0,20.0
2022-05-15 07:00:00,2022-05-15 11:00:00,-250.13538790310014,4.916656429368538,2033.90254,2080.709835,SHORT,stop_loss,-2.5013538790310013,1.0,20.0
2022-05-15 16:00:00,2022-05-15 20:00:00,-264.41039137901714,4.808872018788782,2079.489735,2130.314625,SHORT,stop_loss,-2.6441039137901714,1.0,20.0
2022-05-16 01:00:00,2022-05-16 04:00:00,-137.14422525736433,4.779439329946503,2092.295625,2067.7855900000004,LONG,stop_loss,-1.3714422525736432,1.0,20.0
2022-05-16 13:00:00,2022-05-16 21:00:00,244.6550000441885,5.019864746822406,1992.085545,2044.8070850000001,LONG,signal_reverse,2.446550000441885,1.0,19.999999999999996
2022-05-16 21:00:00,2022-05-17 03:00:00,-149.6848988568517,4.890436889306846,2044.807085,2071.325145,SHORT,stop_loss,-1.496848988568517,1.0,20.0
2022-05-17 03:00:00,2022-05-17 12:00:00,-157.1674442682415,4.832657502693161,2069.254855,2097.638295,SHORT,stop_loss,-1.571674442682415,1.0,20.0
2022-05-17 12:00:00,2022-05-17 14:00:00,177.20490363612316,4.772035782509039,2095.541705,2054.216595,SHORT,signal_reverse,1.7720490363612316,1.0,20.0
2022-05-17 14:00:00,2022-05-17 18:00:00,-168.12943812285656,4.868035836308683,2054.216595,2023.7876,LONG,stop_loss,-1.6812943812285657,1.0,19.999999999999996
2022-05-17 21:00:00,2022-05-18 03:00:00,198.25805458130657,4.8001048304494125,2083.287835,2037.8183999999999,SHORT,signal_reverse,1.9825805458130656,1.0,19.999999999999996
2022-05-18 03:00:00,2022-05-18 12:00:00,-229.6675788186022,4.907208610934124,2037.8183999999999,1995.091955,LONG,stop_loss,-2.2966757881860222,1.0,20.0
2022-05-18 20:00:00,2022-05-18 23:00:00,-299.4783356543824,5.088094776877618,1965.3721950000001,1910.4443,LONG,stop_loss,-2.994783356543824,1.0,20.0
2022-05-19 06:00:00,2022-05-19 08:00:00,138.22352146137996,5.095286416265508,1962.5982099999999,1931.5452899999998,SHORT,signal_reverse,1.3822352146137995,1.0,20.0
2022-05-19 08:00:00,2022-05-19 11:00:00,137.86945384024682,5.177201928306843,1931.54529,1962.0384900000001,LONG,signal_reverse,1.3786945384024683,1.0,20.0
2022-05-19 11:00:00,2022-05-19 15:00:00,-331.6789008558141,5.096739972720923,1962.03849,2023.19109,SHORT,stop_loss,-3.316789008558141,1.0,20.0
2022-05-19 20:00:00,2022-05-20 01:00:00,-128.7719227819611,4.96817118771818,2012.8130899999999,2034.706845,SHORT,stop_loss,-1.287719227819611,1.0,19.999999999999996
2022-05-20 05:00:00,2022-05-20 11:00:00,-165.30939819858847,4.93925410185111,2024.5971949999998,2054.016495,SHORT,stop_loss,-1.6530939819858845,1.0,20.0
2022-05-20 14:00:00,2022-05-20 15:00:00,-162.5439866425728,5.036661290912154,1985.442225,1957.14094,LONG,stop_loss,-1.6254398664257281,1.0,20.0
2022-05-20 21:00:00,2022-05-21 06:00:00,35.769696596497624,5.108509153276,1957.51827,1968.4352900000001,LONG,signal_reverse,0.35769696596497624,1.0,20.0
2022-05-21 06:00:00,2022-05-21 21:00:00,-7.031120540416342,5.080177159392423,1968.4352900000001,1965.88245,SHORT,signal_reverse,-0.07031120540416343,1.0,20.0
2022-05-21 21:00:00,2022-05-22 01:00:00,35.69325877038105,5.086774135452504,1965.88245,1976.8310900000001,LONG,signal_reverse,0.3569325877038105,1.0,20.0
2022-05-22 01:00:00,2022-05-22 04:00:00,40.59776710614268,5.0586011372372734,1976.83109,1964.8519349999997,SHORT,signal_reverse,0.4059776710614268,1.0,19.999999999999996
2022-05-22 04:00:00,2022-05-22 08:00:00,59.229176116012205,5.0894420194568,1964.851935,1980.4192950000001,LONG,signal_reverse,0.592291761160122,1.0,20.0
2022-05-22 08:00:00,2022-05-22 09:00:00,-252.19022414139752,5.04943575597712,1980.4192950000001,2026.402695,SHORT,stop_loss,-2.521902241413975,1.0,20.0
2022-05-22 21:00:00,2022-05-22 22:00:00,-120.39821244325937,4.964177798024563,2014.43228,2034.65682,SHORT,stop_loss,-1.2039821244325937,1.0,20.0
2022-05-23 05:00:00,2022-05-23 07:00:00,-145.81943307424837,4.900785448638815,2040.489245,2066.162565,SHORT,stop_loss,-1.4581943307424836,1.0,20.000000000000004
2022-05-23 15:00:00,2022-05-23 17:00:00,39.62956172921904,4.850157794306156,2061.78859,2049.4942349999997,SHORT,signal_reverse,0.3962956172921904,1.0,20.0
2022-05-23 17:00:00,2022-05-23 19:00:00,-373.71277831381457,4.879252563498917,2049.4942349999997,1977.001005,LONG,stop_loss,-3.737127783138146,1.0,20.0
2022-05-24 08:00:00,2022-05-24 13:00:00,-194.6841671993141,5.096552752112621,1962.1105650000002,1927.8356,LONG,stop_loss,-1.9468416719931407,1.0,20.0
2022-05-24 18:00:00,2022-05-24 21:00:00,170.9476114950164,5.144399579364054,1943.861445,1980.9790150000001,LONG,signal_reverse,1.709476114950164,1.0,20.000000000000004
2022-05-24 21:00:00,2022-05-25 02:00:00,-189.90487907818624,5.048009052231176,1980.9790150000001,2014.636815,SHORT,stop_loss,-1.8990487907818623,1.0,20.0
2022-05-25 07:00:00,2022-05-25 11:00:00,-193.01493241386157,5.062119200975768,1975.457235,1941.2788750000002,LONG,stop_loss,-1.9301493241386156,1.0,20.0
2022-05-25 16:00:00,2022-05-25 18:00:00,79.31849541966815,5.120233240141504,1953.03603,1972.4332900000002,LONG,signal_reverse,0.7931849541966814,1.0,20.0
2022-05-25 18:00:00,2022-05-25 19:00:00,95.84161104885992,5.0698799552303235,1972.4332900000002,1949.5843049999999,SHORT,signal_reverse,0.9584161104885991,1.0,20.0
2022-05-25 19:00:00,2022-05-26 05:00:00,-162.98248056525955,5.1292985762931655,1949.5843049999999,1921.708665,LONG,stop_loss,-1.6298248056525955,1.0,20.0
2022-05-26 16:00:00,2022-05-26 19:00:00,268.6835493290573,5.319659340506298,1879.81962,1825.55232,SHORT,signal_reverse,2.686835493290573,1.0,20.0
2022-05-26 19:00:00,2022-05-26 23:00:00,-213.79261066590493,5.477794249139898,1825.55232,1790.174465,LONG,stop_loss,-2.1379261066590494,1.0,20.0
2022-05-27 09:00:00,2022-05-27 12:00:00,-187.82456951751396,5.611550930911828,1782.0385350000001,1811.9455199999998,SHORT,stop_loss,-1.8782456951751396,1.0,20.0
2022-05-27 12:00:00,2022-05-27 16:00:00,342.52919727820444,5.524451420869018,1810.13448,1744.51182,SHORT,signal_reverse,3.4252919727820443,1.0,20.0
2022-05-27 16:00:00,2022-05-27 18:00:00,-126.82180416524758,5.732262679653268,1744.5118200000002,1725.8766300000002,LONG,stop_loss,-1.2682180416524758,1.0,20.000000000000004
2022-05-27 21:00:00,2022-05-27 23:00:00,-72.93438137877735,5.766558296601582,1734.136635,1724.95709,LONG,stop_loss,-0.7293438137877735,1.0,20.0
2022-05-27 23:00:00,2022-05-28 03:00:00,184.12366854317273,5.791451309377933,1726.68291,1761.928595,LONG,signal_reverse,1.8412366854317272,1.0,20.0
2022-05-28 03:00:00,2022-05-28 12:00:00,-160.26834044316166,5.675598902462902,1761.9285949999999,1786.642875,SHORT,stop_loss,-1.6026834044316165,1.0,20.000000000000004
2022-05-28 18:00:00,2022-05-29 01:00:00,42.488639507719625,5.59949098163201,1785.876615,1774.7169149999997,SHORT,signal_reverse,0.4248863950771962,1.0,20.0
2022-05-29 01:00:00,2022-05-29 10:00:00,85.85285372118199,5.6347014644868025,1774.716915,1793.5028000000002,LONG,signal_reverse,0.8585285372118199,1.0,20.0
2022-05-29 10:00:00,2022-05-29 13:00:00,-104.42178066295688,5.5756812869207675,1793.5028,1808.6438699999999,SHORT,stop_loss,-1.0442178066295686,1.0,20.0
2022-05-29 19:00:00,2022-05-29 21:00:00,56.011477873814144,5.594896302023916,1787.343225,1800.929085,LONG,signal_reverse,0.5601147787381414,1.0,20.000000000000004
2022-05-29 21:00:00,2022-05-30 01:00:00,-261.7234824101911,5.5526894886036,1800.929085,1844.46177,SHORT,stop_loss,-2.6172348241019106,1.0,20.0
2022-05-30 01:00:00,2022-05-30 02:00:00,-192.51812927086903,5.427060167531285,1842.61823,1874.406735,SHORT,stop_loss,-1.9251812927086904,1.0,20.0
2022-05-30 11:00:00,2022-05-30 16:00:00,-116.45109719242772,5.262051963736622,1900.3993249999999,1918.7288849999998,SHORT,stop_loss,-1.1645109719242772,1.0,20.0
2022-05-31 06:00:00,2022-05-31 13:00:00,-137.94890124765712,5.085117829578958,1966.52277,1943.3278500000001,LONG,stop_loss,-1.379489012476571,1.0,20.0
2022-05-31 15:00:00,2022-05-31 18:00:00,245.0504936823036,5.035128885805332,1986.04648,1933.4062199999998,SHORT,signal_reverse,2.450504936823036,1.0,20.0
2022-05-31 18:00:00,2022-06-01 12:00:00,69.00346353494201,5.1722188004546705,1933.40622,1950.614205,LONG,signal_reverse,0.6900346353494201,1.0,20.0
2022-06-01 12:00:00,2022-06-01 14:00:00,190.29214744183582,5.126590370544339,1950.6142049999999,1909.59432,SHORT,signal_reverse,1.9029214744183582,1.0,20.000000000000004
2022-06-01 14:00:00,2022-06-01 15:00:00,-183.77274310283877,5.236714361404259,1909.5943200000002,1878.3203700000001,LONG,stop_loss,-1.8377274310283878,1.0,20.0
2022-06-02 03:00:00,2022-06-02 10:00:00,51.27023892850475,5.512264025385982,1814.1366150000001,1827.06601,LONG,signal_reverse,0.5127023892850475,1.0,20.0
2022-06-02 10:00:00,2022-06-02 13:00:00,131.48202007217114,5.473255999108648,1827.06601,1799.3892449999998,SHORT,signal_reverse,1.3148202007217114,1.0,20.000000000000004
2022-06-02 13:00:00,2022-06-02 21:00:00,126.81312047077363,5.557441241680868,1799.389245,1825.80664,LONG,signal_reverse,1.2681312047077362,1.0,20.0
2022-06-02 21:00:00,2022-06-03 04:00:00,32.683563468693166,5.477031236998897,1825.80664,1816.1876399999999,SHORT,signal_reverse,0.32683563468693166,1.0,20.0
2022-06-03 04:00:00,2022-06-03 10:00:00,-330.2542862806826,5.506039012576916,1816.1876399999999,1759.8396400000001,LONG,stop_loss,-3.302542862806826,1.0,19.999999999999996
2022-06-03 21:00:00,2022-06-04 01:00:00,131.13772893967334,5.598269042083879,1786.2664200000002,1759.269195,SHORT,signal_reverse,1.3113772893967335,1.0,20.0
2022-06-04 01:00:00,2022-06-04 08:00:00,55.16822915779077,5.684178423871055,1759.269195,1772.4933100000003,LONG,signal_reverse,0.5516822915779077,1.0,20.0
2022-06-04 08:00:00,2022-06-04 12:00:00,57.76838943330134,5.641770236074967,1772.49331,1758.708915,SHORT,signal_reverse,0.5776838943330134,1.0,20.0
2022-06-04 12:00:00,2022-06-04 14:00:00,71.05133807774052,5.685989258773957,1758.708915,1774.722195,LONG,signal_reverse,0.7105133807774053,1.0,20.0
2022-06-04 14:00:00,2022-06-04 22:00:00,-153.01529707865095,5.6346847006102845,1774.7221949999998,1798.3287149999999,SHORT,stop_loss,-1.5301529707865094,1.0,20.000000000000004
2022-06-05 05:00:00,2022-06-05 09:00:00,56.885853840060804,5.570714087556027,1795.102,1781.300205,SHORT,signal_reverse,0.5688585384006081,1.0,20.0
2022-06-05 09:00:00,2022-06-05 14:00:00,49.68219037509141,5.613876859122688,1781.300205,1793.712695,LONG,signal_reverse,0.4968219037509141,1.0,20.0
2022-06-05 14:00:00,2022-06-05 16:00:00,-54.65895077472187,5.575028837045724,1793.712695,1799.9295149999998,SHORT,stop_loss,-0.5465895077472188,1.0,20.000000000000004
2022-06-05 17:00:00,2022-06-06 01:00:00,-247.74990492898343,5.488930249320056,1821.84862,1863.341205,SHORT,stop_loss,-2.4774990492898343,1.0,20.0
2022-06-06 15:00:00,2022-06-06 16:00:00,-181.05124913955024,5.301010611963269,1886.432745,1856.05151,LONG,stop_loss,-1.8105124913955022,1.0,20.0
2022-06-06 22:00:00,2022-06-07 00:00:00,-550.0208880362605,5.39212383202183,1854.5568150000001,1756.2614300000002,LONG,stop_loss,-5.500208880362605,1.0,20.0
2022-06-07 09:00:00,2022-06-07 12:00:00,-100.34315834955422,5.671502620835391,1763.2011599999998,1749.035045,LONG,stop_loss,-1.003431583495542,1.0,20.000000000000004
2022-06-07 14:00:00,2022-06-07 18:00:00,-162.2505470040469,5.612715701715862,1781.66872,1807.013055,SHORT,stop_loss,-1.6225054700404689,1.0,20.000000000000004
2022-06-08 02:00:00,2022-06-08 03:00:00,217.69374856838257,5.487033767460951,1822.478305,1779.1591349999999,SHORT,signal_reverse,2.1769374856838257,1.0,19.999999999999996
2022-06-08 03:00:00,2022-06-08 09:00:00,180.11155438324644,5.620632692870388,1779.1591349999999,1814.762165,LONG,signal_reverse,1.8011155438324644,1.0,20.0
2022-06-08 09:00:00,2022-06-08 12:00:00,101.53801983192818,5.510363943475755,1814.762165,1792.7059049999998,SHORT,signal_reverse,1.0153801983192818,1.0,20.0
2022-06-08 12:00:00,2022-06-08 13:00:00,138.99448381635108,5.578159793030859,1792.705905,1821.20894,LONG,signal_reverse,1.3899448381635107,1.0,19.999999999999996
2022-06-08 13:00:00,2022-06-08 19:00:00,156.11828766884952,5.4908581768767295,1821.20894,1789.13412,SHORT,signal_reverse,1.561182876688495,1.0,20.000000000000004
2022-06-08 19:00:00,2022-06-09 07:00:00,94.97503049128572,5.5892958991805495,1789.13412,1809.704695,LONG,signal_reverse,0.9497503049128572,1.0,20.0
2022-06-09 07:00:00,2022-06-09 12:00:00,70.66946140624287,5.525763417439772,1809.704695,1793.2962,SHORT,signal_reverse,0.7066946140624287,1.0,20.0
2022-06-09 12:00:00,2022-06-09 16:00:00,69.99422404396954,5.5763236435787915,1793.2962,1809.43483,LONG,signal_reverse,0.6999422404396954,1.0,20.000000000000004
2022-06-09 16:00:00,2022-06-09 18:00:00,75.10795699671586,5.526587547781426,1809.43483,1792.225665,SHORT,signal_reverse,0.7510795699671585,1.0,20.0
2022-06-09 18:00:00,2022-06-10 00:00:00,-131.60547686945355,5.579654501823017,1792.225665,1772.223445,LONG,stop_loss,-1.3160547686945356,1.0,20.0
2022-06-10 08:00:00,2022-06-10 12:00:00,-344.57645667099484,5.60232865048127,1784.9720399999999,1727.0360500000002,LONG,stop_loss,-3.4457645667099484,1.0,19.999999999999996
2022-06-11 01:00:00,2022-06-11 08:00:00,-599.9761139517797,5.970124000997882,1675.007085,1577.8606750000001,LONG,stop_loss,-5.999761139517797,1.0,20.0
2022-06-11 20:00:00,2022-06-12 02:00:00,-490.6913069471078,6.569651764998208,1522.150695,1450.5043850000002,LONG,stop_loss,-4.906913069471078,1.0,20.0
2022-06-12 10:00:00,2022-06-12 13:00:00,-119.43054603585655,6.851476545095403,1459.539405,1445.027125,LONG,stop_loss,-1.1943054603585654,1.0,20.0
2022-06-12 13:00:00,2022-06-12 14:00:00,397.86673669909067,6.913368492997147,1446.472875,1506.916165,LONG,signal_reverse,3.9786673669909067,1.0,20.0
2022-06-12 14:00:00,2022-06-12 15:00:00,-137.36389462647873,6.636069233486522,1506.916165,1524.6019199999998,SHORT,stop_loss,-1.3736389462647873,1.0,20.0
2022-06-12 20:00:00,2022-06-12 22:00:00,-170.67069360256332,6.773150343401431,1476.41784,1454.1725500000002,LONG,stop_loss,-1.7067069360256333,1.0,20.0
2022-06-13 22:00:00,2022-06-13 23:00:00,109.18826785284625,8.388728722891383,1192.07574,1207.47596,LONG,stop_loss,1.0918826785284625,1.0,20.0
2022-06-14 00:00:00,2022-06-14 01:00:00,-629.4225955801538,8.533401491317726,1171.86564,1100.4495000000002,LONG,stop_loss,-6.294225955801538,1.0,20.0
2022-06-14 05:00:00,2022-06-14 07:00:00,-132.6775800658774,8.15749339675382,1225.86676,1239.6795299999999,SHORT,stop_loss,-1.326775800658774,1.0,20.0
2022-06-14 11:00:00,2022-06-14 13:00:00,344.4960731648966,8.519290924763151,1173.80661,1216.5914,LONG,signal_reverse,3.4449607316489663,1.0,20.0
2022-06-14 13:00:00,2022-06-14 15:00:00,-294.153343513688,8.219686576775079,1216.5914,1249.9446599999999,SHORT,stop_loss,-2.94153343513688,1.0,20.0
2022-06-14 20:00:00,2022-06-14 21:00:00,-197.0752840504802,8.4128768738537,1188.65403,1167.6059050000001,LONG,stop_loss,-1.970752840504802,1.0,20.0
2022-06-15 01:00:00,2022-06-15 03:00:00,362.8693471237454,8.20472232803351,1218.8102900000001,1172.1457799999998,SHORT,signal_reverse,3.628693471237454,1.0,19.999999999999996
2022-06-15 03:00:00,2022-06-15 04:00:00,-340.210767640181,8.531362029047274,1172.14578,1134.6124100000002,LONG,stop_loss,-3.40210767640181,1.0,20.0
2022-06-15 13:00:00,2022-06-15 16:00:00,515.8323409943079,8.78101659769756,1138.8203050000002,1077.79863,SHORT,signal_reverse,5.158323409943079,1.0,20.0
2022-06-15 16:00:00,2022-06-15 17:00:00,290.4982607001448,9.278171006767748,1077.79863,1111.26409,LONG,stop_loss,2.904982607001448,1.0,20.0
2022-06-15 18:00:00,2022-06-15 19:00:00,-19.579160215446684,8.541501614604321,1170.75433,1170.7050599999998,SHORT,stop_loss,-0.19579160215446684,1.0,20.0
2022-06-16 05:00:00,2022-06-16 07:00:00,-177.98129580161373,8.460589912262668,1181.95068,1163.27807,LONG,stop_loss,-1.7798129580161373,1.0,20.0
2022-06-16 17:00:00,2022-06-16 20:00:00,-104.20837705429955,9.032907518911374,1107.063255,1097.740855,LONG,stop_loss,-1.0420837705429955,1.0,20.0
2022-06-17 01:00:00,2022-06-17 03:00:00,295.04453328069064,9.047259599995142,1105.3070699999998,1070.484975,SHORT,signal_reverse,2.9504453328069067,1.0,20.000000000000004
2022-06-17 03:00:00,2022-06-17 06:00:00,282.69742926564703,9.341560352119842,1070.484975,1102.8882800000001,LONG,signal_reverse,2.8269742926564705,1.0,20.000000000000004
2022-06-17 06:00:00,2022-06-17 12:00:00,238.2432465417111,9.06710152001978,1102.8882800000001,1074.4069349999997,SHORT,signal_reverse,2.382432465417111,1.0,20.000000000000004
2022-06-17 12:00:00,2022-06-17 20:00:00,148.15374521014337,9.307460399071232,1074.406935,1092.47349,LONG,signal_reverse,1.4815374521014337,1.0,19.999999999999996
2022-06-17 20:00:00,2022-06-18 01:00:00,132.9178982640586,9.153540192540508,1092.47349,1075.767615,SHORT,signal_reverse,1.329178982640586,1.0,20.000000000000004
2022-06-18 01:00:00,2022-06-18 06:00:00,-569.2469672458008,9.295687898171206,1075.767615,1016.6814050000002,LONG,stop_loss,-5.692469672458008,1.0,20.0
2022-06-18 06:00:00,2022-06-18 07:00:00,-170.9289201681562,9.82609197765474,1017.6985950000001,1002.3385800000001,LONG,stop_loss,-1.709289201681562,1.0,20.0
2022-06-18 22:00:00,2022-06-18 23:00:00,-71.88617552838973,10.11116978398244,989.00525,994.13682,SHORT,stop_loss,-0.7188617552838973,1.0,20.0
2022-06-19 02:00:00,2022-06-19 05:00:00,-76.50957874937399,10.528924247332876,949.764645,944.3975650000001,LONG,stop_loss,-0.76509578749374,1.0,20.0
2022-06-19 05:00:00,2022-06-19 09:00:00,459.63545611913565,10.578177419910277,945.342435,990.68441,LONG,signal_reverse,4.596354561191356,1.0,20.0
2022-06-19 09:00:00,2022-06-19 10:00:00,-753.8059857023475,10.094031862275898,990.68441,1063.3814249999998,SHORT,stop_loss,-7.538059857023474,1.0,19.999999999999996
2022-06-19 14:00:00,2022-06-19 15:00:00,-365.617415121554,9.658643543770998,1035.34207,1071.1252949999998,SHORT,stop_loss,-3.65617415121554,1.0,20.0
2022-06-19 18:00:00,2022-06-19 19:00:00,54.87375754413329,9.025142752600761,1108.015715,1099.719585,SHORT,stop_loss,0.5487375754413328,1.0,20.0
2022-06-20 01:00:00,2022-06-20 02:00:00,-31.576361826069732,9.306767073653917,1074.486975,1073.2431100000001,LONG,stop_loss,-0.3157636182606973,1.0,20.0
2022-06-20 04:00:00,2022-06-20 08:00:00,509.4766837662696,9.362386071874091,1068.103785,1124.65739,LONG,signal_reverse,5.0947668376626964,1.0,20.0
2022-06-20 08:00:00,2022-06-20 10:00:00,-329.44579486558126,8.891596755523919,1124.65739,1159.45944,SHORT,stop_loss,-3.294457948655813,1.0,20.0
2022-06-20 14:00:00,2022-06-20 16:00:00,249.31005528043227,8.781864424242174,1138.71036,1108.043745,SHORT,signal_reverse,2.4931005528043224,1.0,20.0
2022-06-20 16:00:00,2022-06-20 18:00:00,-95.21250887075588,9.024914445051987,1108.043745,1099.7098700000001,LONG,stop_loss,-0.9521250887075589,1.0,20.0
2022-06-20 23:00:00,2022-06-21 05:00:00,-228.5140012820194,8.87739569950012,1126.45649,1149.944685,SHORT,stop_loss,-2.285140012820194,1.0,20.0
2022-06-21 13:00:00,2022-06-21 18:00:00,315.99876978555477,8.453455313086694,1182.94823,1143.201315,SHORT,signal_reverse,3.1599876978555477,1.0,20.0
2022-06-21 18:00:00,2022-06-21 19:00:00,-195.15012218123638,8.747365725344709,1143.201315,1123.17813,LONG,stop_loss,-1.951501221812364,1.0,20.0
2022-06-21 23:00:00,2022-06-22 00:00:00,-96.0863221631681,8.887685733245561,1125.1522949999999,1116.591425,LONG,stop_loss,-0.960863221631681,1.0,20.0
2022-06-22 12:00:00,2022-06-22 13:00:00,247.12281636692398,9.241881569640611,1082.030745,1110.9342550000001,LONG,signal_reverse,2.47122816366924,1.0,20.0
2022-06-22 13:00:00,2022-06-22 15:00:00,310.8695796764317,9.00143276255353,1110.9342550000001,1074.1768200000001,SHORT,signal_reverse,3.108695796764317,1.0,20.0
2022-06-22 15:00:00,2022-06-22 16:00:00,12.155739499201367,9.309454285189284,1074.1768200000001,1077.6309150000002,LONG,stop_loss,0.12155739499201366,1.0,20.0
2022-06-22 19:00:00,2022-06-22 20:00:00,-231.84630775344425,9.345316121952488,1070.05476,1047.3860450000002,LONG,stop_loss,-2.3184630775344424,1.0,20.0
2022-06-23 01:00:00,2022-06-23 06:00:00,-170.4979212869326,9.232262158577674,1083.15815,1099.459455,SHORT,stop_loss,-1.7049792128693262,1.0,20.0
2022-06-23 06:00:00,2022-06-23 09:00:00,-127.28945111552537,9.104478529861977,1098.360545,1110.144795,SHORT,stop_loss,-1.2728945111552536,1.0,20.0
2022-06-23 14:00:00,2022-06-23 15:00:00,125.05609178705629,9.010674563201356,1109.794825,1093.696575,SHORT,signal_reverse,1.250560917870563,1.0,20.0
2022-06-23 15:00:00,2022-06-23 19:00:00,267.4707274273017,9.14330375405994,1093.6965750000002,1125.13715,LONG,signal_reverse,2.6747072742730174,1.0,20.0
2022-06-23 19:00:00,2022-06-23 20:00:00,-108.79033102764323,8.8878053666613,1125.13715,1135.12728,SHORT,stop_loss,-1.0879033102764324,1.0,20.000000000000004
2022-06-24 07:00:00,2022-06-24 11:00:00,-446.47788022854735,8.719412345090484,1146.86628,1195.77759,SHORT,stop_loss,-4.4647788022854735,1.0,20.0
2022-06-25 01:00:00,2022-06-25 02:00:00,105.03639540833058,8.180237027521423,1222.458465,1207.1732849999999,SHORT,signal_reverse,1.0503639540833059,1.0,20.000000000000004
2022-06-25 02:00:00,2022-06-25 07:00:00,194.63252477460443,8.283814862586196,1207.1732849999999,1233.0831500000002,LONG,signal_reverse,1.9463252477460442,1.0,20.0
2022-06-25 07:00:00,2022-06-25 11:00:00,111.49981004930687,8.109753182500306,1233.08315,1216.8681299999998,SHORT,signal_reverse,1.1149981004930687,1.0,20.000000000000004
2022-06-25 11:00:00,2022-06-25 12:00:00,-197.47251709189044,8.21781732421573,1216.86813,1195.2720649999999,LONG,stop_loss,-1.9747251709189044,1.0,20.0
2022-06-25 18:00:00,2022-06-25 21:00:00,-326.20349763392244,8.260336771699892,1210.604395,1247.673525,SHORT,stop_loss,-3.2620349763392245,1.0,20.000000000000004
2022-06-25 21:00:00,2022-06-26 11:00:00,-210.77186241571067,8.022936130267933,1246.426475,1270.204785,SHORT,stop_loss,-2.1077186241571066,1.0,20.0
2022-06-26 13:00:00,2022-06-26 18:00:00,-109.74967360968091,8.1423028974621,1228.15377,1217.13113,LONG,stop_loss,-1.097496736096809,1.0,20.0
2022-06-26 20:00:00,2022-06-26 22:00:00,235.74734269790002,8.02718450986499,1245.7668050000002,1213.90665,SHORT,signal_reverse,2.3574734269790003,1.0,20.0
2022-06-26 22:00:00,2022-06-26 23:00:00,-163.87572553457835,8.237865737039995,1213.90665,1196.44148,LONG,stop_loss,-1.6387572553457834,1.0,20.0
2022-06-27 07:00:00,2022-06-27 11:00:00,33.972333695912354,8.156296366760653,1226.0466700000002,1219.42941,SHORT,signal_reverse,0.33972333695912355,1.0,19.999999999999996
2022-06-27 11:00:00,2022-06-27 13:00:00,-328.26405113519303,8.200556684949891,1219.42941,1181.8387850000001,LONG,stop_loss,-3.28264051135193,1.0,20.000000000000004
2022-06-27 23:00:00,2022-06-28 01:00:00,-204.82701108779935,8.393448575969822,1191.405405,1169.385015,LONG,stop_loss,-2.0482701108779935,1.0,20.0
2022-06-28 06:00:00,2022-06-28 08:00:00,-242.29059395618205,8.350236194572243,1197.570915,1224.1917899999999,SHORT,stop_loss,-2.4229059395618204,1.0,20.0
2022-06-28 14:00:00,2022-06-28 15:00:00,-200.9964348099953,8.309226605106598,1203.48144,1181.698855,LONG,stop_loss,-2.009964348099953,1.0,20.0
2022-06-29 05:00:00,2022-06-29 06:00:00,-146.8635120326129,8.838017613028999,1131.475455,1117.1211600000001,LONG,stop_loss,-1.468635120326129,1.0,20.0
2022-06-29 15:00:00,2022-06-29 16:00:00,-167.94601710868912,8.979832441265554,1113.606525,1097.1311600000001,LONG,stop_loss,-1.679460171086891,1.0,20.0
2022-06-29 23:00:00,2022-06-30 01:00:00,-147.35322530884577,9.102087695793301,1098.64905,1084.6574,LONG,stop_loss,-1.4735322530884576,1.0,20.0
2022-06-30 18:00:00,2022-06-30 20:00:00,-132.84955185047872,9.791246655842542,1021.3204049999999,1009.79485,LONG,stop_loss,-1.328495518504787,1.0,20.0
2022-06-30 23:00:00,2022-07-01 00:00:00,-258.21537621926495,9.352042868193365,1069.2850899999999,1094.757105,SHORT,stop_loss,-2.5821537621926494,1.0,20.0
2022-07-01 08:00:00,2022-07-01 10:00:00,252.27442164153769,9.364034349993567,1067.915775,1038.83916,SHORT,signal_reverse,2.522744216415377,1.0,20.0
2022-07-01 10:00:00,2022-07-01 16:00:00,209.57576993920821,9.6261292267804,1038.83916,1062.68839,LONG,signal_reverse,2.0957576993920823,1.0,20.0
2022-07-01 16:00:00,2022-07-01 17:00:00,-120.9519827350324,9.410096218327933,1062.68839,1073.41644,SHORT,stop_loss,-1.209519827350324,1.0,20.0
2022-07-01 20:00:00,2022-07-01 23:00:00,64.71626608973146,9.364384928305261,1067.8757950000002,1058.8291499999998,SHORT,signal_reverse,0.6471626608973146,1.0,20.0
2022-07-01 23:00:00,2022-07-02 02:00:00,-198.39875299995137,9.444394310451314,1058.82915,1039.9397700000002,LONG,stop_loss,-1.9839875299995136,1.0,20.0
2022-07-02 02:00:00,2022-07-02 12:00:00,132.27080729477333,9.606330371903411,1040.9802300000001,1056.83132,LONG,signal_reverse,1.3227080729477334,1.0,20.0
2022-07-02 12:00:00,2022-07-02 18:00:00,-137.7392244582594,9.462247958359145,1056.83132,1069.2743699999999,SHORT,stop_loss,-1.3773922445825941,1.0,20.0
2022-07-03 01:00:00,2022-07-03 04:00:00,123.74253046320572,9.471332523524932,1055.8176449999999,1070.9942350000001,LONG,signal_reverse,1.2374253046320571,1.0,20.0
2022-07-03 04:00:00,2022-07-03 05:00:00,101.24710456541254,9.337118420623431,1070.994235,1058.00874,SHORT,stop_loss,1.0124710456541255,1.0,20.0
2022-07-03 08:00:00,2022-07-03 13:00:00,-170.7192784000461,9.462007610075096,1056.8581649999999,1040.9292750000002,LONG,stop_loss,-1.7071927840004613,1.0,20.0
2022-07-03 19:00:00,2022-07-04 02:00:00,227.65840853934398,9.2939243492867,1075.971745,1049.3244,SHORT,signal_reverse,2.2765840853934396,1.0,20.0
2022-07-04 02:00:00,2022-07-04 09:00:00,146.41126423820808,9.529941360364822,1049.3244,1066.7863399999999,LONG,signal_reverse,1.4641126423820807,1.0,20.0
2022-07-04 09:00:00,2022-07-04 11:00:00,-331.6219129690025,9.37394830158774,1066.7863399999999,1100.02974,SHORT,stop_loss,-3.3162191296900247,1.0,20.0
2022-07-05 08:00:00,2022-07-05 09:00:00,-98.7406259910915,8.795398145663569,1136.9581950000002,1128.005715,LONG,stop_loss,-0.987406259910915,1.0,20.0
2022-07-05 18:00:00,2022-07-05 19:00:00,-198.0603978910481,8.88267634505316,1125.786825,1145.8326299999999,SHORT,stop_loss,-1.980603978910481,1.0,20.0
2022-07-06 01:00:00,2022-07-06 07:00:00,186.9216993750771,8.971691379953167,1114.6170299999999,1137.680875,LONG,signal_reverse,1.8692169937507712,1.0,20.0
2022-07-06 07:00:00,2022-07-06 18:00:00,-233.76675598945982,8.789811114650231,1137.680875,1162.00071,SHORT,stop_loss,-2.3376675598945984,1.0,20.0
2022-07-06 18:00:00,2022-07-06 22:00:00,-271.84752318298854,8.614456872837238,1160.8392900000001,1190.07474,SHORT,stop_loss,-2.7184752318298857,1.0,20.0
2022-07-07 05:00:00,2022-07-07 08:00:00,149.72518568977424,8.586919447714415,1164.56199,1184.3275400000002,LONG,signal_reverse,1.4972518568977424,1.0,20.0
2022-07-07 08:00:00,2022-07-07 14:00:00,-339.44908585001605,8.44361011819416,1184.32754,1222.1607749999998,SHORT,stop_loss,-3.3944908585001605,1.0,19.999999999999996
2022-07-07 23:00:00,2022-07-08 01:00:00,-231.49926586662204,8.094596727575526,1235.391995,1261.520445,SHORT,stop_loss,-2.3149926586662204,1.0,20.0
2022-07-08 08:00:00,2022-07-08 13:00:00,-185.39745181932435,8.213427861346052,1217.5184550000001,1197.38101,LONG,stop_loss,-1.8539745181932434,1.0,20.0
2022-07-08 15:00:00,2022-07-08 20:00:00,-96.06720958380102,8.101741409363056,1234.3025400000001,1243.691535,SHORT,stop_loss,-0.9606720958380102,1.0,20.0
2022-07-08 23:00:00,2022-07-09 07:00:00,61.58011193811294,8.239291807492128,1213.696545,1223.597895,LONG,signal_reverse,0.6158011193811294,1.0,20.000000000000004
2022-07-09 07:00:00,2022-07-09 11:00:00,86.185986859679,8.172619486240615,1223.597895,1210.605,SHORT,signal_reverse,0.8618598685967901,1.0,19.999999999999996
2022-07-09 11:00:00,2022-07-09 16:00:00,66.52000446058054,8.260332643595557,1210.605,1221.0791550000001,LONG,signal_reverse,0.6652000446058053,1.0,20.0
2022-07-09 16:00:00,2022-07-09 22:00:00,17.845458102183358,8.189477282494433,1221.0791550000001,1216.457925,SHORT,signal_reverse,0.1784545810218336,1.0,20.0
2022-07-09 22:00:00,2022-07-10 02:00:00,-241.2406565562034,8.22058847616945,1216.457925,1189.5449300000002,LONG,stop_loss,-2.412406565562034,1.0,20.0
2022-07-10 18:00:00,2022-07-11 01:00:00,-160.52456271971135,8.563597222936746,1167.7335750000002,1151.3240500000002,LONG,stop_loss,-1.6052456271971136,1.0,20.0
2022-07-11 01:00:00,2022-07-11 12:00:00,-29.214465603381342,8.67697065609048,1152.47595,1151.414005,LONG,signal_reverse,-0.2921446560338134,1.0,20.0
2022-07-11 12:00:00,2022-07-11 13:00:00,112.49977795780099,8.684973394951887,1151.414005,1136.1577949999999,SHORT,signal_reverse,1.12499777957801,1.0,20.0
2022-07-11 13:00:00,2022-07-11 17:00:00,128.53042486057257,8.801594324316545,1136.1577949999999,1153.033195,LONG,signal_reverse,1.2853042486057256,1.0,20.0
2022-07-11 17:00:00,2022-07-11 20:00:00,109.34944166980435,8.67277719615002,1153.033195,1138.118775,SHORT,signal_reverse,1.0934944166980436,1.0,20.0
2022-07-11 20:00:00,2022-07-11 21:00:00,-177.79666757540164,8.786429166850358,1138.118775,1120.15964,LONG,stop_loss,-1.7779666757540165,1.0,19.999999999999996
2022-07-12 16:00:00,2022-07-12 18:00:00,173.19171735918883,9.244204473113394,1081.75885,1060.8601649999998,SHORT,signal_reverse,1.7319171735918883,1.0,20.0
2022-07-12 18:00:00,2022-07-12 19:00:00,-216.5426800618886,9.426313033443009,1060.8601649999998,1040.009735,LONG,stop_loss,-2.165426800618886,1.0,20.0
2022-07-13 02:00:00,2022-07-13 07:00:00,-151.65272275632174,9.476767481814296,1055.2121300000001,1069.104285,SHORT,stop_loss,-1.5165272275632173,1.0,20.0
2022-07-13 12:00:00,2022-07-13 16:00:00,401.28624959375804,9.720590236377683,1028.744115,1072.08369,LONG,signal_reverse,4.01286249593758,1.0,20.0
2022-07-13 16:00:00,2022-07-13 17:00:00,-220.4771194681643,9.327630009929543,1072.08369,1093.576515,SHORT,stop_loss,-2.204771194681643,1.0,20.0
2022-07-13 21:00:00,2022-07-13 23:00:00,-260.6015915802294,9.18252384082769,1089.025215,1115.227335,SHORT,stop_loss,-2.606015915802294,1.0,20.0
2022-07-13 23:00:00,2022-07-14 07:00:00,131.81893655252574,8.975752914540289,1114.112665,1097.198325,SHORT,signal_reverse,1.3181893655252575,1.0,20.0
2022-07-14 07:00:00,2022-07-14 09:00:00,-105.2400134679381,9.114122553914761,1097.198325,1087.8458050000002,LONG,stop_loss,-1.052400134679381,1.0,19.999999999999996
2022-07-14 13:00:00,2022-07-14 14:00:00,82.08654161257309,9.221843167580664,1084.3819199999998,1095.452,LONG,signal_reverse,0.8208654161257309,1.0,20.0
2022-07-14 14:00:00,2022-07-14 15:00:00,-427.57390556592105,9.128651917199475,1095.452,1140.099765,SHORT,stop_loss,-4.27573905565921,1.0,20.0
2022-07-15 01:00:00,2022-07-15 09:00:00,-109.51390358183137,8.278038176805468,1208.01569,1218.82911,SHORT,stop_loss,-1.0951390358183137,1.0,20.0
2022-07-15 09:00:00,2022-07-15 14:00:00,-103.87503005989144,8.212804338502592,1217.61089,1227.823605,SHORT,stop_loss,-1.0387503005989145,1.0,20.000000000000004
2022-07-15 18:00:00,2022-07-15 20:00:00,-38.94129589484577,7.9748459641555485,1253.942715,1256.317845,SHORT,stop_loss,-0.38941295894845773,1.0,20.0
2022-07-15 23:00:00,2022-07-16 00:00:00,-178.51931535714922,8.120142741228399,1231.505445,1211.9837049999999,LONG,stop_loss,-1.7851931535714922,1.0,20.0
2022-07-16 05:00:00,2022-07-16 12:00:00,39.06891792298051,8.28518820822022,1206.9731849999998,1214.1026450000002,LONG,signal_reverse,0.3906891792298051,1.0,20.0
2022-07-16 12:00:00,2022-07-16 13:00:00,-193.91161354400853,8.23653588202174,1214.102645,1235.2172999999998,SHORT,stop_loss,-1.9391161354400852,1.0,20.000000000000004
2022-07-17 03:00:00,2022-07-17 06:00:00,-187.03658152091393,7.392986456355621,1352.633345,1375.2272699999999,SHORT,stop_loss,-1.8703658152091394,1.0,20.0
2022-07-17 08:00:00,2022-07-17 13:00:00,179.51473465119304,7.319644517218628,1366.186565,1338.92913,SHORT,signal_reverse,1.7951473465119303,1.0,20.0
2022-07-17 13:00:00,2022-07-17 17:00:00,-112.63167648014289,7.468655193124374,1338.92913,1326.526405,LONG,stop_loss,-1.126316764801429,1.0,20.0
2022-07-17 17:00:00,2022-07-17 21:00:00,257.84456162126895,7.5309507295493665,1327.853595,1364.7472850000001,LONG,signal_reverse,2.5784456162126896,1.0,20.0
2022-07-17 21:00:00,2022-07-17 23:00:00,170.20536098740297,7.327363908256465,1364.7472850000001,1338.7890599999998,SHORT,signal_reverse,1.7020536098740298,1.0,20.0
2022-07-17 23:00:00,2022-07-18 02:00:00,525.4532172529123,7.469436596680885,1338.7890599999998,1411.81374,LONG,signal_reverse,5.254532172529123,1.0,20.0
2022-07-18 02:00:00,2022-07-18 05:00:00,-177.76121430862196,7.083087320002991,1411.81374,1434.0866849999998,SHORT,stop_loss,-1.7776121430862195,1.0,20.0
2022-07-18 22:00:00,2022-07-18 23:00:00,-461.8363408590063,6.6026545906755265,1514.54235,1581.460335,SHORT,stop_loss,-4.618363408590064,1.0,20.0
2022-07-19 08:00:00,2022-07-19 11:00:00,-75.79051767131419,6.5188937112731065,1534.0026149999999,1542.5608949999998,SHORT,stop_loss,-0.757905176713142,1.0,20.0
2022-07-19 16:00:00,2022-07-19 19:00:00,-12.079234377863255,6.398860613760026,1562.77822,1561.54038,SHORT,stop_loss,-0.12079234377863254,1.0,20.0
2022-07-19 21:00:00,2022-07-19 23:00:00,182.78327067665398,6.348714394382055,1575.122045,1543.181205,SHORT,signal_reverse,1.8278327067665399,1.0,20.0
2022-07-19 23:00:00,2022-07-20 00:00:00,-157.52477629482294,6.480120395193642,1543.181205,1521.95864,LONG,stop_loss,-1.5752477629482293,1.0,20.0
2022-07-20 03:00:00,2022-07-20 07:00:00,165.65887442117392,6.40570238701229,1561.1090550000001,1532.1256799999999,SHORT,signal_reverse,1.6565887442117393,1.0,20.0
2022-07-20 07:00:00,2022-07-20 10:00:00,368.8588957010384,6.526879700887202,1532.1256799999999,1591.7037500000001,LONG,signal_reverse,3.6885889570103845,1.0,20.0
2022-07-20 10:00:00,2022-07-20 12:00:00,-92.48503372565393,6.282576138932889,1591.70375,1603.2412199999999,SHORT,stop_loss,-0.9248503372565393,1.0,20.0
2022-07-20 16:00:00,2022-07-20 20:00:00,-269.3878909270184,6.414371846562504,1558.99911,1520.11956,LONG,stop_loss,-2.6938789092701843,1.0,20.0
2022-07-20 22:00:00,2022-07-21 02:00:00,-280.09830678857344,6.543630190875337,1528.20372,1488.4554,LONG,stop_loss,-2.8009830678857344,1.0,20.0
2022-07-21 02:00:00,2022-07-21 04:00:00,-57.70029435993769,6.71165894356072,1489.9446,1484.327465,LONG,stop_loss,-0.5770029435993769,1.0,20.0
2022-07-21 09:00:00,2022-07-21 16:00:00,-344.4880186786602,6.620173825837942,1510.534355,1559.5493849999998,SHORT,stop_loss,-3.4448801867866017,1.0,19.999999999999996
2022-07-22 05:00:00,2022-07-22 07:00:00,-101.51358113452011,6.291623434169465,1589.4148950000001,1602.3707849999998,SHORT,stop_loss,-1.0151358113452011,1.0,20.0
2022-07-22 15:00:00,2022-07-22 19:00:00,-336.5874573617192,6.345590148466218,1575.897555,1526.006615,LONG,stop_loss,-3.365874573617192,1.0,20.0
2022-07-23 02:00:00,2022-07-23 04:00:00,-160.52611978972558,6.385506086333952,1566.0465849999998,1588.0536299999999,SHORT,stop_loss,-1.6052611978972557,1.0,20.0
2022-07-23 08:00:00,2022-07-23 11:00:00,-209.03127705737916,6.448014308040581,1550.865045,1521.548845,LONG,stop_loss,-2.090312770573792,1.0,20.0
2022-07-23 22:00:00,2022-07-24 00:00:00,-175.8545602064352,6.48761323411208,1541.398915,1565.4223200000001,SHORT,stop_loss,-1.7585456020643522,1.0,20.0
2022-07-24 04:00:00,2022-07-24 05:00:00,-283.4715371172345,6.407179177633875,1560.749235,1601.8705349999998,SHORT,stop_loss,-2.834715371172345,1.0,20.0
2022-07-24 11:00:00,2022-07-24 22:00:00,34.41661906956964,6.191291043979891,1615.17201,1606.3827899999999,SHORT,stop_loss,0.34416619069569643,1.0,20.0
2022-07-25 00:00:00,2022-07-25 01:00:00,-121.13193517116189,6.412273131812837,1559.5093650000001,1543.7377450000001,LONG,stop_loss,-1.2113193517116188,1.0,20.0
2022-07-25 10:00:00,2022-07-25 13:00:00,134.91438315221424,6.466730763824208,1546.3764250000002,1522.42083,SHORT,signal_reverse,1.3491438315221422,1.0,20.0
2022-07-25 13:00:00,2022-07-25 19:00:00,-203.11937442421868,6.568486060454125,1522.42083,1494.542355,LONG,stop_loss,-2.031193744242187,1.0,20.0
2022-07-25 22:00:00,2022-07-25 23:00:00,-302.0629942254051,6.7444027198597984,1482.710985,1440.889195,LONG,stop_loss,-3.020629942254051,1.0,20.0
2022-07-26 22:00:00,2022-07-26 23:00:00,-294.1764298988551,7.088306246812301,1410.77426,1449.4543649999998,SHORT,stop_loss,-2.941764298988551,1.0,20.0
2022-07-27 04:00:00,2022-07-27 05:00:00,-154.6120318896208,6.973390650048529,1434.02263,1453.3262999999997,SHORT,stop_loss,-1.5461203188962078,1.0,20.0
2022-07-27 12:00:00,2022-07-27 16:00:00,-58.414460835487745,6.760776358068078,1479.12007,1484.8020299999998,SHORT,stop_loss,-0.5841446083548775,1.0,20.0
2022-07-28 11:00:00,2022-07-28 13:00:00,98.46441092046629,6.094219782454148,1640.89914,1621.460325,SHORT,stop_loss,0.9846441092046629,1.0,20.0
2022-07-28 14:00:00,2022-07-28 15:00:00,-488.97664972140217,6.056003644648337,1651.25396,1728.6939149999998,SHORT,stop_loss,-4.889766497214022,1.0,20.0
2022-07-29 04:00:00,2022-07-29 11:00:00,306.3400918411105,5.748580811207934,1739.5597850000001,1682.790975,SHORT,signal_reverse,3.0634009184111055,1.0,20.0
2022-07-29 11:00:00,2022-07-29 12:00:00,-119.91959934299047,5.942508694521611,1682.7909750000001,1665.976595,LONG,stop_loss,-1.1991959934299046,1.0,20.0
2022-07-29 14:00:00,2022-07-29 16:00:00,160.0209027326454,5.802961801528099,1723.25794,1692.235695,SHORT,signal_reverse,1.600209027326454,1.0,20.0
2022-07-29 16:00:00,2022-07-29 18:00:00,161.01757391425363,5.909342315344554,1692.235695,1722.8681350000002,LONG,signal_reverse,1.6101757391425362,1.0,20.0
2022-07-29 18:00:00,2022-07-29 23:00:00,-23.094462014644563,5.804274742129351,1722.868135,1723.4012699999998,SHORT,stop_loss,-0.23094462014644565,1.0,20.000000000000004
2022-07-30 03:00:00,2022-07-30 10:00:00,-158.39522131672635,5.852594580569406,1708.643895,1684.99708,LONG,stop_loss,-1.5839522131672636,1.0,20.0
2022-07-30 12:00:00,2022-07-30 19:00:00,135.78037913372773,5.814123872624302,1719.949595,1693.156155,SHORT,signal_reverse,1.3578037913372774,1.0,20.0
2022-07-30 19:00:00,2022-07-31 10:00:00,114.16057303940933,5.906129786357479,1693.156155,1715.8716350000002,LONG,signal_reverse,1.1416057303940934,1.0,20.0
2022-07-31 10:00:00,2022-07-31 18:00:00,22.414390747825635,5.827941785400514,1715.871635,1708.59387,SHORT,stop_loss,0.22414390747825635,1.0,20.0
2022-07-31 19:00:00,2022-07-31 21:00:00,58.38832188008882,5.8239386820326,1717.0510450000002,1703.5913699999999,SHORT,signal_reverse,0.5838832188008881,1.0,20.0
2022-07-31 21:00:00,2022-07-31 22:00:00,-133.0198258752626,5.869952252693085,1703.59137,1684.33741,LONG,stop_loss,-1.330198258752626,1.0,19.999999999999996
2022-08-01 06:00:00,2022-08-01 10:00:00,-197.29485491494785,5.927179326780895,1687.1431499999999,1657.23097,LONG,stop_loss,-1.9729485491494785,1.0,19.999999999999996
2022-08-01 10:00:00,2022-08-01 17:00:00,-177.06810117371043,6.0281307665287285,1658.88903,1632.8331750000002,LONG,stop_loss,-1.7706810117371043,1.0,20.0
2022-08-02 01:00:00,2022-08-02 02:00:00,-133.3797788088359,6.223615797675329,1606.78299,1588.56532,LONG,stop_loss,-1.3337977880883591,1.0,20.0
2022-08-02 08:00:00,2022-08-02 14:00:00,245.84978672016055,6.322629567221413,1581.6204149999999,1623.66776,LONG,signal_reverse,2.4584978672016056,1.0,20.0
2022-08-02 14:00:00,2022-08-02 16:00:00,-302.85725153525226,6.158895462702295,1623.66776,1669.59438,SHORT,stop_loss,-3.0285725153525225,1.0,20.0
2022-08-02 20:00:00,2022-08-03 00:00:00,283.9797190444734,6.056113617172983,1651.2239749999999,1601.030115,SHORT,signal_reverse,2.8397971904447346,1.0,20.0
2022-08-03 00:00:00,2022-08-03 06:00:00,184.25980556899174,6.245978702280687,1601.030115,1633.732725,LONG,signal_reverse,1.8425980556899173,1.0,20.0
2022-08-03 06:00:00,2022-08-03 09:00:00,-153.46509907243296,6.12095225061982,1633.7327249999998,1655.537355,SHORT,stop_loss,-1.5346509907243298,1.0,20.0
2022-08-03 16:00:00,2022-08-03 20:00:00,94.28608846731052,6.013019190722117,1663.0580550000002,1644.0516149999999,SHORT,signal_reverse,0.9428608846731051,1.0,20.0
2022-08-03 20:00:00,2022-08-03 22:00:00,-157.90753157102097,6.082534093675641,1644.051615,1621.378905,LONG,stop_loss,-1.5790753157102095,1.0,20.0
2022-08-04 02:00:00,2022-08-04 06:00:00,137.49988558948414,6.0462685988437,1653.91263,1627.8635249999998,SHORT,signal_reverse,1.3749988558948414,1.0,20.0
2022-08-04 06:00:00,2022-08-04 13:00:00,11.204059320637175,6.1430211110602775,1627.863525,1632.9431200000001,LONG,signal_reverse,0.11204059320637175,1.0,20.0
2022-08-04 13:00:00,2022-08-04 14:00:00,94.12749024595507,6.123912019666674,1632.94312,1614.30675,SHORT,signal_reverse,0.9412749024595508,1.0,20.0
2022-08-04 14:00:00,2022-08-04 16:00:00,-189.11686703905505,6.194609543694221,1614.30675,1587.0061,LONG,stop_loss,-1.8911686703905504,1.0,20.0
2022-08-04 16:00:00,2022-08-04 23:00:00,98.54499126554786,6.294874983468086,1588.5938999999998,1607.425885,LONG,signal_reverse,0.9854499126554787,1.0,20.0
2022-08-04 23:00:00,2022-08-05 01:00:00,-274.2440704816687,6.221126643111138,1607.425885,1648.293735,SHORT,stop_loss,-2.7424407048166866,1.0,20.0
2022-08-05 01:00:00,2022-08-05 06:00:00,-135.42336325646622,6.072949735807404,1646.646265,1665.65241,SHORT,stop_loss,-1.354233632564662,1.0,19.999999999999996
2022-08-05 13:00:00,2022-08-05 14:00:00,-79.95020790906634,5.935819891221531,1684.6872349999999,1694.7869699999999,SHORT,stop_loss,-0.7995020790906634,1.0,20.0
2022-08-05 21:00:00,2022-08-05 23:00:00,-252.80180083919888,5.889591526319566,1697.9106199999999,1737.438285,SHORT,stop_loss,-2.5280180083919888,1.0,20.0
2022-08-06 08:00:00,2022-08-06 21:00:00,22.14709497211815,5.84845084771833,1709.8545,1717.0610400000003,LONG,signal_reverse,0.2214709497211815,1.0,20.0
2022-08-06 21:00:00,2022-08-06 23:00:00,130.75687117098744,5.8239047809272995,1717.06104,1691.1751649999999,SHORT,signal_reverse,1.3075687117098742,1.0,20.000000000000004
2022-08-06 23:00:00,2022-08-07 11:00:00,-14.451461803483681,5.913048043133959,1691.1751649999999,1692.11352,LONG,signal_reverse,-0.1445146180348368,1.0,20.0
2022-08-07 11:00:00,2022-08-07 13:00:00,-120.11491427596391,5.909768985239241,1692.11352,1709.0541,SHORT,stop_loss,-1.2011491427596392,1.0,20.0
2022-08-07 16:00:00,2022-08-07 23:00:00,5.309036982260723,5.863187921572555,1705.5567950000002,1701.240195,SHORT,signal_reverse,0.05309036982260723,1.0,20.0
2022-08-07 23:00:00,2022-08-08 02:00:00,57.36811673439172,5.878064737354739,1701.240195,1714.40237,LONG,signal_reverse,0.5736811673439172,1.0,20.0
2022-08-08 02:00:00,2022-08-08 06:00:00,-139.54396096640815,5.832936406871626,1714.40237,1734.8970149999998,SHORT,stop_loss,-1.3954396096640815,1.0,20.0
2022-08-08 19:00:00,2022-08-09 01:00:00,67.30318908578343,5.608971269096356,1782.858125,1767.293205,SHORT,signal_reverse,0.6730318908578342,1.0,20.0
2022-08-09 01:00:00,2022-08-09 07:00:00,60.776437999148605,5.65837064936828,1767.2932050000002,1781.56877,LONG,signal_reverse,0.607764379991486,1.0,20.0
2022-08-09 07:00:00,2022-08-09 08:00:00,27.894278030031384,5.613030587643271,1781.56877,1773.036075,SHORT,signal_reverse,0.27894278030031383,1.0,20.0
2022-08-09 08:00:00,2022-08-09 09:00:00,-243.30752632881396,5.640043167198388,1773.036075,1733.442845,LONG,stop_loss,-2.43307526328814,1.0,19.999999999999996
2022-08-09 21:00:00,2022-08-10 00:00:00,173.04471237493354,5.860474754715689,1706.3464000000001,1673.4062849999998,SHORT,signal_reverse,1.7304471237493353,1.0,20.0
2022-08-10 00:00:00,2022-08-10 08:00:00,148.29448563951243,5.975835091356789,1673.406285,1701.5687900000003,LONG,signal_reverse,1.4829448563951244,1.0,20.0
2022-08-10 08:00:00,2022-08-10 12:00:00,-747.9956927277673,5.8769296068247705,1701.56879,1825.442265,SHORT,stop_loss,-7.479956927277673,1.0,20.0
2022-08-11 08:00:00,2022-08-11 12:00:00,-221.3308833224774,5.288447613063666,1890.9140699999998,1928.98401,SHORT,stop_loss,-2.213308833224774,1.0,20.000000000000004
2022-08-11 18:00:00,2022-08-12 00:00:00,-38.515285192147275,5.294748426011603,1888.66386,1885.166945,LONG,stop_loss,-0.38515285192147275,1.0,20.0
2022-08-12 01:00:00,2022-08-12 02:00:00,89.034121344165,5.311715797368655,1882.6308450000001,1903.157945,LONG,signal_reverse,0.89034121344165,1.0,20.0
2022-08-12 02:00:00,2022-08-12 10:00:00,127.54884151246775,5.254424639989615,1903.157945,1875.07707,SHORT,signal_reverse,1.2754884151246775,1.0,20.0
2022-08-12 10:00:00,2022-08-12 15:00:00,101.50713890389612,5.333114121010503,1875.07707,1897.860595,LONG,signal_reverse,1.015071389038961,1.0,20.0
2022-08-12 15:00:00,2022-08-12 18:00:00,-102.33307568093484,5.269090904961859,1897.8605949999999,1913.4862649999998,SHORT,stop_loss,-1.0233307568093484,1.0,20.0
2022-08-13 09:00:00,2022-08-13 13:00:00,92.3253999974429,4.9946596349983645,2002.1384300000002,1979.64933,SHORT,signal_reverse,0.923253999974429,1.0,20.0
2022-08-13 13:00:00,2022-08-13 17:00:00,79.31311925834767,5.051399684003631,1979.6493300000002,1999.309845,LONG,signal_reverse,0.7931311925834766,1.0,20.0
2022-08-13 17:00:00,2022-08-13 19:00:00,91.19737171103785,5.001725983097932,1999.309845,1977.0780449999997,SHORT,signal_reverse,0.9119737171103784,1.0,20.0
2022-08-13 19:00:00,2022-08-14 04:00:00,52.30756537989853,5.057969272022339,1977.078045,1991.373815,LONG,signal_reverse,0.5230756537989852,1.0,19.999999999999996
2022-08-14 04:00:00,2022-08-14 07:00:00,-158.47302195243537,5.02165887924965,1991.373815,2018.94897,SHORT,stop_loss,-1.5847302195243538,1.0,20.0
2022-08-14 09:00:00,2022-08-14 12:00:00,86.09734837762983,4.9783066801597355,2008.71514,1987.403205,SHORT,signal_reverse,0.8609734837762983,1.0,19.999999999999996
2022-08-14 12:00:00,2022-08-14 16:00:00,-253.1898221931264,5.031691593754877,1987.403205,1941.0589850000001,LONG,stop_loss,-2.5318982219312636,1.0,20.0
2022-08-14 16:00:00,2022-08-14 18:00:00,-88.94643850713639,5.14667770258473,1943.001015,1929.604715,LONG,stop_loss,-0.8894643850713639,1.0,20.0
2022-08-14 22:00:00,2022-08-15 00:00:00,98.84393750647827,5.17061338552261,1934.00652,1956.991015,LONG,signal_reverse,0.9884393750647826,1.0,20.0
2022-08-15 00:00:00,2022-08-15 02:00:00,-249.58431927190009,5.10988549428777,1956.991015,2001.92046,SHORT,stop_loss,-2.495843192719001,1.0,20.0
2022-08-15 06:00:00,2022-08-15 08:00:00,-40.156282682859555,5.240393487521955,1908.2536499999999,1904.40732,LONG,stop_loss,-0.4015628268285955,1.0,20.0
2022-08-15 16:00:00,2022-08-15 18:00:00,139.7405112440542,5.1852287103790715,1928.55524,1897.7484,SHORT,signal_reverse,1.3974051124405422,1.0,20.0
2022-08-15 18:00:00,2022-08-16 03:00:00,-74.97319876544127,5.269402413934323,1897.7484,1887.3158700000001,LONG,stop_loss,-0.7497319876544127,1.0,19.999999999999996
2022-08-16 09:00:00,2022-08-16 14:00:00,72.64707761015715,5.283253332726393,1892.77314,1875.23715,SHORT,signal_reverse,0.7264707761015715,1.0,20.0
2022-08-16 14:00:00,2022-08-17 00:00:00,80.92214203414221,5.332658858640892,1875.23715,1894.162445,LONG,signal_reverse,0.8092214203414222,1.0,19.999999999999996
2022-08-17 00:00:00,2022-08-17 05:00:00,-186.24709292026975,5.279378242556171,1894.162445,1925.652345,SHORT,stop_loss,-1.8624709292026975,1.0,20.0
2022-08-17 08:00:00,2022-08-17 12:00:00,-95.724996857832,5.303457725563045,1885.5623099999998,1871.2838900000002,LONG,stop_loss,-0.9572499685783199,1.0,20.0
2022-08-17 19:00:00,2022-08-18 01:00:00,70.04742181178186,5.4368533702230355,1839.2991900000002,1855.861605,LONG,signal_reverse,0.7004742181178186,1.0,20.0
2022-08-18 01:00:00,2022-08-18 06:00:00,66.06309843885224,5.388332822371202,1855.861605,1839.889485,SHORT,signal_reverse,0.6606309843885224,1.0,20.0
2022-08-18 06:00:00,2022-08-18 09:00:00,65.18049658836033,5.435109054933265,1839.889485,1855.5617550000002,LONG,signal_reverse,0.6518049658836034,1.0,20.0
2022-08-18 09:00:00,2022-08-18 23:00:00,24.021816994174596,5.38920355146035,1855.561755,1847.393235,SHORT,signal_reverse,0.24021816994174594,1.0,19.999999999999996
2022-08-18 23:00:00,2022-08-19 00:00:00,-141.82644481752615,5.413032704972529,1847.393235,1824.8871000000001,LONG,stop_loss,-1.4182644481752615,1.0,20.0
2022-08-19 17:00:00,2022-08-19 19:00:00,-60.088376907360086,5.857670938311694,1707.163155,1700.3194150000002,LONG,stop_loss,-0.6008837690736009,1.0,20.000000000000004
2022-08-20 10:00:00,2022-08-20 17:00:00,-125.66313030086661,6.123863454575358,1632.9560700000002,1615.701745,LONG,stop_loss,-1.2566313030086662,1.0,20.000000000000004
2022-08-21 06:00:00,2022-08-21 08:00:00,161.26576211623643,6.361583870891145,1571.9355750000002,1600.4293850000001,LONG,signal_reverse,1.6126576211623642,1.0,20.0
2022-08-21 08:00:00,2022-08-21 09:00:00,-130.90336234984807,6.248323164848664,1600.429385,1618.1786849999999,SHORT,stop_loss,-1.3090336234984807,1.0,20.0
2022-08-21 14:00:00,2022-08-21 21:00:00,-57.42356923309662,6.18619961618405,1616.501345,1622.55087,SHORT,stop_loss,-0.5742356923309662,1.0,20.0
2022-08-22 00:00:00,2022-08-22 04:00:00,-47.80094976204486,6.207266442731461,1611.015105,1606.53633,LONG,stop_loss,-0.4780094976204486,1.0,20.0
2022-08-22 06:00:00,2022-08-22 07:00:00,-204.36792445151443,6.307308460910235,1585.4623350000002,1556.231495,LONG,stop_loss,-2.043679244515144,1.0,19.999999999999996
2022-08-22 15:00:00,2022-08-22 18:00:00,169.5504766948411,6.291979536922135,1589.32494,1559.19921,SHORT,signal_reverse,1.6955047669484111,1.0,20.0
2022-08-22 18:00:00,2022-08-22 22:00:00,155.5843950177478,6.413548657454745,1559.19921,1586.576315,LONG,signal_reverse,1.555843950177478,1.0,20.0
2022-08-22 22:00:00,2022-08-22 23:00:00,-265.53527385791165,6.302879921663271,1586.5763149999998,1625.53236,SHORT,stop_loss,-2.6553527385791167,1.0,20.0
2022-08-23 05:00:00,2022-08-23 09:00:00,226.08396760887317,6.362231776618962,1571.775495,1610.4543700000002,LONG,signal_reverse,2.260839676088732,1.0,20.0
2022-08-23 09:00:00,2022-08-23 13:00:00,-182.58479897198202,6.2094277157321764,1610.45437,1636.63791,SHORT,stop_loss,-1.8258479897198203,1.0,20.0
2022-08-23 13:00:00,2022-08-23 18:00:00,-159.36612154422374,6.116200132808393,1635.00209,1657.78848,SHORT,stop_loss,-1.5936612154422374,1.0,20.0
2022-08-24 01:00:00,2022-08-24 06:00:00,105.71618266275816,6.157781165481086,1623.961575,1644.3774,LONG,signal_reverse,1.0571618266275815,1.0,20.0
2022-08-24 06:00:00,2022-08-24 15:00:00,-259.99417651933135,6.081329018508768,1644.3774,1683.8415,SHORT,stop_loss,-2.5999417651933134,1.0,20.0
2022-08-24 15:00:00,2022-08-24 23:00:00,127.0741609664029,5.944743019162582,1682.1585,1657.4182949999997,SHORT,signal_reverse,1.270741609664029,1.0,20.0
2022-08-24 23:00:00,2022-08-25 01:00:00,84.463188636397,6.03347991883968,1657.418295,1674.732215,LONG,signal_reverse,0.8446318863639701,1.0,20.0
2022-08-25 01:00:00,2022-08-25 06:00:00,-189.3937081158967,5.971103863909371,1674.732215,1703.101125,SHORT,stop_loss,-1.8939370811589669,1.0,20.0
2022-08-25 11:00:00,2022-08-25 22:00:00,61.60006745784459,5.850433885874538,1709.2749350000001,1695.3272399999998,SHORT,signal_reverse,0.6160006745784459,1.0,19.999999999999996
2022-08-25 22:00:00,2022-08-26 05:00:00,-222.3689833474282,5.898566226069723,1695.32724,1661.019075,LONG,stop_loss,-2.2236898334742823,1.0,20.0
2022-08-26 12:00:00,2022-08-26 13:00:00,-89.92517906241659,5.953303324596643,1679.7397099999998,1691.48532,SHORT,stop_loss,-0.8992517906241658,1.0,20.0
2022-08-26 14:00:00,2022-08-26 15:00:00,-282.77809674282514,6.114834357315851,1635.367275,1592.393405,LONG,stop_loss,-2.8277809674282515,1.0,20.0
2022-08-27 08:00:00,2022-08-27 15:00:00,-244.06368809045145,6.653487837168075,1502.97111,1469.294985,LONG,stop_loss,-2.4406368809045142,1.0,20.0
2022-08-27 21:00:00,2022-08-27 23:00:00,165.13215379238875,6.83320856406986,1463.441355,1490.53436,LONG,signal_reverse,1.6513215379238875,1.0,20.0
2022-08-27 23:00:00,2022-08-28 10:00:00,12.282851902857173,6.709003340251748,1490.5343599999999,1485.7224899999999,SHORT,signal_reverse,0.12282851902857173,1.0,20.0
2022-08-28 10:00:00,2022-08-28 14:00:00,-103.59239416238609,6.730732062890157,1485.72249,1473.30298,LONG,stop_loss,-1.0359239416238608,1.0,20.000000000000004
2022-08-28 18:00:00,2022-08-28 21:00:00,54.00819958775895,6.717697318461493,1488.605325,1477.588425,SHORT,signal_reverse,0.5400819958775895,1.0,20.0
2022-08-28 21:00:00,2022-08-28 23:00:00,-373.35597597145477,6.7677844728649665,1477.588425,1425.376955,LONG,stop_loss,-3.733559759714548,1.0,20.0
2022-08-29 05:00:00,2022-08-29 12:00:00,215.264024587026,6.939528222419374,1441.02015,1474.92217,LONG,signal_reverse,2.15264024587026,1.0,20.0
2022-08-29 12:00:00,2022-08-29 13:00:00,-166.4193530971192,6.780018772109175,1474.92217,1496.517885,SHORT,stop_loss,-1.664193530971192,1.0,20.0
2022-08-30 03:00:00,2022-08-30 04:00:00,-279.1790896225202,6.478916814258551,1543.46788,1583.47134,SHORT,stop_loss,-2.7917908962252023,1.0,20.0
2022-08-30 13:00:00,2022-08-30 14:00:00,-305.54749856963787,6.377292186942106,1568.06364,1523.287975,LONG,stop_loss,-3.0554749856963785,1.0,20.0
2022-08-30 20:00:00,2022-08-31 01:00:00,-189.40387422519458,6.421572435223087,1557.250985,1583.63142,SHORT,stop_loss,-1.894038742251946,1.0,20.0
2022-08-31 01:00:00,2022-08-31 03:00:00,-181.34020991947045,6.320918413263896,1582.04858,1607.573385,SHORT,stop_loss,-1.8134020991947046,1.0,19.999999999999996
2022-08-31 09:00:00,2022-08-31 10:00:00,140.6220712055266,6.3647436583420625,1571.1551849999998,1596.391405,LONG,signal_reverse,1.406220712055266,1.0,19.999999999999996
2022-08-31 10:00:00,2022-08-31 14:00:00,167.28834235987452,6.264127937972706,1596.391405,1566.492855,SHORT,signal_reverse,1.6728834235987453,1.0,20.000000000000004
2022-08-31 14:00:00,2022-08-31 15:00:00,-60.557574072049235,6.383686952724722,1566.492855,1560.1395400000001,LONG,stop_loss,-0.6055757407204924,1.0,20.0
2022-08-31 19:00:00,2022-08-31 23:00:00,106.35931372656452,6.351172793277868,1574.51235,1554.61692,SHORT,signal_reverse,1.0635931372656453,1.0,20.0
2022-08-31 23:00:00,2022-09-01 07:00:00,-89.07968684658184,6.432452825741791,1554.61692,1543.8776750000002,LONG,stop_loss,-0.8907968684658183,1.0,20.0
2022-09-01 10:00:00,2022-09-01 14:00:00,266.52709198999304,6.393095395599037,1564.187515,1519.3693049999997,SHORT,signal_reverse,2.6652709198999305,1.0,20.0
2022-09-01 14:00:00,2022-09-01 19:00:00,269.8478984344105,6.581678310264404,1519.369305,1563.407905,LONG,signal_reverse,2.6984789843441055,1.0,20.000000000000004
2022-09-01 19:00:00,2022-09-01 21:00:00,-140.26806913196486,6.39628338069584,1563.407905,1582.21071,SHORT,stop_loss,-1.4026806913196486,1.0,20.0
2022-09-02 03:00:00,2022-09-02 12:00:00,-208.32499486998336,6.269112800923997,1595.12204,1625.1621749999997,SHORT,stop_loss,-2.0832499486998337,1.0,20.0
2022-09-02 12:00:00,2022-09-02 14:00:00,-111.84257841359553,6.159388371502833,1623.5378249999999,1638.448815,SHORT,stop_loss,-1.1184257841359553,1.0,20.0
2022-09-02 17:00:00,2022-09-02 19:00:00,-168.6714644446124,6.312367373216259,1584.1917,1560.63929,LONG,stop_loss,-1.686714644446124,1.0,20.0
2022-09-02 23:00:00,2022-09-03 07:00:00,-226.18330994961536,6.344099892572818,1576.26774,1543.76773,LONG,stop_loss,-2.2618330994961537,1.0,19.999999999999996
2022-09-03 11:00:00,2022-09-03 23:00:00,26.376104344318872,6.453009896603777,1549.6644450000001,1556.8511850000002,LONG,signal_reverse,0.2637610434431887,1.0,20.0
2022-09-03 23:00:00,2022-09-04 03:00:00,6.754194878300407,6.423221497564007,1556.8511850000002,1552.685955,SHORT,signal_reverse,0.06754194878300407,1.0,20.0
2022-09-04 03:00:00,2022-09-04 11:00:00,50.59914443548865,6.4404524094506925,1552.6859550000001,1563.647785,LONG,signal_reverse,0.5059914443548865,1.0,20.0
2022-09-04 11:00:00,2022-09-04 13:00:00,71.60317392065483,6.3953021236173075,1563.647785,1549.324275,SHORT,signal_reverse,0.7160317392065483,1.0,20.0
2022-09-04 13:00:00,2022-09-04 16:00:00,94.44863600294474,6.454426720965177,1549.324275,1567.05608,LONG,signal_reverse,0.9444863600294473,1.0,20.0
2022-09-04 16:00:00,2022-09-05 00:00:00,-79.5493685203653,6.381392553609186,1567.0560799999998,1576.3877999999997,SHORT,stop_loss,-0.795493685203653,1.0,20.0
2022-09-05 02:00:00,2022-09-05 05:00:00,60.79589288760952,6.346539694408719,1575.661775,1562.931075,SHORT,signal_reverse,0.6079589288760952,1.0,20.0
2022-09-05 05:00:00,2022-09-05 12:00:00,38.24002827507803,6.3982348037964485,1562.9310750000002,1572.03359,LONG,signal_reverse,0.3824002827507803,1.0,19.999999999999996
2022-09-05 12:00:00,2022-09-05 15:00:00,-206.80714067947991,6.3611872313746165,1572.03359,1601.4002999999998,SHORT,stop_loss,-2.068071406794799,1.0,19.999999999999996
2022-09-05 20:00:00,2022-09-05 23:00:00,-152.76566953229997,6.260169253692044,1597.4009,1618.6089,SHORT,stop_loss,-1.5276566953229997,1.0,20.0
2022-09-06 13:00:00,2022-09-06 15:00:00,94.70056016224984,6.062096289203846,1649.5943849999999,1668.515325,LONG,signal_reverse,0.9470056016224984,1.0,20.0
2022-09-06 15:00:00,2022-09-06 17:00:00,453.96031558775036,5.993352203702415,1668.5153249999998,1589.43432,SHORT,signal_reverse,4.539603155877503,1.0,20.0
2022-09-06 17:00:00,2022-09-06 18:00:00,-129.28885063964248,6.291546542168537,1589.43432,1572.063575,LONG,stop_loss,-1.2928885063964246,1.0,20.0
2022-09-07 13:00:00,2022-09-07 16:00:00,-150.83203754537436,6.51384313475001,1535.19202,1555.2772499999999,SHORT,stop_loss,-1.5083203754537435,1.0,20.0
2022-09-08 02:00:00,2022-09-08 07:00:00,62.260189820049874,6.143842956689526,1627.64577,1614.256725,SHORT,signal_reverse,0.6226018982004987,1.0,20.0
2022-09-08 07:00:00,2022-09-08 10:00:00,118.29631095388699,6.194801511512985,1614.256725,1636.5813000000003,LONG,signal_reverse,1.18296310953887,1.0,20.0
2022-09-08 10:00:00,2022-09-08 20:00:00,-76.64988962051416,6.11029833959364,1636.5813,1645.8525149999998,SHORT,stop_loss,-0.7664988962051416,1.0,20.0
2022-09-09 03:00:00,2022-09-09 04:00:00,-172.8580231572898,5.981635100172559,1671.78369,1697.338245,SHORT,stop_loss,-1.728580231572898,1.0,20.0
2022-09-09 19:00:00,2022-09-10 04:00:00,-102.73056790410546,5.8151376633966825,1719.649745,1733.876505,SHORT,stop_loss,-1.0273056790410546,1.0,20.0
2022-09-10 07:00:00,2022-09-10 18:00:00,109.56330400135536,5.839737371827073,1712.405775,1734.59227,LONG,signal_reverse,1.0956330400135537,1.0,20.000000000000004
2022-09-10 18:00:00,2022-09-10 21:00:00,-109.7754202490464,5.7650435626581,1734.59227,1750.1646449999998,SHORT,stop_loss,-1.097754202490464,1.0,20.000000000000004
2022-09-11 02:00:00,2022-09-11 18:00:00,-9.527452557617204,5.669616699581579,1763.787665,1761.9405299999999,SHORT,signal_reverse,-0.09527452557617204,1.0,20.0
2022-09-11 18:00:00,2022-09-11 21:00:00,-186.95923897045316,5.67556045719659,1761.9405299999999,1732.5233050000002,LONG,stop_loss,-1.8695923897045317,1.0,20.000000000000004
2022-09-12 00:00:00,2022-09-12 07:00:00,106.12821183522288,5.758617758518733,1736.52783,1758.430345,LONG,signal_reverse,1.061282118352229,1.0,20.0
2022-09-12 07:00:00,2022-09-12 14:00:00,107.74344496426524,5.686890031461553,1758.430345,1735.9675499999998,SHORT,signal_reverse,1.0774344496426522,1.0,20.0
2022-09-12 14:00:00,2022-09-12 15:00:00,-199.78651156238456,5.760476340701184,1735.9675499999998,1704.757195,LONG,stop_loss,-1.9978651156238456,1.0,20.0
2022-09-12 21:00:00,2022-09-13 00:00:00,-195.57841138273136,5.823066502811398,1717.308225,1687.1560000000002,LONG,stop_loss,-1.9557841138273135,1.0,19.999999999999996
2022-09-13 00:00:00,2022-09-13 09:00:00,172.40912718996034,5.921210011108189,1688.844,1721.3389000000002,LONG,signal_reverse,1.7240912718996033,1.0,20.0
2022-09-13 09:00:00,2022-09-13 11:00:00,-123.35111813251787,5.809431251451994,1721.3389,1739.1291299999998,SHORT,stop_loss,-1.2335111813251787,1.0,20.0
2022-09-13 12:00:00,2022-09-13 13:00:00,-186.89163059413414,6.1342366413915865,1630.19469,1602.9881050000001,LONG,stop_loss,-1.8689163059413414,1.0,19.999999999999996
2022-09-13 21:00:00,2022-09-13 23:00:00,-167.58665599901192,6.260140233839588,1597.408305,1573.83269,LONG,stop_loss,-1.6758665599901195,1.0,20.0
2022-09-14 04:00:00,2022-09-14 11:00:00,139.35273322725376,6.168844722263714,1621.0490699999998,1595.21721,SHORT,signal_reverse,1.3935273322725377,1.0,20.0
2022-09-14 11:00:00,2022-09-14 18:00:00,-126.4853105490247,6.268738788243138,1595.21721,1578.2304900000001,LONG,stop_loss,-1.264853105490247,1.0,20.0
2022-09-14 20:00:00,2022-09-14 22:00:00,-257.71661216663523,6.242397442677039,1601.948625,1640.029605,SHORT,stop_loss,-2.577166121666352,1.0,20.0
2022-09-15 03:00:00,2022-09-15 06:00:00,-74.66740051952662,6.224894901597873,1606.452825,1597.670765,LONG,stop_loss,-0.7466740051952662,1.0,20.0
2022-09-15 06:00:00,2022-09-15 07:00:00,211.61953715692107,6.252855855130609,1599.269235,1636.3114350000003,LONG,signal_reverse,2.116195371569211,1.0,20.0
2022-09-15 07:00:00,2022-09-15 09:00:00,261.77233877241696,6.111306066867399,1636.311435,1590.204705,SHORT,signal_reverse,2.6177233877241695,1.0,20.0
2022-09-15 09:00:00,2022-09-15 14:00:00,-649.1652558027107,6.288498561573555,1590.204705,1490.1545500000002,LONG,stop_loss,-6.491652558027107,1.0,20.0
2022-09-16 11:00:00,2022-09-16 12:00:00,129.63189097693743,6.766629131498211,1477.84071,1455.7275,SHORT,signal_reverse,1.2963189097693744,1.0,20.0
2022-09-16 12:00:00,2022-09-16 13:00:00,-198.55488063528264,6.869417524914519,1455.7275,1429.7347750000001,LONG,stop_loss,-1.9855488063528264,1.0,20.0
2022-09-16 16:00:00,2022-09-16 17:00:00,-74.91622911141035,7.000576084406561,1428.45387,1420.60934,LONG,stop_loss,-0.7491622911141035,1.0,20.0
2022-09-17 01:00:00,2022-09-17 05:00:00,64.78435108818123,6.920524660199645,1444.97715,1432.726005,SHORT,signal_reverse,0.6478435108818124,1.0,20.0
2022-09-17 05:00:00,2022-09-17 12:00:00,-81.1306346742812,6.97970160735653,1432.726005,1423.9676600000003,LONG,stop_loss,-0.8113063467428119,1.0,20.0
2022-09-17 14:00:00,2022-09-17 16:00:00,-179.77718334519616,6.924020914794512,1444.247515,1467.323295,SHORT,stop_loss,-1.7977718334519617,1.0,20.0
2022-09-17 22:00:00,2022-09-18 09:00:00,248.8800292034237,6.828654063577535,1464.417425,1425.0421649999998,SHORT,signal_reverse,2.488800292034237,1.0,20.0
2022-09-18 09:00:00,2022-09-18 16:00:00,-229.60853463588472,7.017336220363697,1425.0421649999998,1395.172065,LONG,stop_loss,-2.296085346358847,1.0,20.0
2022-09-19 13:00:00,2022-09-19 14:00:00,-143.9588516264683,7.468649224582431,1338.9302,1355.5274249999998,SHORT,stop_loss,-1.4395885162646829,1.0,20.0
2022-09-19 19:00:00,2022-09-19 21:00:00,-143.42449734862328,7.342151129576002,1361.99866,1378.8090599999998,SHORT,stop_loss,-1.4342449734862328,1.0,20.0
2022-09-20 03:00:00,2022-09-20 13:00:00,-114.0976181330574,7.374643994592144,1355.99766,1343.238045,LONG,stop_loss,-1.1409761813305739,1.0,20.0
2022-09-20 15:00:00,2022-09-20 17:00:00,272.273512850989,7.264425381736656,1376.57137,1336.337835,SHORT,signal_reverse,2.72273512850989,1.0,20.0
2022-09-20 17:00:00,2022-09-20 22:00:00,-64.25063666628851,7.483137675287028,1336.337835,1330.424455,LONG,stop_loss,-0.6425063666628852,1.0,20.0
2022-09-21 06:00:00,2022-09-21 10:00:00,114.01198698357251,7.531574960628316,1327.74354,1345.5368950000002,LONG,signal_reverse,1.140119869835725,1.0,20.000000000000004
2022-09-21 10:00:00,2022-09-21 17:00:00,-392.5694195847375,7.431977552722551,1345.536895,1395.667485,SHORT,stop_loss,-3.925694195847375,1.0,20.0
2022-09-21 17:00:00,2022-09-21 19:00:00,481.3414468691599,7.172199044603557,1394.272515,1324.3718549999999,SHORT,signal_reverse,4.813414468691598,1.0,20.0
2022-09-21 19:00:00,2022-09-21 21:00:00,-558.8114730058194,7.550749407914592,1324.371855,1253.0131800000001,LONG,stop_loss,-5.588114730058194,1.0,20.0
2022-09-22 03:00:00,2022-09-22 07:00:00,92.50460359934345,7.9122586534127795,1263.861615,1278.0806400000001,LONG,signal_reverse,0.9250460359934345,1.0,20.000000000000004
2022-09-22 07:00:00,2022-09-22 08:00:00,-116.9756884823766,7.824232436538589,1278.0806400000001,1290.4749149999998,SHORT,stop_loss,-1.1697568848237658,1.0,20.0
2022-09-22 13:00:00,2022-09-22 16:00:00,48.7041791189191,7.858138811688241,1272.565965,1281.309025,LONG,stop_loss,0.487041791189191,1.0,20.0
2022-09-22 18:00:00,2022-09-22 19:00:00,-189.9683936453399,7.679320337145969,1302.198575,1324.331835,SHORT,stop_loss,-1.8996839364533988,1.0,19.999999999999996
2022-09-22 22:00:00,2022-09-22 23:00:00,-44.59497316531774,7.555792396065872,1323.4879250000001,1326.7430399999998,SHORT,stop_loss,-0.44594973165317736,1.0,20.0
2022-09-23 03:00:00,2022-09-23 08:00:00,142.16036416492858,7.462243148424855,1340.079625,1318.348845,SHORT,signal_reverse,1.4216036416492859,1.0,19.999999999999996
2022-09-23 08:00:00,2022-09-23 10:00:00,-203.23120691170385,7.5852457700602,1318.348845,1294.19258,LONG,stop_loss,-2.0323120691170384,1.0,20.0
2022-09-23 18:00:00,2022-09-23 21:00:00,307.95238155003744,7.79070143479089,1283.58147,1325.6768299999999,LONG,signal_reverse,3.0795238155003744,1.0,20.0
2022-09-23 21:00:00,2022-09-24 13:00:00,-149.2489965295697,7.543316571354726,1325.6768299999999,1342.81107,SHORT,stop_loss,-1.4924899652956969,1.0,20.000000000000004
2022-09-24 18:00:00,2022-09-24 21:00:00,127.40117709052186,7.445694076377416,1343.058135,1323.2613,SHORT,signal_reverse,1.2740117709052186,1.0,20.0
2022-09-24 21:00:00,2022-09-25 07:00:00,46.368940132990396,7.557086419741891,1323.2613,1332.0436450000002,LONG,signal_reverse,0.463689401329904,1.0,20.0
2022-09-25 07:00:00,2022-09-25 13:00:00,169.03689901241987,7.507261520698896,1332.043645,1306.863105,SHORT,signal_reverse,1.6903689901241987,1.0,20.0
2022-09-25 13:00:00,2022-09-25 17:00:00,-96.3803795654639,7.651910870955377,1306.8631050000001,1296.881235,LONG,stop_loss,-0.9638037956546389,1.0,20.0
2022-09-26 00:00:00,2022-09-26 02:00:00,57.947087071901464,7.7316417057959255,1293.38637,1303.46794,LONG,signal_reverse,0.5794708707190147,1.0,20.0
2022-09-26 02:00:00,2022-09-26 04:00:00,45.21664046451405,7.671841932683055,1303.46794,1294.96716,SHORT,signal_reverse,0.4521664046451405,1.0,20.0
2022-09-26 04:00:00,2022-09-26 08:00:00,178.55461045050762,7.722203549934039,1294.96716,1320.67933,LONG,signal_reverse,1.7855461045050762,1.0,20.0
2022-09-26 08:00:00,2022-09-27 00:00:00,-190.91173827942012,7.571860763505704,1320.67933,1343.25129,SHORT,stop_loss,-1.9091173827942014,1.0,20.000000000000004
2022-09-27 15:00:00,2022-09-27 16:00:00,-274.59771469239007,7.320522726024746,1366.0226699999998,1331.2440450000001,LONG,stop_loss,-2.745977146923901,1.0,20.0
2022-09-28 01:00:00,2022-09-28 02:00:00,-287.77896225543043,7.62604719736207,1311.2953200000002,1276.18159,LONG,stop_loss,-2.8777896225543045,1.0,20.0
2022-09-28 10:00:00,2022-09-28 14:00:00,-200.16456775115498,7.674843320663869,1302.958195,1326.432885,SHORT,stop_loss,-2.00164567751155,1.0,20.0
2022-09-29 01:00:00,2022-09-30 02:00:00,102.91664043055344,7.442869205834244,1343.56788,1327.053195,SHORT,signal_reverse,1.0291664043055344,1.0,19.999999999999996
2022-09-30 02:00:00,2022-09-30 07:00:00,71.60797054559613,7.535492953618938,1327.0531950000002,1339.21006,LONG,signal_reverse,0.7160797054559613,1.0,20.0
2022-09-30 07:00:00,2022-09-30 11:00:00,37.830061402020036,7.467088471542694,1339.21006,1331.4653999999998,SHORT,signal_reverse,0.3783006140202004,1.0,20.0
2022-09-30 11:00:00,2022-09-30 14:00:00,189.8781913521751,7.510521865607623,1331.4654,1359.409955,LONG,signal_reverse,1.898781913521751,1.0,20.0
2022-09-30 14:00:00,2022-09-30 19:00:00,135.8115336885255,7.356132683315535,1359.4099549999999,1338.22878,SHORT,signal_reverse,1.358115336885255,1.0,20.0
2022-09-30 19:00:00,2022-09-30 22:00:00,-142.55023389946757,7.472563846669028,1338.22878,1321.828755,LONG,stop_loss,-1.4255023389946757,1.0,20.0
2022-10-01 00:00:00,2022-10-01 16:00:00,-153.500292705624,7.5299862122940455,1328.02368,1310.294525,LONG,stop_loss,-1.5350029270562398,1.0,20.0
2022-10-01 22:00:00,2022-10-02 10:00:00,-206.3129328547897,7.613557765332327,1313.446395,1288.9751899999999,LONG,stop_loss,-2.063129328547897,1.0,20.000000000000004
2022-10-02 19:00:00,2022-10-02 22:00:00,83.76336133702165,7.6676674365630975,1304.177585,1290.645,SHORT,signal_reverse,0.8376336133702166,1.0,20.0
2022-10-02 22:00:00,2022-10-02 23:00:00,-132.83784464356873,7.748063952519864,1290.645,1276.08164,LONG,stop_loss,-1.3283784464356871,1.0,20.0
2022-10-03 10:00:00,2022-10-03 14:00:00,-202.49287403215115,7.710271498012226,1296.97119,1320.63999,SHORT,stop_loss,-2.0249287403215117,1.0,19.999999999999996
2022-10-03 14:00:00,2022-10-04 06:00:00,-166.12796633017032,7.579662192798851,1319.32001,1338.598965,SHORT,stop_loss,-1.6612796633017033,1.0,20.0
2022-10-04 06:00:00,2022-10-04 08:00:00,-104.22357120425438,7.4779715689540005,1337.261035,1348.5239249999997,SHORT,stop_loss,-1.0422357120425438,1.0,20.0
2022-10-04 19:00:00,2022-10-05 04:00:00,0.21594386422022105,7.385291795537546,1354.0426400000001,1351.305315,SHORT,signal_reverse,0.0021594386422022103,1.0,20.0
2022-10-05 04:00:00,2022-10-05 12:00:00,-164.0205243327999,7.40025210364839,1351.305315,1331.8437450000001,LONG,stop_loss,-1.6402052433279992,1.0,20.000000000000004
2022-10-05 16:00:00,2022-10-06 00:00:00,-171.60463800997215,7.406011045169346,1350.254535,1370.7250199999999,SHORT,stop_loss,-1.7160463800997214,1.0,20.0
2022-10-06 00:00:00,2022-10-06 08:00:00,45.83501087497376,7.302708315998529,1369.35498,1360.3398300000001,SHORT,signal_reverse,0.4583501087497376,1.0,20.0
2022-10-06 08:00:00,2022-10-06 11:00:00,36.793124994363076,7.351104319278808,1360.3398300000001,1368.0656250000002,LONG,signal_reverse,0.36793124994363074,1.0,20.0
2022-10-06 11:00:00,2022-10-06 18:00:00,51.976481391380666,7.309590868493608,1368.065625,1358.21877,SHORT,signal_reverse,0.5197648139138067,1.0,20.0
2022-10-06 18:00:00,2022-10-07 12:00:00,-223.16620274655605,7.362584158662452,1358.21877,1330.6243550000002,LONG,stop_loss,-2.2316620274655605,1.0,20.0
2022-10-07 12:00:00,2022-10-08 01:00:00,0.2461321450391874,7.507757512450799,1331.955645,1334.65234,LONG,signal_reverse,0.002461321450391874,1.0,20.0
2022-10-08 01:00:00,2022-10-08 04:00:00,23.59378712811389,7.492587919937263,1334.6523399999999,1328.834085,SHORT,signal_reverse,0.2359378712811389,1.0,20.0
2022-10-08 04:00:00,2022-10-08 21:00:00,-186.6705817528769,7.525393962181516,1328.8340850000002,1306.68633,LONG,stop_loss,-1.8667058175287692,1.0,20.0
2022-10-08 21:00:00,2022-10-09 06:00:00,44.12729810840883,7.6452969378666795,1307.9936699999998,1316.38148,LONG,signal_reverse,0.4412729810840883,1.0,19.999999999999996
2022-10-09 06:00:00,2022-10-09 19:00:00,-51.13406001427322,7.5965821093137835,1316.38148,1320.4799099999998,SHORT,signal_reverse,-0.5113406001427322,1.0,20.0
2022-10-09 19:00:00,2022-10-10 00:00:00,71.20543908918782,7.573004272363372,1320.47991,1332.5234050000001,LONG,signal_reverse,0.7120543908918783,1.0,20.000000000000004
2022-10-10 00:00:00,2022-10-10 05:00:00,84.49673865203239,7.504558615989188,1332.5234050000001,1318.59897,SHORT,signal_reverse,0.8449673865203239,1.0,20.000000000000004
2022-10-10 05:00:00,2022-10-10 08:00:00,-114.51216998902906,7.583806925012235,1318.59897,1306.1366050000001,LONG,stop_loss,-1.1451216998902907,1.0,20.0
2022-10-10 13:00:00,2022-10-10 22:00:00,-168.59259930474244,7.62744390930298,1311.0552,1291.5738900000001,LONG,stop_loss,-1.6859259930474244,1.0,20.0
2022-10-10 22:00:00,2022-10-11 00:00:00,-140.70128437352162,7.734752982271304,1292.86611,1277.26105,LONG,stop_loss,-1.407012843735216,1.0,19.999999999999996
2022-10-11 11:00:00,2022-10-11 13:00:00,63.97104545806913,7.775586375629993,1286.07664,1275.27732,SHORT,signal_reverse,0.6397104545806912,1.0,20.0
2022-10-11 13:00:00,2022-10-11 15:00:00,118.29070527185226,7.841431697381711,1275.2773200000001,1292.91322,LONG,signal_reverse,1.1829070527185226,1.0,20.0
2022-10-11 15:00:00,2022-10-11 18:00:00,83.82595515575404,7.734471150353,1292.91322,1279.4894249999998,SHORT,signal_reverse,0.8382595515575405,1.0,20.000000000000004
2022-10-11 18:00:00,2022-10-12 04:00:00,72.0259266699304,7.815617546037944,1279.489425,1291.2640450000001,LONG,signal_reverse,0.7202592666993041,1.0,20.0
2022-10-12 04:00:00,2022-10-12 17:00:00,-32.01954012434231,7.744349452555228,1291.2640450000001,1292.816085,SHORT,signal_reverse,-0.32019540124342316,1.0,20.0
2022-10-12 17:00:00,2022-10-12 20:00:00,24.277914441326228,7.735052275436377,1292.8160850000002,1298.5404050000002,LONG,signal_reverse,0.2427791444132623,1.0,20.0
2022-10-12 20:00:00,2022-10-13 01:00:00,19.845082833598685,7.700954056951351,1298.540405,1293.36636,SHORT,signal_reverse,0.19845082833598685,1.0,20.0
2022-10-13 01:00:00,2022-10-13 07:00:00,-148.15452382726068,7.731761323991757,1293.36636,1276.7912850000002,LONG,stop_loss,-1.4815452382726069,1.0,19.999999999999996
2022-10-13 16:00:00,2022-10-13 18:00:00,-191.23467289639527,7.907217656880285,1264.66735,1286.32284,SHORT,stop_loss,-1.9123467289639526,1.0,20.0
2022-10-14 12:00:00,2022-10-14 15:00:00,184.5901717460165,7.47344704815769,1338.07063,1310.6950199999999,SHORT,signal_reverse,1.845901717460165,1.0,20.0
2022-10-14 15:00:00,2022-10-14 21:00:00,-166.4192257326169,7.6295399367581345,1310.6950199999999,1291.5039250000002,LONG,stop_loss,-1.6641922573261687,1.0,20.000000000000004
2022-10-15 05:00:00,2022-10-15 21:00:00,-182.23980960959452,7.716361073689975,1295.94765,1274.92222,LONG,stop_loss,-1.8223980960959452,1.0,20.0
2022-10-16 03:00:00,2022-10-16 10:00:00,-14.798510167105954,7.794304044974505,1282.9881850000002,1282.32084,SHORT,signal_reverse,-0.14798510167105955,1.0,20.0
2022-10-16 10:00:00,2022-10-16 15:00:00,6.405131183861062,7.798360354184059,1282.32084,1285.706825,LONG,signal_reverse,0.06405131183861063,1.0,20.0
2022-10-16 15:00:00,2022-10-16 19:00:00,-199.17941751611946,7.777822910755724,1285.706825,1308.744045,SHORT,stop_loss,-1.9917941751611945,1.0,20.0
2022-10-16 19:00:00,2022-10-17 13:00:00,-208.45856201040493,7.648558204137808,1307.435955,1332.075705,SHORT,stop_loss,-2.084585620104049,1.0,20.0
2022-10-17 19:00:00,2022-10-18 08:00:00,-9.162467529160432,7.54786917124389,1324.87723,1323.44139,SHORT,signal_reverse,-0.09162467529160433,1.0,20.0
2022-10-18 08:00:00,2022-10-18 15:00:00,-144.5630907765396,7.556058073716434,1323.44139,1306.956195,LONG,stop_loss,-1.445630907765396,1.0,20.0
2022-10-19 00:00:00,2022-10-19 09:00:00,13.470185400192994,7.683203421312043,1301.540445,1305.896725,LONG,signal_reverse,0.13470185400192994,1.0,20.0
2022-10-19 09:00:00,2022-10-19 13:00:00,70.58920796359301,7.6575733812334965,1305.896725,1294.06671,SHORT,signal_reverse,0.7058920796359301,1.0,20.0
2022-10-19 13:00:00,2022-10-19 15:00:00,57.591904052612094,7.7275768882115825,1294.06671,1304.10762,LONG,signal_reverse,0.5759190405261209,1.0,20.0
2022-10-19 15:00:00,2022-10-19 20:00:00,48.78554240791955,7.668078804723186,1304.10762,1295.137245,SHORT,signal_reverse,0.4878554240791955,1.0,20.0
2022-10-19 20:00:00,2022-10-20 00:00:00,-166.1286830647827,7.721189424986384,1295.1372450000001,1276.211575,LONG,stop_loss,-1.661286830647827,1.0,20.0
2022-10-20 04:00:00,2022-10-20 14:00:00,-148.10274530711766,7.750408630607037,1290.25455,1306.783065,SHORT,stop_loss,-1.4810274530711764,1.0,20.0
2022-10-20 16:00:00,2022-10-21 02:00:00,-36.18752219749301,7.744521884371199,1291.235295,1289.145105,LONG,signal_reverse,-0.3618752219749301,1.0,20.0
2022-10-21 02:00:00,2022-10-21 07:00:00,10.351975001295628,7.757078672691387,1289.145105,1285.2322949999998,SHORT,signal_reverse,0.10351975001295628,1.0,20.0
2022-10-21 07:00:00,2022-10-21 12:00:00,-146.64706655227678,7.780694617543827,1285.232295,1268.955205,LONG,stop_loss,-1.466470665522768,1.0,20.0
2022-10-21 13:00:00,2022-10-21 19:00:00,-165.7697725723488,7.7807867895810015,1285.21707,1303.95165,SHORT,stop_loss,-1.6576977257234882,1.0,20.0
2022-10-21 22:00:00,2022-10-23 00:00:00,-107.22987588768913,7.6878765185574185,1300.7493000000002,1312.09572,SHORT,signal_reverse,-1.0722987588768913,1.0,20.0
2022-10-23 00:00:00,2022-10-23 14:00:00,-32.051750309801555,7.621395182967291,1312.09572,1310.514415,LONG,signal_reverse,-0.3205175030980155,1.0,20.0
2022-10-23 14:00:00,2022-10-23 17:00:00,-163.7598074798732,7.630591381171492,1310.514415,1329.354345,SHORT,stop_loss,-1.637598074798732,1.0,20.0
2022-10-24 05:00:00,2022-10-24 10:00:00,24.536242200311207,7.44318198649923,1343.5114199999998,1349.4949150000002,LONG,signal_reverse,0.24536242200311206,1.0,20.0
2022-10-24 10:00:00,2022-10-24 14:00:00,87.50507348151132,7.410179830132964,1349.494915,1334.98716,SHORT,signal_reverse,0.8750507348151132,1.0,20.0
2022-10-24 14:00:00,2022-10-24 20:00:00,93.16554535251166,7.490708749588274,1334.98716,1350.094615,LONG,signal_reverse,0.9316554535251166,1.0,20.0
2022-10-24 20:00:00,2022-10-25 01:00:00,48.39905809119885,7.406888294269658,1350.094615,1340.860095,SHORT,signal_reverse,0.4839905809119885,1.0,20.0
2022-10-25 01:00:00,2022-10-25 03:00:00,25.38948561967523,7.45789962524017,1340.860095,1346.94619,LONG,signal_reverse,0.2538948561967523,1.0,19.999999999999996
2022-10-25 03:00:00,2022-10-25 13:00:00,-283.89109129890255,7.424201556262616,1346.94619,1382.4908999999998,SHORT,stop_loss,-2.8389109129890255,1.0,20.0
2022-10-26 00:00:00,2022-10-26 03:00:00,-133.17498870098711,6.797523202784658,1471.1240699999998,1487.7735149999999,SHORT,stop_loss,-1.331749887009871,1.0,20.000000000000004
2022-10-26 17:00:00,2022-10-27 02:00:00,54.578466456926606,6.404636239318007,1561.368925,1549.724475,SHORT,signal_reverse,0.545784664569266,1.0,20.0
2022-10-27 02:00:00,2022-10-27 12:00:00,112.28170768871789,6.452759933342345,1549.724475,1570.2244950000002,LONG,signal_reverse,1.1228170768871788,1.0,20.0
2022-10-27 12:00:00,2022-10-27 20:00:00,248.3108697778916,6.3685161146336595,1570.224495,1528.0936649999999,SHORT,signal_reverse,2.483108697778916,1.0,20.0
2022-10-27 20:00:00,2022-10-27 23:00:00,-116.85721719159018,6.544101470376819,1528.0936649999999,1513.292975,LONG,stop_loss,-1.168572171915902,1.0,20.000000000000004
2022-10-28 02:00:00,2022-10-28 13:00:00,227.97083877919758,6.65707734646141,1502.160705,1539.40991,LONG,signal_reverse,2.2797083877919757,1.0,20.0
2022-10-28 13:00:00,2022-10-28 16:00:00,-205.15961742769332,6.495995598729126,1539.40991,1567.913565,SHORT,stop_loss,-2.0515961742769333,1.0,20.0
2022-10-29 02:00:00,2022-10-29 05:00:00,-85.530885683806,6.364464921502169,1571.223995,1581.5203649999999,SHORT,stop_loss,-0.85530885683806,1.0,20.0
2022-10-29 15:00:00,2022-10-29 17:00:00,0.7780317504994173,6.1290140291905315,1631.5838,1628.19369,SHORT,stop_loss,0.007780317504994173,1.0,19.999999999999996
2022-10-29 22:00:00,2022-10-30 05:00:00,59.23912035292294,6.204222531812927,1611.8055,1624.5773050000003,LONG,signal_reverse,0.5923912035292295,1.0,20.0
2022-10-30 05:00:00,2022-10-30 08:00:00,26.65342779733158,6.1554473088001185,1624.577305,1616.998095,SHORT,signal_reverse,0.2665342779733158,1.0,20.0
2022-10-30 08:00:00,2022-10-30 09:00:00,-142.36934639060297,6.184299184347524,1616.9980950000001,1597.2109950000001,LONG,stop_loss,-1.4236934639060295,1.0,20.000000000000004
2022-10-30 15:00:00,2022-10-31 02:00:00,-115.65670536035286,6.297175249020693,1588.01361,1572.823195,LONG,stop_loss,-1.1565670536035286,1.0,20.0
2022-10-31 07:00:00,2022-10-31 09:00:00,-216.1548469704217,6.287827511359959,1590.374415,1621.57038,SHORT,stop_loss,-2.1615484697042167,1.0,20.0
2022-10-31 09:00:00,2022-10-31 13:00:00,349.39392596666147,6.173031479830835,1619.94962,1560.109665,SHORT,signal_reverse,3.4939392596666146,1.0,20.0
2022-10-31 13:00:00,2022-11-01 01:00:00,109.98922739191077,6.409805813234289,1560.109665,1580.3894100000002,LONG,signal_reverse,1.0998922739191077,1.0,20.0
2022-11-01 01:00:00,2022-11-01 03:00:00,-65.64694596377889,6.327554422172444,1580.38941,1587.6034049999998,SHORT,stop_loss,-0.6564694596377889,1.0,20.0
2022-11-01 04:00:00,2022-11-01 09:00:00,-79.94073576611824,6.293919025968699,1588.8351850000001,1598.3587799999998,SHORT,stop_loss,-0.7994073576611823,1.0,19.999999999999996
2022-11-01 09:00:00,2022-11-01 13:00:00,88.1681455164587,6.2626771459291835,1596.7612199999999,1579.48935,SHORT,signal_reverse,0.8816814551645868,1.0,20.0
2022-11-01 13:00:00,2022-11-02 00:00:00,25.944469331179157,6.33116013096258,1579.48935,1586.74623,LONG,signal_reverse,0.25944469331179154,1.0,20.0
2022-11-02 00:00:00,2022-11-02 07:00:00,113.63100916269454,6.302204984599207,1586.74623,1565.5423799999999,SHORT,signal_reverse,1.1363100916269453,1.0,20.0
2022-11-02 07:00:00,2022-11-02 10:00:00,-133.42177782501173,6.387562628614371,1565.54238,1547.78572,LONG,stop_loss,-1.3342177782501174,1.0,20.0
2022-11-02 16:00:00,2022-11-02 18:00:00,16.255308977892675,6.368759350234332,1570.1645250000001,1564.471845,SHORT,stop_loss,0.16255308977892674,1.0,20.0
2022-11-02 19:00:00,2022-11-02 20:00:00,-190.3247222682735,6.50750201752085,1536.68796,1510.514365,LONG,stop_loss,-1.903247222682735,1.0,20.0
2022-11-03 01:00:00,2022-11-03 11:00:00,42.96840099676548,6.483283113822334,1542.4284,1532.715975,SHORT,signal_reverse,0.42968400996765477,1.0,20.0
2022-11-03 11:00:00,2022-11-03 14:00:00,99.38369729590573,6.524366003296859,1532.715975,1551.014105,LONG,signal_reverse,0.9938369729590573,1.0,20.0
2022-11-03 14:00:00,2022-11-03 22:00:00,102.74872252048355,6.4473946225008705,1551.014105,1531.9756049999999,SHORT,signal_reverse,1.0274872252048355,1.0,20.0
2022-11-03 22:00:00,2022-11-04 03:00:00,85.54955932212852,6.527519085396924,1531.975605,1548.1455400000002,LONG,signal_reverse,0.8554955932212851,1.0,20.0
2022-11-04 03:00:00,2022-11-04 06:00:00,-244.95010385134734,6.459341025521412,1548.14554,1582.97109,SHORT,stop_loss,-2.4495010385134734,1.0,20.0
2022-11-04 12:00:00,2022-11-04 14:00:00,-345.40414007516904,6.215329590211169,1608.925135,1661.280225,SHORT,stop_loss,-3.45404140075169,1.0,20.0
2022-11-04 18:00:00,2022-11-05 00:00:00,-156.97082494016652,6.109887879311043,1636.691245,1659.1091399999998,SHORT,stop_loss,-1.5697082494016652,1.0,20.0
2022-11-05 06:00:00,2022-11-05 09:00:00,48.32395552661944,6.050217397319052,1652.83317,1641.54036,SHORT,signal_reverse,0.48323955526619444,1.0,20.0
2022-11-05 09:00:00,2022-11-06 01:00:00,-191.2262499595191,6.091839252736984,1641.54036,1613.43288,LONG,stop_loss,-1.912262499595191,1.0,19.999999999999996
2022-11-06 08:00:00,2022-11-06 11:00:00,38.16164306639517,6.132545389559429,1630.64427,1621.1601749999998,SHORT,signal_reverse,0.38161643066395173,1.0,20.0
2022-11-06 11:00:00,2022-11-06 22:00:00,-144.23871071222175,6.168421945104838,1621.160175,1601.01909,LONG,stop_loss,-1.4423871071222174,1.0,20.0
2022-11-07 06:00:00,2022-11-07 07:00:00,-192.18461263595668,6.343656978497341,1576.3777949999999,1549.234995,LONG,stop_loss,-1.921846126359567,1.0,20.0
2022-11-07 15:00:00,2022-11-07 21:00:00,74.55733815288092,6.2844308846256824,1591.233985,1576.1877,SHORT,signal_reverse,0.7455733815288093,1.0,20.0
2022-11-07 21:00:00,2022-11-07 22:00:00,-132.59642490548535,6.3444220507494125,1576.1877000000002,1558.4403900000002,LONG,stop_loss,-1.3259642490548535,1.0,20.0
2022-11-08 02:00:00,2022-11-08 03:00:00,-236.30644209363467,6.495111608506758,1539.6194249999999,1506.316465,LONG,stop_loss,-2.3630644209363467,1.0,20.0
2022-11-08 16:00:00,2022-11-08 18:00:00,1263.028985220121,6.472294640547169,1545.04709,1346.81307,SHORT,signal_reverse,12.63028985220121,1.0,20.0
2022-11-08 18:00:00,2022-11-08 19:00:00,-258.1976067398865,7.424935369835696,1346.8130700000002,1314.7323050000002,LONG,stop_loss,-2.581976067398865,1.0,20.0
2022-11-09 20:00:00,2022-11-09 21:00:00,-530.0140510779639,8.579474930042853,1165.5724950000001,1106.1266600000001,LONG,stop_loss,-5.300140510779639,1.0,20.0
2022-11-10 03:00:00,2022-11-10 05:00:00,-141.60049671221032,8.520987345209022,1173.57292,1187.843625,SHORT,stop_loss,-1.416004967122103,1.0,20.0
2022-11-10 07:00:00,2022-11-10 08:00:00,-249.43556638622428,8.409543843299788,1189.12514,1216.4079,SHORT,stop_loss,-2.4943556638622426,1.0,20.0
2022-11-10 12:00:00,2022-11-10 13:00:00,-731.1230575575506,8.234637734673228,1214.382505,1300.7400449999998,SHORT,stop_loss,-7.311230575575506,1.0,20.0
2023-03-12 06:00:00,2023-03-12 17:00:00,-335.8779869815586,6.488118090367125,1541.278975,1589.964585,SHORT,stop_loss,-3.358779869815586,1.0,20.0
2023-03-13 04:00:00,2023-03-13 05:00:00,-74.30804217164052,6.201806613554478,1612.43338,1621.19019,SHORT,stop_loss,-0.7430804217164052,1.0,20.0
2023-03-13 09:00:00,2023-03-13 14:00:00,358.6148447399546,6.269014017468327,1595.1471749999998,1655.541815,LONG,signal_reverse,3.586148447399546,1.0,20.0
2023-03-13 14:00:00,2023-03-13 15:00:00,-147.06447405558302,6.040318588993175,1655.5418149999998,1676.5778699999998,SHORT,stop_loss,-1.4706447405558303,1.0,20.0
2023-03-14 01:00:00,2023-03-14 12:00:00,-393.74047664972176,5.939449392253265,1683.65775,1746.5828549999999,SHORT,stop_loss,-3.9374047664972176,1.0,20.0
2023-03-14 20:00:00,2023-03-14 21:00:00,-53.39956860666242,5.854068561258684,1708.2136799999998,1702.50832,LONG,stop_loss,-0.5339956860666242,1.0,20.0
2023-03-15 05:00:00,2023-03-15 11:00:00,-149.8325055408557,5.848656183804361,1709.79447,1687.59578,LONG,stop_loss,-1.498325055408557,1.0,20.0
2023-03-16 00:00:00,2023-03-16 07:00:00,57.6797311552007,6.070490861621161,1647.313245,1660.1095300000002,LONG,signal_reverse,0.576797311552007,1.0,20.0
2023-03-16 07:00:00,2023-03-16 12:00:00,15.315862562394035,6.023698930274799,1660.10953,1654.24671,SHORT,signal_reverse,0.15315862562394036,1.0,19.999999999999996
2023-03-16 12:00:00,2023-03-16 15:00:00,64.44184845922919,6.045047537075047,1654.2467100000001,1668.215475,LONG,signal_reverse,0.644418484592292,1.0,20.0
2023-03-16 15:00:00,2023-03-16 19:00:00,-124.10462713157536,5.994429466613119,1668.215475,1685.5823699999999,SHORT,stop_loss,-1.2410462713157535,1.0,20.0
2023-03-16 19:00:00,2023-03-17 02:00:00,-183.05991237721443,5.9386032867092995,1683.89763,1711.3552499999998,SHORT,stop_loss,-1.8305991237721444,1.0,20.0
2023-03-17 14:00:00,2023-03-17 19:00:00,158.39780514553811,5.830097468910408,1715.23719,1745.836645,LONG,signal_reverse,1.583978051455381,1.0,20.0
2023-03-17 19:00:00,2023-03-17 21:00:00,-122.67166204430255,5.7279127624222825,1745.836645,1763.76144,SHORT,stop_loss,-1.2267166204430255,1.0,20.0
2023-03-18 15:00:00,2023-03-18 16:00:00,11.870657604392491,5.577443862163024,1792.9360199999999,1798.650225,LONG,stop_loss,0.1187065760439249,1.0,20.0
2023-03-18 19:00:00,2023-03-18 22:00:00,-153.6236292513249,5.564123796156956,1797.228165,1773.21295,LONG,stop_loss,-1.5362362925132491,1.0,20.0
2023-03-19 06:00:00,2023-03-19 11:00:00,60.04714935070547,5.633970947290749,1774.94703,1789.1549750000001,LONG,signal_reverse,0.6004714935070546,1.0,20.000000000000004
2023-03-19 11:00:00,2023-03-19 15:00:00,-85.42197385668075,5.58923074844313,1789.154975,1800.85998,SHORT,stop_loss,-0.8542197385668076,1.0,20.0
2023-03-19 23:00:00,2023-03-20 02:00:00,-100.63332378678858,5.600131388042574,1785.67239,1771.27392,LONG,stop_loss,-1.0063332378678858,1.0,20.0
2023-03-20 07:00:00,2023-03-20 13:00:00,148.6615457373714,5.566622805761147,1796.4213399999999,1766.1226199999999,SHORT,signal_reverse,1.486615457373714,1.0,20.0
2023-03-20 13:00:00,2023-03-20 23:00:00,-172.04318033138568,5.6621210139984495,1766.12262,1739.2699300000002,LONG,stop_loss,-1.7204318033138568,1.0,19.999999999999996
2023-03-21 05:00:00,2023-03-21 10:00:00,65.4403429967595,5.72097585614318,1747.95354,1762.888115,LONG,signal_reverse,0.6544034299675949,1.0,20.000000000000004
2023-03-21 10:00:00,2023-03-21 12:00:00,-300.0379648597263,5.672509738373272,1762.888115,1812.2556749999999,SHORT,stop_loss,-3.0003796485972627,1.0,20.0
2023-03-21 23:00:00,2023-03-22 07:00:00,22.129863098414106,5.537599489273844,1805.83663,1798.2286649999999,SHORT,signal_reverse,0.22129863098414104,1.0,20.0
2023-03-22 07:00:00,2023-03-22 13:00:00,-2.0370175224617744,5.561028024208479,1798.2286649999999,1801.45882,LONG,signal_reverse,-0.020370175224617745,1.0,20.0
2023-03-22 13:00:00,2023-03-22 17:00:00,29.80977028384145,5.551056670837473,1801.4588199999998,1792.4857949999998,SHORT,signal_reverse,0.2980977028384145,1.0,20.000000000000004
2023-03-22 17:00:00,2023-03-22 18:00:00,-115.02984652662118,5.578844768474163,1792.4857949999998,1775.45183,LONG,stop_loss,-1.1502984652662118,1.0,20.0
2023-03-23 01:00:00,2023-03-23 05:00:00,83.6069517041748,5.76070874783181,1735.8975149999999,1753.88262,LONG,signal_reverse,0.836069517041748,1.0,20.0
2023-03-23 05:00:00,2023-03-23 14:00:00,-315.22933524479475,5.701635836952418,1753.88262,1805.66238,SHORT,stop_loss,-3.1522933524479475,1.0,20.0
2023-03-23 14:00:00,2023-03-23 15:00:00,-234.11423812928135,5.543674782935474,1803.85762,1842.4807799999999,SHORT,stop_loss,-2.3411423812928134,1.0,20.0
2023-03-23 19:00:00,2023-03-24 04:00:00,63.84170825255146,5.4821631121202765,1824.097495,1808.80395,SHORT,signal_reverse,0.6384170825255147,1.0,20.0
2023-03-24 04:00:00,2023-03-24 10:00:00,-134.8184964987487,5.5285151273580535,1808.80395,1788.0355350000002,LONG,stop_loss,-1.3481849649874869,1.0,20.0
2023-03-24 20:00:00,2023-03-25 13:00:00,2.5797365488024986,5.707711832720755,1752.01557,1755.971575,LONG,signal_reverse,0.025797365488024984,1.0,19.999999999999996
2023-03-25 13:00:00,2023-03-25 17:00:00,32.27086321143786,5.694853004667801,1755.9715749999998,1746.79296,SHORT,signal_reverse,0.3227086321143786,1.0,20.0
2023-03-25 17:00:00,2023-03-25 19:00:00,-182.77012016352495,5.724776907733817,1746.79296,1718.36039,LONG,stop_loss,-1.8277012016352494,1.0,20.000000000000004
2023-03-26 00:00:00,2023-03-26 08:00:00,-165.92360077802425,5.708011468080001,1751.9235999999999,1777.4882999999998,SHORT,stop_loss,-1.6592360077802424,1.0,20.0
2023-03-26 16:00:00,2023-03-26 22:00:00,83.70932085275206,5.688060197673915,1758.068595,1776.3014050000002,LONG,signal_reverse,0.8370932085275207,1.0,20.000000000000004
2023-03-26 22:00:00,2023-03-27 05:00:00,111.25784810151804,5.629675218322535,1776.3014050000002,1752.9860549999999,SHORT,signal_reverse,1.1125784810151802,1.0,20.000000000000004
2023-03-27 05:00:00,2023-03-27 11:00:00,60.43395416514159,5.7045519395189945,1752.9860549999999,1767.086015,LONG,signal_reverse,0.6043395416514159,1.0,20.0
2023-03-27 11:00:00,2023-03-27 12:00:00,32.33211581950185,5.659034090652344,1767.086015,1757.83848,SHORT,signal_reverse,0.3233211581950185,1.0,20.0
2023-03-27 12:00:00,2023-03-27 14:00:00,-234.46213875122427,5.688804809870813,1757.8384800000001,1720.1395,LONG,stop_loss,-2.344621387512243,1.0,20.0
2023-03-28 00:00:00,2023-03-28 05:00:00,66.57114651105329,5.8518749992685155,1708.854,1723.647745,LONG,signal_reverse,0.6657114651105328,1.0,20.0
2023-03-28 05:00:00,2023-03-28 11:00:00,-155.32524303566356,5.801649454773022,1723.647745,1746.9730499999998,SHORT,stop_loss,-1.5532524303566355,1.0,20.0
2023-03-28 11:00:00,2023-03-28 18:00:00,-201.98836546730905,5.729913808631021,1745.22695,1776.9880499999997,SHORT,stop_loss,-2.0198836546730905,1.0,20.0
2023-03-28 18:00:00,2023-03-29 06:00:00,-193.61653632401524,5.633130173554769,1775.21195,1806.032565,SHORT,stop_loss,-1.9361653632401523,1.0,20.0
2023-03-29 14:00:00,2023-03-30 02:00:00,88.612419856909,5.565982914330454,1796.627865,1816.1414750000001,LONG,signal_reverse,0.88612419856909,1.0,20.000000000000004
2023-03-30 02:00:00,2023-03-30 13:00:00,81.93649699013604,5.506178972097976,1816.141475,1797.628365,SHORT,signal_reverse,0.8193649699013603,1.0,20.0
2023-03-30 13:00:00,2023-03-30 17:00:00,-173.39007515048817,5.562885073856743,1797.628365,1770.05453,LONG,stop_loss,-1.7339007515048817,1.0,20.0
2023-03-30 20:00:00,2023-03-31 08:00:00,0.09759320924452909,5.571768876764324,1794.76217,1791.1551299999999,SHORT,signal_reverse,0.0009759320924452909,1.0,20.0
2023-03-31 08:00:00,2023-03-31 12:00:00,63.138499567036945,5.58298934163229,1791.15513,1806.0465250000002,LONG,signal_reverse,0.6313849956703694,1.0,20.0
2023-03-31 12:00:00,2023-03-31 13:00:00,-137.1432723750014,5.536955920889137,1806.046525,1827.203145,SHORT,stop_loss,-1.371432723750014,1.0,20.000000000000004
2023-03-31 19:00:00,2023-04-01 14:00:00,34.94635146583624,5.4691570783341765,1828.435325,1818.3887399999999,SHORT,signal_reverse,0.3494635146583624,1.0,20.0
2023-04-01 14:00:00,2023-04-01 21:00:00,-6.634348604687856,5.499374132728076,1818.38874,1820.8191350000002,LONG,signal_reverse,-0.06634348604687856,1.0,20.0
2023-04-01 21:00:00,2023-04-02 00:00:00,12.744383477714496,5.492033671976981,1820.819135,1814.856975,SHORT,signal_reverse,0.12744383477714497,1.0,20.0
2023-04-02 00:00:00,2023-04-02 05:00:00,18.35927621789556,5.510076076380619,1814.8569750000001,1821.818635,LONG,signal_reverse,0.1835927621789556,1.0,20.0
2023-04-02 05:00:00,2023-04-02 12:00:00,14.588130118672513,5.489020590680258,1821.818635,1815.5173049999999,SHORT,signal_reverse,0.14588130118672513,1.0,20.000000000000004
2023-04-02 12:00:00,2023-04-02 16:00:00,-130.02662957266392,5.508071981720935,1815.5173049999999,1795.5417800000002,LONG,stop_loss,-1.300266295726639,1.0,20.0
2023-04-03 01:00:00,2023-04-03 07:00:00,98.39630794197453,5.638961291037256,1773.376245,1794.3723650000002,LONG,signal_reverse,0.9839630794197453,1.0,20.0
2023-04-03 07:00:00,2023-04-03 13:00:00,-107.89845021938832,5.572979274009272,1794.372365,1810.1446199999998,SHORT,stop_loss,-1.078984502193883,1.0,20.0
2023-04-03 13:00:00,2023-04-03 14:00:00,53.70493962242877,5.529947658271222,1808.33538,1795.0070549999998,SHORT,signal_reverse,0.5370493962242877,1.0,20.000000000000004
2023-04-03 14:00:00,2023-04-03 18:00:00,181.48611616459732,5.571008744586801,1795.0070549999998,1831.173955,LONG,signal_reverse,1.8148611616459733,1.0,20.0
2023-04-03 18:00:00,2023-04-03 20:00:00,243.50822579278153,5.460977627327601,1831.173955,1782.921015,SHORT,signal_reverse,2.4350822579278155,1.0,20.0
2023-04-03 20:00:00,2023-04-04 06:00:00,175.51982228444572,5.608773420621778,1782.921015,1817.7806550000003,LONG,signal_reverse,1.7551982228444574,1.0,20.000000000000004
2023-04-04 06:00:00,2023-04-04 11:00:00,-285.4439899955909,5.501213786434535,1817.780655,1866.03255,SHORT,stop_loss,-2.8544398999559095,1.0,20.0
2023-04-05 00:00:00,2023-04-05 14:00:00,56.923974554055285,5.224626235006619,1914.0125150000001,1899.2891699999998,SHORT,signal_reverse,0.5692397455405529,1.0,20.000000000000004
2023-04-05 14:00:00,2023-04-05 19:00:00,35.36518696623801,5.2651276898504085,1899.28917,1909.80462,LONG,signal_reverse,0.35365186966238005,1.0,20.0
2023-04-05 19:00:00,2023-04-06 00:00:00,40.08954989332802,5.236137715490499,1909.8046199999999,1898.32869,SHORT,signal_reverse,0.4008954989332802,1.0,20.0
2023-04-06 00:00:00,2023-04-06 10:00:00,-214.11756875464926,5.267791638338458,1898.32869,1861.4787950000002,LONG,stop_loss,-2.1411756875464927,1.0,20.0
2023-04-06 18:00:00,2023-04-07 00:00:00,45.331258252157795,5.3487539192526325,1869.5943300000001,1881.8086250000001,LONG,signal_reverse,0.4533125825215779,1.0,20.0
2023-04-07 00:00:00,2023-04-07 06:00:00,54.42409293878162,5.314036649183707,1881.808625,1867.8034349999998,SHORT,signal_reverse,0.5442409293878162,1.0,20.0
2023-04-07 06:00:00,2023-04-07 22:00:00,-19.185567404203738,5.353882433565607,1867.8034349999998,1867.9555550000002,LONG,signal_reverse,-0.19185567404203738,1.0,19.999999999999996
2023-04-07 22:00:00,2023-04-08 17:00:00,11.504951947317155,5.353446431438247,1867.955555,1862.07057,SHORT,signal_reverse,0.11504951947317155,1.0,20.0
2023-04-08 17:00:00,2023-04-09 06:00:00,-164.9384917779995,5.370365742905222,1862.07057,1835.082,LONG,stop_loss,-1.649384917779995,1.0,20.000000000000004
2023-04-09 13:00:00,2023-04-09 18:00:00,70.24643371238302,5.438805965408562,1838.63886,1855.2319200000002,LONG,signal_reverse,0.7024643371238302,1.0,19.999999999999996
2023-04-09 18:00:00,2023-04-10 12:00:00,-25.798574228929393,5.390161678546367,1855.2319200000002,1856.30769,SHORT,signal_reverse,-0.25798574228929394,1.0,20.0
2023-04-10 12:00:00,2023-04-10 15:00:00,8.772277509661365,5.387037964595191,1856.30769,1861.64871,LONG,signal_reverse,0.08772277509661365,1.0,20.0
2023-04-10 15:00:00,2023-04-10 17:00:00,-204.13130154936627,5.371582697790498,1861.64871,1895.9274899999998,SHORT,stop_loss,-2.041313015493663,1.0,20.0
2023-04-11 06:00:00,2023-04-11 14:00:00,22.440484450007848,5.205489306117359,1921.048995,1912.89597,SHORT,signal_reverse,0.22440484450007847,1.0,20.0
2023-04-11 14:00:00,2023-04-11 20:00:00,-119.39581293592234,5.227675815533241,1912.89597,1893.882585,LONG,stop_loss,-1.1939581293592234,1.0,20.0
2023-04-12 12:00:00,2023-04-12 14:00:00,-200.48459646069372,5.309890830821573,1883.27789,1917.2681549999998,SHORT,stop_loss,-2.0048459646069374,1.0,19.999999999999996
2023-04-12 20:00:00,2023-04-13 08:00:00,-324.97060139836714,5.241212263150502,1907.955545,1966.14258,SHORT,stop_loss,-3.2497060139836713,1.0,20.0
2023-04-14 12:00:00,2023-04-14 15:00:00,-182.15008129059697,4.77662988355952,2093.52624,2059.5796950000004,LONG,stop_loss,-1.8215008129059698,1.0,20.0
2023-04-14 15:00:00,2023-04-14 20:00:00,198.54355432772533,4.850506645483921,2061.6403050000004,2106.696125,LONG,signal_reverse,1.9854355432772535,1.0,19.999999999999996
2023-04-14 20:00:00,2023-04-15 00:00:00,63.458120947556594,4.746769067133496,2106.696125,2089.114035,SHORT,signal_reverse,0.634581209475566,1.0,20.0
2023-04-15 00:00:00,2023-04-15 07:00:00,23.589434791194012,4.786718117089285,2089.114035,2098.220365,LONG,signal_reverse,0.23589434791194014,1.0,20.0
2023-04-15 07:00:00,2023-04-15 17:00:00,4.613048687096384,4.765943638145939,2098.220365,2093.056005,SHORT,signal_reverse,0.04613048687096384,1.0,20.0
2023-04-15 17:00:00,2023-04-16 04:00:00,3.6232092604703574,4.777703021854878,2093.0560050000004,2098.0004750000003,LONG,signal_reverse,0.03623209260470357,1.0,20.0
2023-04-16 04:00:00,2023-04-16 09:00:00,16.34798986401781,4.766443153450668,2098.0004750000003,2090.374665,SHORT,signal_reverse,0.1634798986401781,1.0,20.0
2023-04-16 09:00:00,2023-04-16 16:00:00,20.688256236593418,4.783831419043725,2090.374665,2098.880035,LONG,signal_reverse,0.2068825623659342,1.0,20.0
2023-04-16 16:00:00,2023-04-16 18:00:00,-164.57255533425607,4.764445720214781,2098.8800349999997,2129.22408,SHORT,stop_loss,-1.6457255533425605,1.0,19.999999999999996
2023-04-17 00:00:00,2023-04-18 01:00:00,-73.82722005357502,4.798046458111614,2084.1815699999997,2072.963,LONG,stop_loss,-0.7382722005357503,1.0,20.000000000000004
2023-04-18 02:00:00,2023-04-18 11:00:00,-205.13333948018146,4.804853597876656,2081.228865,2119.75935,SHORT,stop_loss,-2.0513333948018144,1.0,20.0
2023-04-18 15:00:00,2023-04-18 23:00:00,7.2196173179418315,4.7673798252123145,2097.5882699999997,2103.297825,LONG,signal_reverse,0.07219617317941832,1.0,20.0
2023-04-18 23:00:00,2023-04-19 04:00:00,52.24034000035272,4.75443842576122,2103.297825,2088.10353,SHORT,signal_reverse,0.5224034000035271,1.0,20.0
2023-04-19 04:00:00,2023-04-19 08:00:00,-503.8245017477647,4.789034574353696,2088.10353,1987.075965,LONG,stop_loss,-5.038245017477648,1.0,20.0
2023-04-20 07:00:00,2023-04-20 12:00:00,89.61202138589367,5.127114709224508,1950.41472,1971.7936100000002,LONG,signal_reverse,0.8961202138589367,1.0,20.0
2023-04-20 12:00:00,2023-04-20 15:00:00,103.39204710172497,5.071524701817043,1971.79361,1947.463245,SHORT,signal_reverse,1.0339204710172496,1.0,20.0
2023-04-20 15:00:00,2023-04-20 16:00:00,-71.56677552597259,5.134885100232021,1947.463245,1937.4208050000002,LONG,stop_loss,-0.7156677552597259,1.0,20.0
2023-04-21 00:00:00,2023-04-21 04:00:00,16.70516822484998,5.136064610829946,1947.016005,1939.86945,SHORT,signal_reverse,0.1670516822484998,1.0,20.0
2023-04-21 04:00:00,2023-04-21 06:00:00,-194.3568362293658,5.154986073933996,1939.8694500000001,1906.0465000000002,LONG,stop_loss,-1.943568362293658,1.0,20.0
2023-04-21 08:00:00,2023-04-21 12:00:00,-55.89322419045977,5.203047646656476,1921.950495,1915.051995,LONG,stop_loss,-0.5589322419045977,1.0,19.999999999999996
2023-04-21 13:00:00,2023-04-21 15:00:00,-52.412907258043205,5.24044843900771,1908.23364,1902.0485,LONG,stop_loss,-0.5241290725804321,1.0,20.0
2023-04-22 05:00:00,2023-04-22 07:00:00,44.609598513764,5.365274270419744,1863.837615,1851.7954349999998,SHORT,signal_reverse,0.4460959851376399,1.0,20.0
2023-04-22 07:00:00,2023-04-22 14:00:00,49.617597907082555,5.400164516552014,1851.795435,1864.68719,LONG,signal_reverse,0.49617597907082556,1.0,20.000000000000004
2023-04-22 14:00:00,2023-04-23 00:00:00,13.294672872183238,5.362829783798751,1864.6871899999999,1858.4787749999998,SHORT,signal_reverse,0.13294672872183239,1.0,20.0
2023-04-23 00:00:00,2023-04-23 06:00:00,29.163596178277956,5.380744797583175,1858.478775,1867.615725,LONG,signal_reverse,0.29163596178277956,1.0,20.000000000000004
2023-04-23 06:00:00,2023-04-23 14:00:00,-11.469444283030576,5.354420540660205,1867.6157249999999,1866.0225449999998,SHORT,signal_reverse,-0.11469444283030575,1.0,20.0
2023-04-23 14:00:00,2023-04-23 23:00:00,-46.171066437998,5.358992058694555,1866.0225449999998,1861.138965,LONG,signal_reverse,-0.46171066437998,1.0,20.000000000000004
2023-04-23 23:00:00,2023-04-24 01:00:00,-86.45027712909156,5.373053913789829,1861.1389649999999,1873.506285,SHORT,stop_loss,-0.8645027712909157,1.0,20.000000000000004
2023-04-24 05:00:00,2023-04-24 07:00:00,-97.68335840051299,5.383324086666716,1857.58833,1843.15796,LONG,stop_loss,-0.9768335840051299,1.0,20.0
2023-04-24 13:00:00,2023-04-24 15:00:00,135.9748953275836,5.365360587133126,1863.80763,1834.7369099999999,SHORT,signal_reverse,1.359748953275836,1.0,20.0
2023-04-24 15:00:00,2023-04-24 17:00:00,-24.656307917191867,5.450372718560505,1834.7369099999999,1833.8826000000001,LONG,stop_loss,-0.24656307917191866,1.0,20.0
2023-04-25 03:00:00,2023-04-25 14:00:00,-129.11183302549162,5.460705602070983,1831.265175,1811.2839050000002,LONG,stop_loss,-1.291118330254916,1.0,20.0
2023-04-25 14:00:00,2023-04-25 17:00:00,121.54828897803213,5.515427465525482,1813.096095,1838.7601600000003,LONG,signal_reverse,1.2154828897803214,1.0,20.0
2023-04-25 17:00:00,2023-04-25 21:00:00,-199.27968920100972,5.438447176275561,1838.76016,1871.725395,SHORT,stop_loss,-1.9927968920100971,1.0,20.0
2023-04-26 04:00:00,2023-04-26 09:00:00,-198.4329130210986,5.362973515467457,1864.637215,1897.9084799999998,SHORT,stop_loss,-1.984329130210986,1.0,19.999999999999996
2023-04-26 19:00:00,2023-04-26 20:00:00,170.1468563264105,5.462138020050946,1830.784935,1865.596735,LONG,stop_loss,1.701468563264105,1.0,20.0
2023-04-27 00:00:00,2023-04-27 06:00:00,164.3999631998002,5.210721689330979,1919.11996,1883.7313949999998,SHORT,signal_reverse,1.643999631998002,1.0,20.000000000000004
2023-04-27 06:00:00,2023-04-27 15:00:00,64.71635097423304,5.3086124840001405,1883.731395,1899.6896800000002,LONG,signal_reverse,0.6471635097423304,1.0,20.0
2023-04-27 15:00:00,2023-04-27 18:00:00,-168.41255546537386,5.264017647345433,1899.6896800000002,1927.88346,SHORT,stop_loss,-1.6841255546537384,1.0,20.0
2023-04-28 04:00:00,2023-04-28 09:00:00,5.123691524907591,5.224871794185862,1913.9225600000002,1909.11408,SHORT,signal_reverse,0.05123691524907591,1.0,20.0
2023-04-28 09:00:00,2023-04-28 15:00:00,-137.05919114063633,5.23803166335665,1909.11408,1886.766145,LONG,stop_loss,-1.3705919114063632,1.0,20.0
2023-04-28 23:00:00,2023-04-29 02:00:00,0.2537444023715077,5.281654247913033,1893.3462000000002,1897.1809350000003,LONG,signal_reverse,0.002537444023715077,1.0,20.0
2023-04-29 02:00:00,2023-04-29 17:00:00,-19.194093735713345,5.270978542697615,1897.180935,1897.02804,SHORT,signal_reverse,-0.19194093735713344,1.0,20.0
2023-04-29 17:00:00,2023-04-29 23:00:00,37.18178525184099,5.271403368397233,1897.02804,1907.875585,LONG,signal_reverse,0.37181785251840993,1.0,20.0
2023-04-29 23:00:00,2023-04-30 00:00:00,19.708616534344138,5.241431924922924,1907.875585,1900.2996749999998,SHORT,signal_reverse,0.19708616534344137,1.0,20.0
2023-04-30 00:00:00,2023-04-30 05:00:00,-3.328340041945379,5.262327900992774,1900.299675,1903.4677900000002,LONG,signal_reverse,-0.03328340041945379,1.0,20.0
2023-04-30 05:00:00,2023-04-30 12:00:00,-14.288976121838443,5.253569328851107,1903.4677900000002,1902.380715,SHORT,signal_reverse,-0.14288976121838443,1.0,20.0
2023-04-30 12:00:00,2023-04-30 13:00:00,-3.5676687881049154,5.256571369311847,1902.380715,1905.5067700000002,LONG,signal_reverse,-0.035676687881049156,1.0,20.0
2023-04-30 13:00:00,2023-04-30 15:00:00,-106.34831562419456,5.247947767721654,1905.50677,1921.9605,SHORT,stop_loss,-1.0634831562419456,1.0,20.0
2023-04-30 19:00:00,2023-04-30 23:00:00,-214.83879659099873,5.244930862829283,1906.6028250000002,1869.4548050000003,LONG,stop_loss,-2.148387965909987,1.0,19.999999999999996
2023-05-01 13:00:00,2023-05-01 19:00:00,-185.50911065762375,5.426993516251453,1842.64086,1812.143475,LONG,stop_loss,-1.8550911065762374,1.0,20.0
2023-05-02 07:00:00,2023-05-02 14:00:00,-119.80503757442622,5.4496149055512655,1834.9920450000002,1853.30619,SHORT,stop_loss,-1.1980503757442622,1.0,20.0
2023-05-02 14:00:00,2023-05-02 19:00:00,-121.06006911400998,5.40116093957537,1851.4538100000002,1870.164615,SHORT,stop_loss,-1.2106006911400997,1.0,20.0
2023-05-03 06:00:00,2023-05-03 11:00:00,6.458192562394272,5.3595547907875805,1865.82662,1860.88998,SHORT,signal_reverse,0.06458192562394272,1.0,19.999999999999996
2023-05-03 11:00:00,2023-05-03 16:00:00,0.7813199144654205,5.373772822399743,1860.88998,1864.7571550000002,LONG,signal_reverse,0.007813199144654205,1.0,20.0
2023-05-03 16:00:00,2023-05-03 18:00:00,-139.2427117942859,5.362628572405183,1864.757155,1886.9930249999998,SHORT,stop_loss,-1.392427117942859,1.0,20.0
2023-05-03 21:00:00,2023-05-04 10:00:00,-143.6479444000772,5.292923989954094,1889.31487,1912.6758599999998,SHORT,stop_loss,-1.4364794440007718,1.0,20.0
2023-05-04 13:00:00,2023-05-05 01:00:00,38.107234119164666,5.298312968141548,1887.393225,1898.360345,LONG,signal_reverse,0.3810723411916466,1.0,20.0
2023-05-05 01:00:00,2023-05-05 13:00:00,-207.56267793826018,5.267703798353415,1898.360345,1933.9665,SHORT,stop_loss,-2.0756267793826018,1.0,20.0
2023-05-06 03:00:00,2023-05-06 08:00:00,-166.89501472891246,5.0654029762722415,1974.1765950000001,1945.1769250000002,LONG,stop_loss,-1.6689501472891246,1.0,20.0
2023-05-07 00:00:00,2023-05-07 02:00:00,41.15082748420905,5.240992619788802,1908.035505,1896.36771,SHORT,signal_reverse,0.4115082748420905,1.0,20.0
2023-05-07 02:00:00,2023-05-07 06:00:00,17.545830180794255,5.2732389120884156,1896.36771,1903.4877800000002,LONG,signal_reverse,0.17545830180794253,1.0,20.0
2023-05-07 06:00:00,2023-05-07 14:00:00,-164.14171862978728,5.253514157049119,1903.4877800000002,1930.92498,SHORT,stop_loss,-1.6414171862978728,1.0,19.999999999999996
2023-05-07 20:00:00,2023-05-07 21:00:00,24.571141502513278,5.210016195700046,1919.3798299999999,1910.8249349999999,SHORT,signal_reverse,0.24571141502513277,1.0,20.0
2023-05-07 21:00:00,2023-05-07 23:00:00,-221.70107838790486,5.23334179747869,1910.8249349999999,1872.28339,LONG,stop_loss,-2.2170107838790485,1.0,20.000000000000004
2023-05-08 06:00:00,2023-05-08 08:00:00,-140.9712535968773,5.358676012626327,1866.1326000000001,1843.5577600000001,LONG,stop_loss,-1.4097125359687728,1.0,20.0
2023-05-08 14:00:00,2023-05-08 17:00:00,184.26564373329248,5.351413404605598,1868.6652,1830.4947899999997,SHORT,signal_reverse,1.8426564373329248,1.0,20.0
2023-05-08 17:00:00,2023-05-09 07:00:00,79.53805987068765,5.463003803468897,1830.49479,1848.7151800000001,LONG,signal_reverse,0.7953805987068765,1.0,20.0
2023-05-09 07:00:00,2023-05-09 15:00:00,21.624205195309155,5.409162053832435,1848.7151800000001,1841.0200499999999,SHORT,signal_reverse,0.21624205195309157,1.0,20.0
2023-05-09 15:00:00,2023-05-09 16:00:00,44.54592930696255,5.431771370442164,1841.0200499999999,1852.903085,LONG,signal_reverse,0.44545929306962545,1.0,20.000000000000004
2023-05-09 16:00:00,2023-05-10 06:00:00,30.578900083164214,5.396936343273453,1852.903085,1843.5313049999997,SHORT,signal_reverse,0.3057890008316422,1.0,20.0
2023-05-10 06:00:00,2023-05-10 11:00:00,17.824039011912706,5.4243722213331225,1843.531305,1850.5042850000002,LONG,signal_reverse,0.17824039011912707,1.0,20.0
2023-05-10 11:00:00,2023-05-10 12:00:00,-173.22674597319315,5.403932366468419,1850.504285,1878.85896,SHORT,stop_loss,-1.7322674597319314,1.0,20.0
2023-05-10 17:00:00,2023-05-11 13:00:00,-162.78279983114336,5.456025644542679,1832.8359600000001,1806.666215,LONG,stop_loss,-1.6278279983114337,1.0,20.0
2023-05-11 22:00:00,2023-05-12 02:00:00,-136.69374929499082,5.583270023936622,1791.0650850000002,1770.164475,LONG,stop_loss,-1.366937492949908,1.0,20.0
2023-05-12 12:00:00,2023-05-12 21:00:00,-219.48965246232254,5.641642984318787,1772.53329,1807.8934949999998,SHORT,stop_loss,-2.1948965246232253,1.0,20.0
2023-05-13 07:00:00,2023-05-13 14:00:00,25.03862232611431,5.545979513001938,1803.107995,1794.9870449999999,SHORT,signal_reverse,0.25038622326114307,1.0,20.000000000000004
2023-05-13 14:00:00,2023-05-13 20:00:00,25.29807066100769,5.571070848592114,1794.9870449999999,1803.1179900000002,LONG,signal_reverse,0.2529807066100769,1.0,20.0
2023-05-13 20:00:00,2023-05-14 18:00:00,-21.57094544877747,5.545948770662535,1803.11799,1803.40125,SHORT,signal_reverse,-0.21570945448777468,1.0,20.0
2023-05-14 18:00:00,2023-05-15 01:00:00,93.04417139558001,5.545077669209779,1803.40125,1823.7876500000002,LONG,signal_reverse,0.9304417139558001,1.0,20.000000000000004
2023-05-15 01:00:00,2023-05-15 20:00:00,-36.25885557455068,5.483094481969982,1823.78765,1826.75292,SHORT,signal_reverse,-0.3625885557455068,1.0,20.0
2023-05-15 20:00:00,2023-05-16 01:00:00,-132.25653330281597,5.4741940688946595,1826.75292,1806.2464250000003,LONG,stop_loss,-1.3225653330281597,1.0,20.0
2023-05-16 07:00:00,2023-05-16 10:00:00,22.160469686007698,5.488358156422626,1822.038525,1814.3567249999999,SHORT,signal_reverse,0.22160469686007697,1.0,20.0
2023-05-16 10:00:00,2023-05-16 15:00:00,9.999172296175425,5.511595301083914,1814.356725,1819.799645,LONG,signal_reverse,0.09999172296175425,1.0,20.0
2023-05-16 15:00:00,2023-05-17 05:00:00,-22.417958489049916,5.4951104246423785,1819.799645,1820.2396649999998,SHORT,signal_reverse,-0.22417958489049913,1.0,20.0
2023-05-17 05:00:00,2023-05-17 11:00:00,-188.52118756570252,5.4937820509476705,1820.2396649999998,1789.5647700000002,LONG,stop_loss,-1.885211875657025,1.0,20.0
2023-05-17 17:00:00,2023-05-18 06:00:00,-42.573460442139975,5.509726689676975,1814.97206,1819.06908,SHORT,signal_reverse,-0.42573460442139976,1.0,20.0
2023-05-18 06:00:00,2023-05-18 07:00:00,21.104486257333694,5.497317342120949,1819.06908,1826.54627,LONG,signal_reverse,0.21104486257333693,1.0,20.0
2023-05-18 07:00:00,2023-05-18 12:00:00,15.842097775054725,5.474813402892881,1826.54627,1819.999545,SHORT,signal_reverse,0.15842097775054725,1.0,20.0
2023-05-18 12:00:00,2023-05-18 17:00:00,-255.98091064357828,5.494506868132212,1819.999545,1777.05103,LONG,stop_loss,-2.559809106435783,1.0,20.0
2023-05-18 21:00:00,2023-05-20 00:00:00,3.4819469851989147,5.514038612728098,1813.55277,1809.294195,SHORT,signal_reverse,0.034819469851989145,1.0,20.0
2023-05-20 00:00:00,2023-05-20 08:00:00,7.183224340140231,5.527017125039745,1809.2941950000002,1814.21244,LONG,signal_reverse,0.0718322434014023,1.0,20.0
2023-05-20 08:00:00,2023-05-21 05:00:00,-32.70724943325787,5.512033640338174,1814.2124399999998,1816.5178049999997,SHORT,signal_reverse,-0.32707249433257873,1.0,20.0
2023-05-21 05:00:00,2023-05-22 06:00:00,-61.68816831387934,5.505038250918768,1816.517805,1808.945075,LONG,signal_reverse,-0.6168816831387934,1.0,20.0
2023-05-22 06:00:00,2023-05-23 01:00:00,-164.95769032677833,5.528083819792041,1808.9450749999999,1835.167125,SHORT,stop_loss,-1.6495769032677834,1.0,20.0
2023-05-23 01:00:00,2023-05-23 03:00:00,-204.746918914002,5.454546818182159,1833.332875,1867.203135,SHORT,stop_loss,-2.04746918914002,1.0,20.0
2023-05-23 13:00:00,2023-05-23 14:00:00,19.05168736832643,5.410278443199195,1848.333705,1855.55176,LONG,signal_reverse,0.19051687368326428,1.0,20.0
2023-05-23 14:00:00,2023-05-23 18:00:00,28.066053409365534,5.389232580609877,1855.55176,1846.6328549999998,SHORT,signal_reverse,0.2806605340936553,1.0,20.0
2023-05-23 18:00:00,2023-05-24 03:00:00,-157.40652307412748,5.4152616059676895,1846.632855,1821.2589150000001,LONG,stop_loss,-1.5740652307412748,1.0,20.0
2023-05-25 00:00:00,2023-05-25 01:00:00,-114.39339747116658,5.577319371205875,1792.97604,1776.0515300000002,LONG,stop_loss,-1.143933974711666,1.0,20.0
2023-05-25 07:00:00,2023-05-25 11:00:00,30.325484636962603,5.61924231535811,1779.599355,1788.5552750000002,LONG,signal_reverse,0.303254846369626,1.0,20.0
2023-05-25 11:00:00,2023-05-25 19:00:00,-142.4423997743094,5.591104809439004,1788.555275,1810.454775,SHORT,stop_loss,-1.4244239977430941,1.0,20.0
2023-05-26 01:00:00,2023-05-26 03:00:00,0.10338794914596487,5.545754543550738,1803.18114,1806.8061450000002,LONG,signal_reverse,0.0010338794914596487,1.0,20.0
2023-05-26 03:00:00,2023-05-26 14:00:00,-155.86999949017718,5.534628066034168,1806.806145,1831.35522,SHORT,stop_loss,-1.558699994901772,1.0,20.0
2023-05-26 18:00:00,2023-05-27 08:00:00,-12.521422818695774,5.460888206695318,1831.2039399999999,1829.83446,SHORT,signal_reverse,-0.12521422818695774,1.0,20.0
2023-05-27 08:00:00,2023-05-27 20:00:00,-37.15054049206203,5.464975230600914,1829.83446,1826.696195,LONG,signal_reverse,-0.3715054049206203,1.0,20.0
2023-05-27 20:00:00,2023-05-28 00:00:00,-153.62317755306887,5.474364060850305,1826.696195,1851.10509,SHORT,stop_loss,-1.5362317755306887,1.0,20.0
2023-05-28 07:00:00,2023-05-28 12:00:00,11.09839878362999,5.412761509216367,1847.485795,1841.7404099999999,SHORT,signal_reverse,0.11098398783629991,1.0,20.0
2023-05-28 12:00:00,2023-05-28 17:00:00,6.691057943395063,5.4296468414894585,1841.7404099999999,1846.65621,LONG,signal_reverse,0.06691057943395064,1.0,20.0
2023-05-28 17:00:00,2023-05-28 22:00:00,-350.58218779119676,5.41519311816031,1846.6562099999999,1907.7033749999998,SHORT,stop_loss,-3.505821877911967,1.0,20.0
2023-05-29 05:00:00,2023-05-29 14:00:00,21.507612839686136,5.253762439284073,1903.397825,1895.497275,SHORT,signal_reverse,0.21507612839686135,1.0,20.0
2023-05-29 14:00:00,2023-05-30 01:00:00,-10.748469949658547,5.275660446412406,1895.497275,1897.2509000000002,LONG,signal_reverse,-0.10748469949658547,1.0,19.999999999999996
2023-05-30 01:00:00,2023-05-30 14:00:00,-28.47571082981129,5.270784164603637,1897.2509,1898.858955,SHORT,signal_reverse,-0.2847571082981129,1.0,19.999999999999996
2023-05-30 14:00:00,2023-05-30 18:00:00,27.69501166030451,5.2663205835633,1898.8589550000002,1907.915565,LONG,signal_reverse,0.2769501166030451,1.0,20.0
2023-05-30 18:00:00,2023-05-30 23:00:00,11.894100093469465,5.241322091735229,1907.9155649999998,1901.83044,SHORT,signal_reverse,0.11894100093469465,1.0,20.0
2023-05-30 23:00:00,2023-05-31 04:00:00,-169.31733346323074,5.258092303959547,1901.8304400000002,1873.432815,LONG,stop_loss,-1.6931733346323075,1.0,20.0
2023-05-31 22:00:00,2023-06-01 02:00:00,61.990456317528924,5.349010126628294,1869.50478,1854.1766249999998,SHORT,signal_reverse,0.6199045631752892,1.0,20.000000000000004
2023-06-01 02:00:00,2023-06-01 12:00:00,32.53517851892823,5.39322946108222,1854.176625,1863.917575,LONG,signal_reverse,0.32535178518928226,1.0,20.0
2023-06-01 12:00:00,2023-06-01 23:00:00,-15.726849670377865,5.365044106094659,1863.917575,1863.121095,SHORT,signal_reverse,-0.15726849670377865,1.0,20.0
2023-06-01 23:00:00,2023-06-02 02:00:00,53.31807383137425,5.367337650159557,1863.121095,1876.78114,LONG,signal_reverse,0.5331807383137425,1.0,20.000000000000004
2023-06-02 02:00:00,2023-06-02 13:00:00,-45.89119155363981,5.328271787726937,1876.78114,1881.64035,SHORT,signal_reverse,-0.45891191553639804,1.0,19.999999999999996
2023-06-02 13:00:00,2023-06-02 15:00:00,33.26918611199976,5.314511883208712,1881.6403500000001,1891.663695,LONG,signal_reverse,0.33269186111999755,1.0,20.0
2023-06-02 15:00:00,2023-06-02 18:00:00,-118.33122055027857,5.286351916797769,1891.663695,1910.264655,SHORT,stop_loss,-1.1833122055027856,1.0,20.0
2023-06-03 06:00:00,2023-06-03 14:00:00,-9.715872428966213,5.253624501811923,1903.4478000000001,1901.4902699999998,SHORT,signal_reverse,-0.09715872428966212,1.0,20.000000000000004
2023-06-03 14:00:00,2023-06-04 02:00:00,-60.166758255354324,5.259032958396363,1901.49027,1893.8526000000002,LONG,signal_reverse,-0.6016675825535432,1.0,19.999999999999996
2023-06-04 02:00:00,2023-06-04 16:00:00,-47.86114399821806,5.280241978705206,1893.8526,1899.12909,SHORT,signal_reverse,-0.4786114399821806,1.0,19.999999999999996
2023-06-04 16:00:00,2023-06-04 19:00:00,7.161344782518594,5.265571494142085,1899.1290900000001,1904.2873800000002,LONG,signal_reverse,0.07161344782518593,1.0,19.999999999999996
2023-06-04 19:00:00,2023-06-04 23:00:00,45.704184837900605,5.251308234789646,1904.28738,1891.7754149999998,SHORT,signal_reverse,0.4570418483790061,1.0,20.0
2023-06-04 23:00:00,2023-06-05 05:00:00,-133.0740722730017,5.286039727924047,1891.7754149999998,1870.38434,LONG,stop_loss,-1.3307407227300168,1.0,20.0
2023-06-05 12:00:00,2023-06-05 15:00:00,-260.4758963073812,5.358963325693328,1866.03255,1821.158965,LONG,stop_loss,-2.6047589630738126,1.0,20.0
2023-06-05 15:00:00,2023-06-05 16:00:00,-77.85965293928551,5.485520588534262,1822.981035,1812.43333,LONG,stop_loss,-0.7785965293928552,1.0,19.999999999999996
2023-06-06 04:00:00,2023-06-06 12:00:00,46.60849682785273,5.501092796209786,1817.820635,1805.7124049999998,SHORT,signal_reverse,0.46608496827852736,1.0,19.999999999999996
2023-06-06 12:00:00,2023-06-06 14:00:00,154.77035608004306,5.537980451543722,1805.712405,1837.270905,LONG,signal_reverse,1.5477035608004306,1.0,20.0
2023-06-06 14:00:00,2023-06-06 16:00:00,-172.67911729108823,5.442855472639185,1837.270905,1865.322195,SHORT,stop_loss,-1.7267911729108822,1.0,20.0
2023-06-07 04:00:00,2023-06-07 09:00:00,118.79970759028852,5.321300354886567,1879.23991,1853.156115,SHORT,signal_reverse,1.1879970759028853,1.0,20.0
2023-06-07 09:00:00,2023-06-07 21:00:00,-191.26069273445998,5.3961994453985875,1853.156115,1821.418835,LONG,stop_loss,-1.9126069273445998,1.0,20.000000000000004
2023-06-08 07:00:00,2023-06-08 23:00:00,-50.92824440343215,5.431892340111094,1840.9790500000001,1846.672875,SHORT,signal_reverse,-0.5092824440343215,1.0,20.0
2023-06-08 23:00:00,2023-06-09 09:00:00,-33.78370817300261,5.415144249627861,1846.672875,1844.127475,LONG,signal_reverse,-0.3378370817300261,1.0,20.0
2023-06-09 09:00:00,2023-06-09 15:00:00,-10.528068023062525,5.422618628899285,1844.127475,1842.3807299999999,SHORT,signal_reverse,-0.10528068023062526,1.0,20.0
2023-06-09 15:00:00,2023-06-10 04:00:00,-318.5531931828233,5.427759766028382,1842.38073,1787.375865,LONG,stop_loss,-3.185531931828233,1.0,20.0
2023-06-10 17:00:00,2023-06-10 18:00:00,114.13552146033334,5.683175136754385,1759.57977,1735.9775549999997,SHORT,signal_reverse,1.1413552146033334,1.0,20.0
2023-06-10 18:00:00,2023-06-10 22:00:00,81.41383999633723,5.760443141213309,1735.977555,1753.5827700000002,LONG,signal_reverse,0.8141383999633723,1.0,20.0
2023-06-10 22:00:00,2023-06-11 08:00:00,-3.588713066562685,5.702610775538129,1753.58277,1750.7049149999998,SHORT,signal_reverse,-0.03588713066562685,1.0,20.0
2023-06-11 08:00:00,2023-06-11 16:00:00,-13.838167753129154,5.711984877817059,1750.704915,1751.7836700000003,LONG,signal_reverse,-0.13838167753129155,1.0,20.0
2023-06-11 16:00:00,2023-06-11 20:00:00,-133.7797168756566,5.708467415956674,1751.78367,1771.715415,SHORT,stop_loss,-1.337797168756566,1.0,20.0
2023-06-12 00:00:00,2023-06-12 02:00:00,-140.94374565817418,5.7042263762623335,1753.086105,1731.8836250000002,LONG,stop_loss,-1.4094374565817418,1.0,20.0
2023-06-12 07:00:00,2023-06-12 09:00:00,37.69582898024517,5.754009670850364,1737.918525,1747.94559,LONG,signal_reverse,0.37695828980245166,1.0,20.0
2023-06-12 09:00:00,2023-06-12 13:00:00,20.3649864181424,5.721001876265496,1747.94559,1740.8900099999998,SHORT,signal_reverse,0.203649864181424,1.0,20.0
2023-06-12 13:00:00,2023-06-12 21:00:00,-10.761593261139039,5.7441882844741,1740.89001,1742.498315,LONG,signal_reverse,-0.10761593261139038,1.0,19.999999999999996
2023-06-12 21:00:00,2023-06-13 00:00:00,28.790578027043328,5.738886467732395,1742.4983149999998,1733.996565,SHORT,signal_reverse,0.2879057802704333,1.0,19.999999999999996
2023-06-13 00:00:00,2023-06-13 02:00:00,89.49563213234998,5.767024111723082,1733.9965650000001,1752.98307,LONG,signal_reverse,0.8949563213234998,1.0,20.0
2023-06-13 02:00:00,2023-06-13 12:00:00,33.86095942158818,5.704561653296515,1752.98307,1743.541335,SHORT,signal_reverse,0.33860959421588177,1.0,20.0
2023-06-13 12:00:00,2023-06-14 00:00:00,-25.007653001814973,5.7354533553401525,1743.5413350000001,1742.66823,LONG,signal_reverse,-0.2500765300181497,1.0,20.0
2023-06-14 00:00:00,2023-06-14 05:00:00,1.3993400223983996,5.738326910337948,1742.66823,1738.9390349999999,SHORT,signal_reverse,0.013993400223983996,1.0,20.0
2023-06-14 05:00:00,2023-06-14 09:00:00,10.526688360872988,5.75063288518335,1738.9390349999999,1744.24744,LONG,signal_reverse,0.10526688360872989,1.0,20.0
2023-06-14 09:00:00,2023-06-14 13:00:00,-7.003650124319505,5.733131533218705,1744.2474399999999,1741.9805549999999,SHORT,signal_reverse,-0.07003650124319505,1.0,20.0
2023-06-14 13:00:00,2023-06-14 20:00:00,-622.7590531858715,5.7405922077011935,1741.9805549999999,1636.9811,LONG,stop_loss,-6.227590531858715,1.0,20.0
2023-06-15 12:00:00,2023-06-15 17:00:00,31.693540735434873,6.104787629639286,1638.05862,1646.526325,LONG,signal_reverse,0.3169354073543487,1.0,20.0
2023-06-15 17:00:00,2023-06-15 21:00:00,-138.16543534461977,6.0733921153674855,1646.5263249999998,1665.982575,SHORT,stop_loss,-1.3816543534461976,1.0,20.0
2023-06-16 02:00:00,2023-06-16 11:00:00,-17.19494815479381,6.011104469575363,1663.58779,1663.1211449999998,SHORT,signal_reverse,-0.1719494815479381,1.0,20.0
2023-06-16 11:00:00,2023-06-16 15:00:00,67.66399876420277,6.012791088649167,1663.121145,1677.70073,LONG,signal_reverse,0.6766399876420277,1.0,20.0
2023-06-16 15:00:00,2023-06-16 18:00:00,-253.10024428492633,5.960538623595879,1677.70073,1716.807975,SHORT,stop_loss,-2.5310024428492635,1.0,20.0
2023-06-17 15:00:00,2023-06-18 07:00:00,-12.86941188983473,5.788566786405486,1727.5433400000002,1728.77518,LONG,signal_reverse,-0.1286941188983473,1.0,20.0
2023-06-18 07:00:00,2023-06-18 20:00:00,-31.22034271685735,5.784442138971476,1728.77518,1730.7149249999998,SHORT,signal_reverse,-0.31220342716857347,1.0,20.0
2023-06-18 20:00:00,2023-06-19 12:00:00,-27.800475864041033,5.777959070873559,1730.714925,1729.3648850000002,LONG,signal_reverse,-0.2780047586404103,1.0,20.0
2023-06-19 12:00:00,2023-06-19 14:00:00,28.427142661682993,5.782469672384958,1729.364885,1720.990065,SHORT,signal_reverse,0.2842714266168299,1.0,20.0
2023-06-19 14:00:00,2023-06-19 17:00:00,20.880480039261474,5.810608790469688,1720.9900650000002,1728.0255550000002,LONG,signal_reverse,0.20880480039261476,1.0,20.000000000000004
2023-06-19 17:00:00,2023-06-19 18:00:00,67.49598613430456,5.786951455124747,1728.0255550000002,1712.9060249999998,SHORT,signal_reverse,0.6749598613430455,1.0,20.0
2023-06-19 18:00:00,2023-06-19 20:00:00,75.79559392349066,5.838031890862197,1712.906025,1729.31491,LONG,signal_reverse,0.7579559392349066,1.0,20.0
2023-06-19 20:00:00,2023-06-20 08:00:00,-1.0195067363403008,5.782636778399141,1729.31491,1726.032585,SHORT,signal_reverse,-0.010195067363403008,1.0,20.0
2023-06-20 08:00:00,2023-06-20 11:00:00,17.14159312930921,5.793633380333894,1726.0325850000002,1732.4433450000001,LONG,signal_reverse,0.1714159312930921,1.0,20.0
2023-06-20 11:00:00,2023-06-20 13:00:00,29.478327962292276,5.772194530263269,1732.443345,1723.8715049999998,SHORT,signal_reverse,0.2947832796229228,1.0,20.0
2023-06-20 13:00:00,2023-06-20 15:00:00,26.129598273045726,5.8008963956974275,1723.871505,1731.8236550000001,LONG,signal_reverse,0.2612959827304573,1.0,20.0
2023-06-20 15:00:00,2023-06-20 17:00:00,-238.96441297886992,5.7742599664398275,1731.8236550000001,1769.7444299999997,SHORT,stop_loss,-2.389644129788699,1.0,20.0
2023-06-21 09:00:00,2023-06-21 14:00:00,-201.70414849147133,5.5181138045196265,1812.21344,1845.14211,SHORT,stop_loss,-2.017041484914713,1.0,20.0
2023-06-22 11:00:00,2023-06-23 05:00:00,-47.72898977135835,5.29637573192801,1888.08357,1882.848105,LONG,signal_reverse,-0.47728989771358354,1.0,20.0
2023-06-23 05:00:00,2023-06-23 10:00:00,-3.276797572578269,5.3111028836816345,1882.848105,1879.6993799999998,SHORT,signal_reverse,-0.03276797572578269,1.0,20.000000000000004
2023-06-23 10:00:00,2023-06-23 14:00:00,-2.291663042416513,5.319999626748826,1879.69938,1883.028015,LONG,signal_reverse,-0.02291663042416513,1.0,20.0
2023-06-23 14:00:00,2023-06-23 15:00:00,-211.2399853488095,5.310595445389589,1883.028015,1919.0390399999999,SHORT,stop_loss,-2.1123998534880952,1.0,20.0
2023-06-23 21:00:00,2023-06-24 12:00:00,38.104094202111376,5.3021916951363215,1886.0125349999998,1896.9710400000001,LONG,signal_reverse,0.3810409420211137,1.0,20.0
2023-06-24 12:00:00,2023-06-24 15:00:00,89.77202372051102,5.2715617630093075,1896.9710400000001,1876.1476049999999,SHORT,signal_reverse,0.8977202372051102,1.0,20.0
2023-06-24 15:00:00,2023-06-25 02:00:00,19.922791682479893,5.330071031378152,1876.147605,1883.63771,LONG,signal_reverse,0.19922791682479893,1.0,20.0
2023-06-25 02:00:00,2023-06-25 04:00:00,-149.567564242488,5.308876514263456,1883.63771,1908.0435449999998,SHORT,stop_loss,-1.4956756424248798,1.0,20.0
2023-06-25 13:00:00,2023-06-25 22:00:00,-54.10557243873081,5.244050272958454,1906.922985,1900.419315,LONG,signal_reverse,-0.5410557243873081,1.0,19.999999999999996
2023-06-25 22:00:00,2023-06-26 00:00:00,27.221499640461623,5.261996613626294,1900.4193149999999,1891.44525,SHORT,signal_reverse,0.2722149964046162,1.0,20.0
2023-06-26 00:00:00,2023-06-26 06:00:00,0.5483611011210542,5.2869624431370665,1891.44525,1895.33186,LONG,signal_reverse,0.005483611011210541,1.0,20.0
2023-06-26 06:00:00,2023-06-26 10:00:00,70.08026699873166,5.276120879432692,1895.33186,1878.2586599999997,SHORT,signal_reverse,0.7008026699873166,1.0,20.0
2023-06-26 10:00:00,2023-06-26 13:00:00,121.50577641952734,5.324080337263026,1878.25866,1904.837105,LONG,signal_reverse,1.2150577641952733,1.0,19.999999999999996
2023-06-26 13:00:00,2023-06-26 16:00:00,250.89429255946922,5.249792737526499,1904.837105,1853.2361549999998,SHORT,signal_reverse,2.5089429255946922,1.0,20.000000000000004
2023-06-26 16:00:00,2023-06-27 02:00:00,96.31534352404263,5.395966387241134,1853.236155,1874.7921350000001,LONG,signal_reverse,0.9631534352404263,1.0,20.0
2023-06-27 02:00:00,2023-06-27 15:00:00,-9.032197428116397,5.3339246593329666,1874.792135,1872.7359,SHORT,signal_reverse,-0.09032197428116397,1.0,20.0
2023-06-27 15:00:00,2023-06-27 16:00:00,170.8938681636861,5.339781225959304,1872.7359,1908.48528,LONG,signal_reverse,1.708938681636861,1.0,20.0
2023-06-27 16:00:00,2023-06-28 00:00:00,148.60279372969717,5.239757468813173,1908.48528,1876.3076849999998,SHORT,signal_reverse,1.4860279372969718,1.0,20.0
2023-06-28 00:00:00,2023-06-28 13:00:00,-129.555725664471,5.3296162883860925,1876.307685,1855.7516600000001,LONG,stop_loss,-1.29555725664471,1.0,20.000000000000004
2023-06-28 16:00:00,2023-06-28 19:00:00,-152.97674382936347,5.387183141948131,1856.2576649999999,1831.5737550000001,LONG,stop_loss,-1.5297674382936348,1.0,20.0
2023-06-29 02:00:00,2023-06-29 04:00:00,12.435127310429623,5.4564724276249885,1832.6858849999999,1838.630225,LONG,signal_reverse,0.12435127310429622,1.0,20.0
2023-06-29 04:00:00,2023-06-29 10:00:00,-186.2863450425442,5.438831508385543,1838.6302249999999,1869.204135,SHORT,stop_loss,-1.8628634504254422,1.0,20.0
2023-06-29 14:00:00,2023-06-29 19:00:00,15.769737094545988,5.405859906729671,1849.84446,1856.4613050000003,LONG,signal_reverse,0.15769737094545988,1.0,20.0
2023-06-29 19:00:00,2023-06-30 01:00:00,40.05570905233634,5.386592208018039,1856.461305,1845.312195,SHORT,signal_reverse,0.40055709052336336,1.0,20.0
2023-06-30 01:00:00,2023-06-30 02:00:00,64.5216600327075,5.419137220843001,1845.3121950000002,1860.9090800000001,LONG,signal_reverse,0.6452166003270751,1.0,19.999999999999996
2023-06-30 02:00:00,2023-06-30 04:00:00,-163.01725047201103,5.373717667066249,1860.90908,1887.5232899999999,SHORT,stop_loss,-1.6301725047201103,1.0,20.0
2023-06-30 07:00:00,2023-06-30 13:00:00,137.99864161032164,5.300495084262554,1886.6162199999999,1856.80794,SHORT,signal_reverse,1.3799864161032163,1.0,20.0
2023-06-30 13:00:00,2023-06-30 16:00:00,195.33293314116227,5.385586621306671,1856.8079400000001,1896.79113,LONG,signal_reverse,1.9533293314116227,1.0,20.0
2023-06-30 16:00:00,2023-06-30 17:00:00,-195.52501945746505,5.272061768867508,1896.79113,1930.0845599999998,SHORT,stop_loss,-1.9552501945746505,1.0,20.0
2023-07-01 04:00:00,2023-07-01 12:00:00,35.13406031798298,5.2212855479609175,1915.23714,1925.79662,LONG,signal_reverse,0.3513406031798298,1.0,20.0
2023-07-01 12:00:00,2023-07-01 16:00:00,12.544116730250725,5.192656325256194,1925.79662,1919.5292849999998,SHORT,signal_reverse,0.12544116730250726,1.0,20.0
2023-07-01 16:00:00,2023-07-01 23:00:00,1.1428918105838966,5.209610542618004,1919.5292849999998,1923.587725,LONG,signal_reverse,0.011428918105838966,1.0,20.0
2023-07-01 23:00:00,2023-07-02 02:00:00,-4.41500763891691,5.198619158375011,1923.5877249999999,1920.589815,SHORT,signal_reverse,-0.0441500763891691,1.0,20.000000000000004
2023-07-02 02:00:00,2023-07-02 11:00:00,-29.318465536067304,5.206733849101455,1920.589815,1918.80012,LONG,signal_reverse,-0.29318465536067306,1.0,20.000000000000004
2023-07-02 11:00:00,2023-07-02 17:00:00,33.03462770264997,5.2115902515161405,1918.8001199999999,1908.6238349999999,SHORT,signal_reverse,0.33034627702649966,1.0,20.0
2023-07-02 17:00:00,2023-07-02 21:00:00,39.2872979604186,5.239377092867542,1908.623835,1919.9395500000003,LONG,signal_reverse,0.392872979604186,1.0,20.0
2023-07-02 21:00:00,2023-07-02 22:00:00,-140.94935488984473,5.20849731961613,1919.93955,1943.161095,SHORT,stop_loss,-1.4094935488984472,1.0,20.0
2023-07-03 10:00:00,2023-07-03 20:00:00,-13.987117241906068,5.098687999740416,1961.288865,1960.109565,SHORT,signal_reverse,-0.13987117241906066,1.0,20.0
2023-07-03 20:00:00,2023-07-04 03:00:00,-6.691636801435904,5.101755625584124,1960.1095650000002,1962.7181500000002,LONG,signal_reverse,-0.06691636801435905,1.0,20.000000000000004
2023-07-04 03:00:00,2023-07-04 05:00:00,26.883348992316094,5.094975047741826,1962.7181500000002,1953.5162699999998,SHORT,signal_reverse,0.2688334899231609,1.0,20.0
2023-07-04 05:00:00,2023-07-04 10:00:00,-0.37095949039685344,5.1189745146069345,1953.51627,1957.350835,LONG,signal_reverse,-0.0037095949039685342,1.0,20.0
2023-07-04 10:00:00,2023-07-04 15:00:00,-7.463284782056329,5.10894614352567,1957.350835,1954.89696,SHORT,signal_reverse,-0.07463284782056329,1.0,20.0
2023-07-04 15:00:00,2023-07-05 08:00:00,-155.00299780505975,5.115359123582657,1954.89696,1928.5052650000002,LONG,stop_loss,-1.5500299780505977,1.0,20.0
2023-07-05 08:00:00,2023-07-05 12:00:00,-170.72190461802938,5.180180307934627,1930.434735,1901.338855,LONG,stop_loss,-1.7072190461802936,1.0,20.0
2023-07-06 00:00:00,2023-07-06 03:00:00,19.791602809582088,5.248842050986816,1905.182115,1912.76314,LONG,signal_reverse,0.19791602809582087,1.0,20.000000000000004
2023-07-06 03:00:00,2023-07-06 08:00:00,-216.32085758406936,5.228038846461669,1912.76314,1950.3146699999998,SHORT,stop_loss,-2.163208575840694,1.0,20.0
2023-07-06 11:00:00,2023-07-06 13:00:00,-164.40650927586898,5.212354501945507,1918.5187799999999,1890.81412,LONG,stop_loss,-1.6440650927586897,1.0,20.0
2023-07-06 19:00:00,2023-07-06 23:00:00,-235.30536773511832,5.300982497348515,1886.44275,1845.8266250000001,LONG,stop_loss,-2.353053677351183,1.0,20.0
2023-07-07 06:00:00,2023-07-07 10:00:00,12.424257967310695,5.385847805382411,1856.717895,1862.7381650000002,LONG,signal_reverse,0.12424257967310695,1.0,19.999999999999996
2023-07-07 10:00:00,2023-07-07 18:00:00,-8.789057747147242,5.368441033686557,1862.738165,1860.64986,SHORT,signal_reverse,-0.08789057747147241,1.0,20.0
2023-07-07 18:00:00,2023-07-07 23:00:00,31.082125682690823,5.374466316838355,1860.64986,1870.154455,LONG,signal_reverse,0.31082125682690825,1.0,20.0
2023-07-07 23:00:00,2023-07-08 03:00:00,7.818263812867252,5.347151928154512,1870.1544549999999,1864.95201,SHORT,signal_reverse,0.07818263812867252,1.0,20.0
2023-07-08 03:00:00,2023-07-08 16:00:00,-35.997516204182084,5.3620682711294,1864.95201,1861.9685500000003,LONG,signal_reverse,-0.35997516204182084,1.0,19.999999999999996
2023-07-08 16:00:00,2023-07-08 19:00:00,58.65519533076972,5.370659993156168,1861.96855,1847.3232,SHORT,signal_reverse,0.5865519533076972,1.0,20.0
2023-07-08 19:00:00,2023-07-08 22:00:00,47.53791107046151,5.41323792176702,1847.3232,1859.799635,LONG,signal_reverse,0.4753791107046151,1.0,20.0
2023-07-08 22:00:00,2023-07-09 16:00:00,-49.048828155080756,5.376923304966666,1859.799635,1865.2021349999998,SHORT,signal_reverse,-0.49048828155080754,1.0,20.0
2023-07-09 16:00:00,2023-07-10 09:00:00,-42.4271135096033,5.361349213767654,1865.202135,1861.019025,LONG,signal_reverse,-0.424271135096033,1.0,20.0
2023-07-10 09:00:00,2023-07-10 18:00:00,-170.05206623290647,5.373400199388074,1861.019025,1888.944,SHORT,stop_loss,-1.7005206623290647,1.0,20.0
2023-07-10 18:00:00,2023-07-11 09:00:00,59.06707591083784,5.299259799391221,1887.056,1872.1355999999998,SHORT,signal_reverse,0.5906707591083784,1.0,20.0
2023-07-11 09:00:00,2023-07-11 19:00:00,-10.775240853279596,5.341493426010381,1872.1356,1873.8626000000002,LONG,signal_reverse,-0.10775240853279595,1.0,20.0
2023-07-11 19:00:00,2023-07-12 15:00:00,-80.56759444369114,5.336570568194274,1873.8626,1885.212135,SHORT,signal_reverse,-0.8056759444369113,1.0,19.999999999999996
2023-07-12 15:00:00,2023-07-13 09:00:00,-39.43218978908154,5.304442833962556,1885.212135,1881.548755,LONG,signal_reverse,-0.3943218978908154,1.0,20.0
2023-07-13 09:00:00,2023-07-13 15:00:00,-298.05654709170665,5.314770597055296,1881.548755,1933.86645,SHORT,stop_loss,-2.9805654709170666,1.0,20.0
2023-07-13 15:00:00,2023-07-13 16:00:00,-189.8730010667277,5.176161467872432,1931.9335500000002,1964.751885,SHORT,stop_loss,-1.898730010667277,1.0,20.0
2023-07-14 07:00:00,2023-07-14 17:00:00,-186.24710102307947,5.017017447245096,1993.21611,1960.0794700000001,LONG,stop_loss,-1.8624710102307946,1.0,20.000000000000004
2023-07-15 00:00:00,2023-07-15 07:00:00,15.6247614312342,5.169035699048227,1934.596815,1941.4887700000002,LONG,signal_reverse,0.156247614312342,1.0,20.0
2023-07-15 07:00:00,2023-07-15 14:00:00,18.950985021664973,5.150686501266757,1941.48877,1933.9264799999999,SHORT,signal_reverse,0.18950985021664973,1.0,20.0
2023-07-15 14:00:00,2023-07-16 09:00:00,-41.055040313631466,5.170827383262263,1933.92648,1929.8545900000001,LONG,signal_reverse,-0.4105504031363147,1.0,20.0
2023-07-16 09:00:00,2023-07-16 18:00:00,-34.41168165939448,5.181737552568663,1929.85459,1932.635835,SHORT,signal_reverse,-0.34411681659394483,1.0,20.0
2023-07-16 18:00:00,2023-07-17 03:00:00,-22.909782535415033,5.17428054416677,1932.635835,1932.07348,LONG,signal_reverse,-0.22909782535415033,1.0,20.0
2023-07-17 03:00:00,2023-07-17 08:00:00,8.107833662724047,5.175786585508125,1932.07348,1926.64284,SHORT,signal_reverse,0.08107833662724048,1.0,20.0
2023-07-17 08:00:00,2023-07-17 10:00:00,-108.17485341496938,5.190375606928786,1926.64284,1909.654695,LONG,stop_loss,-1.0817485341496937,1.0,20.0
2023-07-17 14:00:00,2023-07-17 18:00:00,-188.20125848533502,5.22049467961507,1915.527285,1883.3078750000002,LONG,stop_loss,-1.88201258485335,1.0,20.0
2023-07-17 21:00:00,2023-07-18 06:00:00,65.38506504257577,5.2185219674686785,1916.251395,1899.8894699999998,SHORT,signal_reverse,0.6538506504257577,1.0,20.0
2023-07-18 06:00:00,2023-07-18 22:00:00,-16.474663339230613,5.263464089834657,1899.88947,1900.5592450000001,LONG,signal_reverse,-0.16474663339230614,1.0,20.0
2023-07-18 22:00:00,2023-07-19 08:00:00,-50.85139290146126,5.26160919545552,1900.559245,1906.4227349999999,SHORT,signal_reverse,-0.5085139290146126,1.0,20.0
2023-07-19 08:00:00,2023-07-19 18:00:00,9.535736731549253,5.245426324607904,1906.422735,1912.053495,LONG,signal_reverse,0.09535736731549253,1.0,20.0
2023-07-19 18:00:00,2023-07-19 20:00:00,44.45481275616673,5.229979195744207,1912.0534949999999,1899.72939,SHORT,signal_reverse,0.4445481275616673,1.0,19.999999999999996
2023-07-19 20:00:00,2023-07-20 05:00:00,13.41052169540885,5.2639076137049186,1899.72939,1906.076485,LONG,signal_reverse,0.1341052169540885,1.0,20.0
2023-07-20 05:00:00,2023-07-20 14:00:00,56.0786364771716,5.2463791871394925,1906.076485,1891.575315,SHORT,signal_reverse,0.560786364771716,1.0,20.000000000000004
2023-07-20 14:00:00,2023-07-21 02:00:00,9.053429469183568,5.286598910813128,1891.575315,1897.0709900000002,LONG,signal_reverse,0.09053429469183569,1.0,20.0
2023-07-21 02:00:00,2023-07-21 07:00:00,15.561663404067025,5.271284022955831,1897.07099,1890.32469,SHORT,signal_reverse,0.15561663404067025,1.0,20.0
2023-07-21 07:00:00,2023-07-21 12:00:00,-3.927866910525513,5.290096486016907,1890.3246900000001,1893.362845,LONG,signal_reverse,-0.039278669105255126,1.0,20.0
2023-07-21 12:00:00,2023-07-21 23:00:00,-15.684688742267955,5.281607815642965,1893.3628449999999,1892.5457999999999,SHORT,signal_reverse,-0.15684688742267955,1.0,19.999999999999996
2023-07-21 23:00:00,2023-07-22 00:00:00,-4.6978339969353105,5.283887977770472,1892.5457999999999,1895.4418050000002,LONG,signal_reverse,-0.046978339969353106,1.0,19.999999999999996
2023-07-22 00:00:00,2023-07-22 06:00:00,-6.199180617944575,5.275814838324724,1895.4418050000002,1892.82594,SHORT,signal_reverse,-0.061991806179445746,1.0,19.999999999999996
2023-07-22 06:00:00,2023-07-22 23:00:00,-166.07257020156982,5.283105957434205,1892.8259400000002,1865.176945,LONG,stop_loss,-1.660725702015698,1.0,20.0
2023-07-23 03:00:00,2023-07-23 08:00:00,15.264250874398632,5.346150451039878,1870.5047849999999,1877.1009800000002,LONG,signal_reverse,0.15264250874398633,1.0,20.0
2023-07-23 08:00:00,2023-07-23 13:00:00,-5.167073963171507,5.327363901328313,1877.10098,1874.31669,SHORT,signal_reverse,-0.05167073963171507,1.0,20.0
2023-07-23 13:00:00,2023-07-23 16:00:00,24.290967712611877,5.335277679248537,1874.31669,1882.61822,LONG,signal_reverse,0.24290967712611877,1.0,20.0
2023-07-23 16:00:00,2023-07-24 01:00:00,-9.278814055034728,5.311751418192479,1882.6182199999998,1880.5998299999999,SHORT,signal_reverse,-0.09278814055034727,1.0,20.0
2023-07-24 01:00:00,2023-07-24 09:00:00,-231.31938526230755,5.317452357740561,1880.59983,1840.85911,LONG,stop_loss,-2.3131938526230753,1.0,19.999999999999996
2023-07-25 02:00:00,2023-07-25 04:00:00,-2.34365265274593,5.399907438566623,1851.883595,1848.6138449999999,SHORT,signal_reverse,-0.023436526527459298,1.0,20.0
2023-07-25 04:00:00,2023-07-25 08:00:00,6.6627885176314985,5.409458566507706,1848.613845,1853.5427650000001,LONG,signal_reverse,0.06662788517631499,1.0,20.0
2023-07-25 08:00:00,2023-07-26 00:00:00,-38.371548066223994,5.395073795343481,1853.542765,1856.9480099999998,SHORT,signal_reverse,-0.38371548066224,1.0,20.0
2023-07-26 00:00:00,2023-07-26 13:00:00,-22.674819097385065,5.385180385314072,1856.94801,1856.4513100000001,LONG,signal_reverse,-0.22674819097385063,1.0,20.0
2023-07-26 13:00:00,2023-07-26 20:00:00,-156.1149622609806,5.386621209042104,1856.4513100000001,1881.72039,SHORT,stop_loss,-1.5611496226098058,1.0,20.0
2023-07-26 22:00:00,2023-07-27 14:00:00,-14.234227377410772,5.343353788813741,1871.48379,1870.4047349999998,SHORT,signal_reverse,-0.1423422737741077,1.0,20.0
2023-07-27 14:00:00,2023-07-28 09:00:00,-37.74345914495365,5.346436422489061,1870.404735,1867.08599,LONG,signal_reverse,-0.3774345914495365,1.0,20.000000000000004
2023-07-28 09:00:00,2023-07-29 07:00:00,-50.85002528458781,5.35593971223575,1867.08599,1872.845955,SHORT,signal_reverse,-0.5085002528458781,1.0,20.0
2023-07-29 07:00:00,2023-07-29 16:00:00,-21.349390211860506,5.3394674416775505,1872.845955,1872.593235,LONG,signal_reverse,-0.21349390211860506,1.0,19.999999999999996
2023-07-29 16:00:00,2023-07-30 05:00:00,-48.06386299905653,5.340188041424811,1872.593235,1877.848455,SHORT,signal_reverse,-0.48063862999056534,1.0,20.0
2023-07-30 05:00:00,2023-07-30 14:00:00,-10.354679605922344,5.325243351439666,1877.848455,1879.6597,LONG,signal_reverse,-0.10354679605922344,1.0,20.0
2023-07-30 14:00:00,2023-07-30 19:00:00,64.95324978239384,5.320111933027026,1879.6597,1863.69138,SHORT,signal_reverse,0.6495324978239385,1.0,20.0
2023-07-30 19:00:00,2023-07-31 00:00:00,21.81169738521968,5.3656952579777455,1863.69138,1871.4837900000002,LONG,signal_reverse,0.2181169738521968,1.0,20.0
2023-07-31 00:00:00,2023-07-31 04:00:00,13.885866572213791,5.343353788813741,1871.48379,1865.142105,SHORT,signal_reverse,0.13885866572213793,1.0,20.0
2023-07-31 04:00:00,2023-07-31 12:00:00,14.108259005820388,5.361521769945781,1865.1421050000001,1871.5037800000002,LONG,signal_reverse,0.14108259005820387,1.0,20.0
2023-07-31 12:00:00,2023-07-31 13:00:00,20.995535686281656,5.343296715115371,1871.50378,1863.83145,SHORT,signal_reverse,0.20995535686281655,1.0,20.0
2023-07-31 13:00:00,2023-08-01 00:00:00,-36.69826421267843,5.365292017151014,1863.8314500000001,1860.7191750000002,LONG,signal_reverse,-0.3669826421267843,1.0,20.0
2023-08-01 00:00:00,2023-08-01 01:00:00,18.28003760965285,5.374266108694235,1860.7191750000002,1853.596335,SHORT,signal_reverse,0.1828003760965285,1.0,19.999999999999996
2023-08-01 01:00:00,2023-08-01 02:00:00,-161.67302504943825,5.3949178746083355,1853.5963350000002,1827.335875,LONG,stop_loss,-1.6167302504943823,1.0,20.000000000000004
2023-08-01 09:00:00,2023-08-01 17:00:00,-12.98962539157273,5.453167964487924,1833.79644,1835.082,LONG,signal_reverse,-0.1298962539157273,1.0,20.000000000000004
2023-08-01 17:00:00,2023-08-01 23:00:00,-231.56812066163727,5.449347767565699,1835.082,1873.906485,SHORT,stop_loss,-2.3156812066163726,1.0,20.0
2023-08-02 06:00:00,2023-08-02 16:00:00,-184.35061443951875,5.384687181134811,1857.118095,1826.5962450000002,LONG,stop_loss,-1.8435061443951875,1.0,20.0
2023-08-03 00:00:00,2023-08-03 01:00:00,3.9773958680642405,5.438302890135223,1838.808945,1843.2179300000003,LONG,signal_reverse,0.03977395868064241,1.0,20.0
2023-08-03 01:00:00,2023-08-03 04:00:00,17.001538933598255,5.4252944468698825,1843.21793,1836.3977399999999,SHORT,signal_reverse,0.17001538933598254,1.0,20.0
2023-08-03 04:00:00,2023-08-03 14:00:00,28.568672274667307,5.445443425562046,1836.39774,1845.31688,LONG,signal_reverse,0.28568672274667306,1.0,20.0
2023-08-03 14:00:00,2023-08-03 21:00:00,12.71904172902983,5.419123462415842,1845.31688,1839.2791799999998,SHORT,signal_reverse,0.12719041729029829,1.0,20.0
2023-08-03 21:00:00,2023-08-04 12:00:00,-32.54907370831975,5.436912519175039,1839.27918,1836.9710550000002,LONG,signal_reverse,-0.3254907370831975,1.0,20.0
2023-08-04 12:00:00,2023-08-04 18:00:00,7.793470050078565,5.443743913537059,1836.9710550000002,1831.8654749999998,SHORT,signal_reverse,0.07793470050078566,1.0,20.000000000000004
2023-08-04 18:00:00,2023-08-05 14:00:00,-15.590669669671064,5.458916135749543,1831.865475,1832.673205,LONG,signal_reverse,-0.15590669669671064,1.0,20.0
2023-08-05 14:00:00,2023-08-06 09:00:00,-4.128212318136779,5.456510180166028,1832.6732049999998,1829.7644249999998,SHORT,signal_reverse,-0.04128212318136779,1.0,20.0
2023-08-06 09:00:00,2023-08-06 16:00:00,-3.3382376531872087,5.465184404817577,1829.7644249999998,1832.813135,LONG,signal_reverse,-0.033382376531872086,1.0,20.0
2023-08-06 16:00:00,2023-08-06 21:00:00,3.948868087964139,5.456093591341487,1832.813135,1828.4237549999998,SHORT,signal_reverse,0.03948868087964139,1.0,20.0
2023-08-06 21:00:00,2023-08-07 01:00:00,28.769411224368863,5.469191686365942,1828.423755,1837.34087,LONG,signal_reverse,0.2876941122436886,1.0,19.999999999999996
2023-08-07 01:00:00,2023-08-07 06:00:00,20.582480484419758,5.442648211488377,1837.34087,1829.8844849999998,SHORT,signal_reverse,0.20582480484419757,1.0,19.999999999999996
2023-08-07 06:00:00,2023-08-07 16:00:00,-120.61113229231984,5.464825830249061,1829.884485,1811.4738100000002,LONG,stop_loss,-1.2061113229231983,1.0,20.0
2023-08-07 23:00:00,2023-08-08 16:00:00,-172.55817672999729,5.47586215457779,1826.1964449999998,1854.056565,SHORT,stop_loss,-1.725581767299973,1.0,20.0
2023-08-09 01:00:00,2023-08-09 14:00:00,-2.853236325981125,5.384562912049807,1857.1609549999998,1853.9765249999998,SHORT,signal_reverse,-0.02853236325981125,1.0,20.0
2023-08-09 14:00:00,2023-08-10 00:00:00,-18.7814840320046,5.3938115532503845,1853.976525,1854.2024350000002,LONG,signal_reverse,-0.18781484032004597,1.0,20.0
2023-08-10 00:00:00,2023-08-10 03:00:00,-9.824519888519372,5.393154388776326,1854.2024350000002,1852.315695,SHORT,signal_reverse,-0.09824519888519373,1.0,20.0
2023-08-10 03:00:00,2023-08-10 10:00:00,-23.897580752291688,5.398647772079694,1852.315695,1851.59374,LONG,signal_reverse,-0.2389758075229169,1.0,20.0
2023-08-10 10:00:00,2023-08-10 11:00:00,-10.66064027630574,5.400752759079861,1851.59374,1849.86447,SHORT,signal_reverse,-0.10660640276305741,1.0,19.999999999999996
2023-08-10 11:00:00,2023-08-10 12:00:00,4.04451824516686,5.405801431496222,1849.86447,1854.31238,LONG,signal_reverse,0.0404451824516686,1.0,20.0
2023-08-10 12:00:00,2023-08-10 17:00:00,20.17343614995533,5.392834620453755,1854.31238,1846.86297,SHORT,signal_reverse,0.2017343614995533,1.0,19.999999999999996
2023-08-10 17:00:00,2023-08-11 00:00:00,4.803383220141953,5.414586876469778,1846.8629700000001,1851.443815,LONG,signal_reverse,0.048033832201419525,1.0,19.999999999999996
2023-08-11 00:00:00,2023-08-11 02:00:00,22.358698311349634,5.401190097686006,1851.4438149999999,1843.60134,SHORT,signal_reverse,0.22358698311349634,1.0,20.0
2023-08-11 02:00:00,2023-08-11 11:00:00,5.840808946255005,5.424166159480009,1843.6013400000002,1848.3653550000001,LONG,signal_reverse,0.05840808946255005,1.0,20.0
2023-08-11 11:00:00,2023-08-11 15:00:00,0.4154443264814507,5.410185801713428,1848.365355,1844.591835,SHORT,signal_reverse,0.004154443264814507,1.0,20.0
2023-08-11 15:00:00,2023-08-11 23:00:00,-11.571956622046631,5.4212535316790005,1844.5918350000002,1846.146465,LONG,signal_reverse,-0.11571956622046631,1.0,19.999999999999996
2023-08-11 23:00:00,2023-08-12 17:00:00,-33.36502843505335,5.416688323263669,1846.146465,1848.6138449999999,SHORT,signal_reverse,-0.33365028435053345,1.0,20.0
2023-08-12 17:00:00,2023-08-13 00:00:00,-16.424050367317072,5.409458566507706,1848.613845,1849.2749000000001,LONG,signal_reverse,-0.1642405036731707,1.0,20.0
2023-08-13 00:00:00,2023-08-13 04:00:00,-17.074556086819253,5.407524862853003,1849.2749000000001,1848.7339049999998,SHORT,signal_reverse,-0.17074556086819254,1.0,20.000000000000004
2023-08-13 04:00:00,2023-08-13 08:00:00,-20.804117886289664,5.409107266845956,1848.733905,1848.585245,LONG,signal_reverse,-0.20804117886289664,1.0,20.000000000000004
2023-08-13 08:00:00,2023-08-13 15:00:00,-15.175445641944531,5.40954225781457,1848.585245,1847.6933849999998,SHORT,signal_reverse,-0.15175445641944532,1.0,20.0
2023-08-13 15:00:00,2023-08-13 18:00:00,2.245303432745567,5.412153380632469,1847.693385,1851.8036350000002,LONG,signal_reverse,0.022453034327455674,1.0,20.0
2023-08-13 18:00:00,2023-08-13 21:00:00,1.007302969248,5.400140604000921,1851.803635,1847.913495,SHORT,signal_reverse,0.010073029692480001,1.0,20.0
2023-08-13 21:00:00,2023-08-14 05:00:00,-22.206326221996406,5.411508724330194,1847.913495,1847.505785,LONG,signal_reverse,-0.22206326221996406,1.0,20.0
2023-08-14 05:00:00,2023-08-14 12:00:00,-6.989512999006941,5.412702943173734,1847.505785,1845.1020899999999,SHORT,signal_reverse,-0.0698951299900694,1.0,20.0
2023-08-14 12:00:00,2023-08-14 14:00:00,0.6112985325381634,5.419754307470326,1845.10209,1848.905085,LONG,signal_reverse,0.0061129853253816336,1.0,20.000000000000004
2023-08-14 14:00:00,2023-08-14 17:00:00,-5.545877818816876,5.408606467216245,1848.9050849999999,1846.2326549999998,SHORT,signal_reverse,-0.05545877818816876,1.0,20.0
2023-08-14 17:00:00,2023-08-15 19:00:00,-132.20617262887578,5.416435449193157,1846.232655,1825.5167850000003,LONG,stop_loss,-1.322061726288758,1.0,20.0
2023-08-15 19:00:00,2023-08-16 20:00:00,-131.56713655458614,5.47242571505649,1827.343215,1806.95607,LONG,stop_loss,-1.3156713655458614,1.0,20.0
2023-08-17 07:00:00,2023-08-17 15:00:00,-363.90634145465015,5.558708454991227,1798.97904,1737.11101,LONG,stop_loss,-3.6390634145465013,1.0,20.0
2023-08-17 23:00:00,2023-08-18 14:00:00,-134.13990848784937,5.947317607953532,1681.430295,1662.2384650000001,LONG,stop_loss,-1.3413990848784938,1.0,20.0
2023-08-18 19:00:00,2023-08-19 00:00:00,45.07063219217994,6.03723362412152,1656.38778,1667.1660000000002,LONG,signal_reverse,0.4507063219217994,1.0,20.0
2023-08-19 00:00:00,2023-08-19 03:00:00,25.026020204347294,5.998202938399655,1667.166,1659.6594149999999,SHORT,signal_reverse,0.25026020204347293,1.0,19.999999999999996
2023-08-19 03:00:00,2023-08-19 14:00:00,-6.327285107467161,6.025332613197631,1659.6594149999999,1661.9286200000001,LONG,signal_reverse,-0.06327285107467161,1.0,20.0
2023-08-19 14:00:00,2023-08-19 16:00:00,-202.96288200392115,6.017105596268028,1661.92862,1692.3357449999999,SHORT,stop_loss,-2.0296288200392114,1.0,20.0
2023-08-19 21:00:00,2023-08-20 09:00:00,-23.11153590370665,5.988617434841597,1669.8345,1669.3149250000001,LONG,signal_reverse,-0.23111535903706648,1.0,20.0
2023-08-20 09:00:00,2023-08-20 14:00:00,-15.560723810097203,5.990481394635586,1669.3149250000001,1668.57387,SHORT,signal_reverse,-0.15560723810097202,1.0,20.0
2023-08-20 14:00:00,2023-08-20 17:00:00,12.415226543132489,5.993141915856563,1668.57387,1673.98259,LONG,signal_reverse,0.12415226543132489,1.0,19.999999999999996
2023-08-20 17:00:00,2023-08-21 03:00:00,-40.94248184504826,5.973777779851343,1673.9825899999998,1677.488325,SHORT,signal_reverse,-0.4094248184504826,1.0,20.0
2023-08-21 03:00:00,2023-08-21 13:00:00,-30.531250642236376,5.961293352071467,1677.488325,1675.72172,LONG,signal_reverse,-0.30531250642236374,1.0,20.0
2023-08-21 13:00:00,2023-08-21 15:00:00,86.83889088696672,5.967577957991736,1675.72172,1657.818495,SHORT,signal_reverse,0.8683889088696671,1.0,20.0
2023-08-21 15:00:00,2023-08-21 20:00:00,58.87256680653706,6.0320234272691,1657.818495,1670.894135,LONG,signal_reverse,0.5887256680653705,1.0,20.0
2023-08-21 20:00:00,2023-08-22 01:00:00,23.106890192059655,5.984819618748617,1670.894135,1663.6914299999999,SHORT,signal_reverse,0.23106890192059656,1.0,20.0
2023-08-22 01:00:00,2023-08-22 16:00:00,-129.723231549013,6.010730006585416,1663.6914299999999,1645.43687,LONG,stop_loss,-1.2972323154901302,1.0,20.0
2023-08-23 05:00:00,2023-08-23 12:00:00,-25.85089043908728,6.105935359032953,1637.750715,1638.708945,SHORT,signal_reverse,-0.25850890439087276,1.0,20.0
2023-08-23 12:00:00,2023-08-23 13:00:00,35.8165928605466,6.102364932169207,1638.708945,1647.8556600000002,LONG,signal_reverse,0.358165928605466,1.0,19.999999999999996
2023-08-23 13:00:00,2023-08-23 16:00:00,-229.81895343915974,6.068492673684781,1647.8556600000002,1682.4307949999998,SHORT,stop_loss,-2.2981895343915975,1.0,20.0
2023-08-23 23:00:00,2023-08-24 09:00:00,45.01848988572575,5.955996774208322,1678.98009,1668.063615,SHORT,signal_reverse,0.4501848988572575,1.0,19.999999999999996
2023-08-24 09:00:00,2023-08-24 15:00:00,-173.44294887698302,5.994975197633574,1668.063615,1642.468355,LONG,stop_loss,-1.7344294887698304,1.0,19.999999999999996
2023-08-24 23:00:00,2023-08-25 04:00:00,44.73521091627331,6.024424353752318,1659.90963,1649.1641699999998,SHORT,signal_reverse,0.4473521091627331,1.0,20.0
2023-08-25 04:00:00,2023-08-25 18:00:00,0.6718655547811961,6.06367769923112,1649.16417,1652.5733000000002,LONG,signal_reverse,0.006718655547811961,1.0,20.0
2023-08-25 18:00:00,2023-08-26 08:00:00,-6.514728272566995,6.051168804433667,1652.5733,1650.34476,SHORT,signal_reverse,-0.06514728272566996,1.0,20.0
2023-08-26 08:00:00,2023-08-26 14:00:00,-19.457022543579193,6.0593399890578015,1650.34476,1650.4343700000002,LONG,signal_reverse,-0.19457022543579194,1.0,20.0
2023-08-26 14:00:00,2023-08-26 16:00:00,-8.424138307299636,6.059010998419767,1650.43437,1648.52385,SHORT,signal_reverse,-0.08424138307299636,1.0,19.999999999999996
2023-08-26 16:00:00,2023-08-27 01:00:00,-20.71861259392768,6.066032954269967,1648.52385,1648.405385,LONG,signal_reverse,-0.2071861259392768,1.0,20.0
2023-08-27 01:00:00,2023-08-27 02:00:00,-8.822440057728588,6.066468898365071,1648.405385,1646.56287,SHORT,signal_reverse,-0.08822440057728588,1.0,20.0
2023-08-27 02:00:00,2023-08-27 04:00:00,3.9375311554311163,6.073257318136902,1646.56287,1650.504335,LONG,signal_reverse,0.03937531155431116,1.0,20.0
2023-08-27 04:00:00,2023-08-28 00:00:00,-28.0046139351707,6.058754156498475,1650.5043349999999,1651.8255,SHORT,signal_reverse,-0.28004613935170697,1.0,20.0
2023-08-28 00:00:00,2023-08-28 09:00:00,-132.8599843022155,6.053908236675121,1651.8255,1633.183,LONG,stop_loss,-1.328599843022155,1.0,20.0
2023-08-28 12:00:00,2023-08-29 06:00:00,25.474714075220838,6.047109114632504,1653.682745,1646.16267,SHORT,signal_reverse,0.2547471407522084,1.0,20.0
2023-08-29 06:00:00,2023-08-29 14:00:00,430.42173748236104,6.074733792863861,1646.16267,1720.3094150000002,LONG,signal_reverse,4.30421737482361,1.0,20.0
2023-08-29 14:00:00,2023-08-30 09:00:00,3.2032968325072386,5.812907790195404,1720.3094150000002,1716.31773,SHORT,signal_reverse,0.03203296832507239,1.0,20.0
2023-08-30 09:00:00,2023-08-31 06:00:00,-95.45129770348389,5.826427021761291,1716.31773,1703.3678900000002,LONG,signal_reverse,-0.9545129770348388,1.0,20.0
2023-08-31 06:00:00,2023-08-31 15:00:00,58.74596602851418,5.8707223839942175,1703.36789,1689.9545549999998,SHORT,signal_reverse,0.5874596602851418,1.0,20.0
2023-08-31 15:00:00,2023-08-31 16:00:00,-256.51499906753224,5.917318883169614,1689.9545549999998,1649.9845950000001,LONG,stop_loss,-2.565149990675322,1.0,20.0
2023-09-01 04:00:00,2023-09-01 14:00:00,-153.31868094193396,6.057210168323511,1650.9250499999998,1628.9151350000002,LONG,stop_loss,-1.5331868094193397,1.0,20.0
2023-09-01 14:00:00,2023-09-01 17:00:00,-180.72808275655638,6.132919255797355,1630.544865,1604.3374300000003,LONG,stop_loss,-1.8072808275655636,1.0,20.0
2023-09-02 03:00:00,2023-09-02 17:00:00,-35.895298010343815,6.132658159559788,1630.614285,1633.206195,SHORT,signal_reverse,-0.3589529801034382,1.0,20.0
2023-09-02 17:00:00,2023-09-02 21:00:00,-8.08588893455727,6.122925586869941,1633.2061950000002,1635.1520150000001,LONG,signal_reverse,-0.08085888934557268,1.0,19.999999999999996
2023-09-02 21:00:00,2023-09-03 01:00:00,-13.056211351699961,6.115639346229225,1635.1520150000001,1634.0166,SHORT,signal_reverse,-0.13056211351699962,1.0,20.0
2023-09-03 01:00:00,2023-09-03 03:00:00,-12.62320835663556,6.1198888677140735,1634.0166000000002,1635.22198,LONG,signal_reverse,-0.1262320835663556,1.0,20.000000000000004
2023-09-03 03:00:00,2023-09-03 08:00:00,-5.225339253328216,6.115377681016739,1635.22198,1632.805995,SHORT,signal_reverse,-0.05225339253328216,1.0,20.0
2023-09-03 08:00:00,2023-09-03 14:00:00,-7.713237174877669,6.124426313121174,1632.805995,1634.8121850000002,LONG,signal_reverse,-0.07713237174877668,1.0,20.0
2023-09-03 14:00:00,2023-09-03 16:00:00,17.914355281124653,6.1169106101322575,1634.812185,1628.6138999999998,SHORT,signal_reverse,0.17914355281124653,1.0,19.999999999999996
2023-09-03 16:00:00,2023-09-03 18:00:00,23.459318381109387,6.140190747481646,1628.6139,1635.691745,LONG,signal_reverse,0.23459318381109387,1.0,19.999999999999996
2023-09-03 18:00:00,2023-09-04 01:00:00,-7.067459339656258,6.113621365742113,1635.691745,1633.57638,SHORT,signal_reverse,-0.07067459339656258,1.0,20.000000000000004
2023-09-04 01:00:00,2023-09-04 02:00:00,2.310557648979243,6.12153806974119,1633.57638,1637.22098,LONG,signal_reverse,0.02310557648979243,1.0,20.0
2023-09-04 02:00:00,2023-09-04 10:00:00,-6.233348903212616,6.107910979738361,1637.22098,1634.967075,SHORT,signal_reverse,-0.06233348903212616,1.0,20.0
2023-09-04 10:00:00,2023-09-05 03:00:00,-133.248182688939,6.116331119389668,1634.967075,1616.45137,LONG,stop_loss,-1.3324818268893903,1.0,20.0
2023-09-05 09:00:00,2023-09-05 20:00:00,-20.122669870622587,6.1350272879878744,1629.9846,1630.0045949999999,SHORT,signal_reverse,-0.20122669870622586,1.0,20.0
2023-09-05 20:00:00,2023-09-06 02:00:00,24.640088882694016,6.134952030610687,1630.004595,1637.28095,LONG,signal_reverse,0.24640088882694017,1.0,20.0
2023-09-06 02:00:00,2023-09-06 04:00:00,21.814082060871137,6.10768726039352,1637.2809499999998,1630.4348099999997,SHORT,signal_reverse,0.21814082060871137,1.0,20.0
2023-09-06 04:00:00,2023-09-06 17:00:00,66.43409054790757,6.133333230293335,1630.43481,1644.527325,LONG,signal_reverse,0.6643409054790758,1.0,20.0
2023-09-06 17:00:00,2023-09-07 08:00:00,48.23285833818559,6.080774607986523,1644.527325,1633.306245,SHORT,signal_reverse,0.4823285833818559,1.0,20.0
2023-09-07 08:00:00,2023-09-07 16:00:00,-27.791986370566175,6.122550520217964,1633.306245,1632.033575,LONG,signal_reverse,-0.27791986370566174,1.0,20.0
2023-09-07 16:00:00,2023-09-07 21:00:00,-106.75746759682825,6.127324923447117,1632.033575,1646.1926849999998,SHORT,stop_loss,-1.0675746759682825,1.0,19.999999999999996
2023-09-08 04:00:00,2023-09-08 09:00:00,65.58601440400487,6.062388660064366,1649.5148299999998,1635.3972899999999,SHORT,signal_reverse,0.6558601440400487,1.0,20.0
2023-09-08 09:00:00,2023-09-08 19:00:00,-40.44594925310136,6.11472212969119,1635.3972899999999,1632.053565,LONG,signal_reverse,-0.4044594925310136,1.0,20.0
2023-09-08 19:00:00,2023-09-09 05:00:00,-25.22335797232113,6.127249873689042,1632.053565,1632.9060449999997,SHORT,signal_reverse,-0.2522335797232113,1.0,20.0
2023-09-09 05:00:00,2023-09-09 21:00:00,-13.284702427566154,6.12405106259497,1632.906045,1634.00259,LONG,signal_reverse,-0.13284702427566153,1.0,20.0
2023-09-09 21:00:00,2023-09-10 00:00:00,-8.452037888141488,6.119941339872663,1634.0025899999998,1632.11565,SHORT,signal_reverse,-0.08452037888141488,1.0,20.0
2023-09-10 00:00:00,2023-09-10 16:00:00,-142.92070111575686,6.127016795654157,1632.11565,1612.05357,LONG,stop_loss,-1.4292070111575688,1.0,20.000000000000004
2023-09-10 21:00:00,2023-09-11 00:00:00,56.02816250185473,6.164169886605564,1622.278455,1609.94457,SHORT,signal_reverse,0.5602816250185473,1.0,20.0
2023-09-11 00:00:00,2023-09-11 05:00:00,13.338849672320935,6.211393973644695,1609.94457,1615.31194,LONG,signal_reverse,0.13338849672320935,1.0,20.0
2023-09-11 05:00:00,2023-09-11 08:00:00,32.18125237160004,6.190754709582596,1615.3119399999998,1606.88304,SHORT,signal_reverse,0.32181252371600033,1.0,20.0
2023-09-11 08:00:00,2023-09-11 09:00:00,-110.66991583905158,6.223228294201176,1606.88304,1592.313445,LONG,stop_loss,-1.106699158390516,1.0,20.0
2023-09-12 03:00:00,2023-09-12 10:00:00,-214.31383800328953,6.317446060990096,1582.918145,1613.6764349999999,SHORT,stop_loss,-2.1431383800328954,1.0,20.0
2023-09-12 15:00:00,2023-09-12 17:00:00,71.61687889254627,6.239010801343602,1602.81819,1588.13367,SHORT,signal_reverse,0.7161687889254628,1.0,20.0
2023-09-12 17:00:00,2023-09-13 09:00:00,51.25473890368486,6.296699194092397,1588.13367,1599.449875,LONG,signal_reverse,0.5125473890368486,1.0,20.0
2023-09-13 09:00:00,2023-09-14 00:00:00,-249.00220614916097,6.252149664896501,1599.449875,1636.07763,SHORT,stop_loss,-2.4900220614916098,1.0,20.0
2023-09-14 07:00:00,2023-09-15 00:00:00,-54.276397457987535,6.172841049383102,1619.999595,1625.5523699999999,SHORT,signal_reverse,-0.5427639745798754,1.0,20.0
2023-09-15 00:00:00,2023-09-15 02:00:00,18.886996916623414,6.151755049269806,1625.55237,1631.873655,LONG,signal_reverse,0.18886996916623416,1.0,20.0
2023-09-15 02:00:00,2023-09-15 07:00:00,-1.3732822348903513,6.127925387704111,1631.873655,1628.8340099999998,SHORT,signal_reverse,-0.013732822348903512,1.0,20.0
2023-09-15 07:00:00,2023-09-15 21:00:00,-8.82479743899694,6.139361002168662,1628.83401,1630.6542650000001,LONG,signal_reverse,-0.08824797438996941,1.0,20.0
2023-09-15 21:00:00,2023-09-16 08:00:00,-52.03171335647675,6.132507800480932,1630.6542650000001,1635.8775299999998,SHORT,signal_reverse,-0.5203171335647675,1.0,20.000000000000004
2023-09-16 08:00:00,2023-09-16 17:00:00,-14.537029920570948,6.112927047784561,1635.87753,1636.771205,LONG,signal_reverse,-0.14537029920570949,1.0,20.0
2023-09-16 17:00:00,2023-09-16 19:00:00,-6.104563710234694,6.109589397377015,1636.771205,1634.49684,SHORT,signal_reverse,-0.06104563710234694,1.0,20.0
2023-09-16 19:00:00,2023-09-17 09:00:00,-27.793591084581195,6.118090751402126,1634.49684,1633.22298,LONG,signal_reverse,-0.27793591084581193,1.0,20.0
2023-09-17 09:00:00,2023-09-17 11:00:00,-2.5608625712569046,6.12286266018618,1633.22298,1630.3747799999999,SHORT,signal_reverse,-0.025608625712569045,1.0,20.0
2023-09-17 11:00:00,2023-09-18 00:00:00,-133.10988262465568,6.133559058120367,1630.3747799999999,1611.93363,LONG,stop_loss,-1.3310988262465568,1.0,20.0
2023-09-18 00:00:00,2023-09-18 02:00:00,72.27503638460664,6.197528739133787,1613.54637,1628.435375,LONG,signal_reverse,0.7227503638460664,1.0,20.0
2023-09-18 02:00:00,2023-09-18 11:00:00,-188.4570687983228,6.14086389519756,1628.435375,1655.8675199999998,SHORT,stop_loss,-1.884570687983228,1.0,20.0
2023-09-18 17:00:00,2023-09-19 08:00:00,2.6229832549811944,6.099869701903272,1639.3792799999999,1643.0880450000002,LONG,signal_reverse,0.026229832549811944,1.0,20.0
2023-09-19 08:00:00,2023-09-19 13:00:00,3.4852904671952585,6.0861011255182,1643.0880450000002,1639.229205,SHORT,signal_reverse,0.03485290467195259,1.0,20.0
2023-09-19 13:00:00,2023-09-19 15:00:00,78.59929868684844,6.100428158245265,1639.229205,1655.39189,LONG,signal_reverse,0.7859929868684844,1.0,20.0
2023-09-19 15:00:00,2023-09-19 21:00:00,60.47197210806842,6.040865646623411,1655.39189,1642.0706249999998,SHORT,signal_reverse,0.6047197210806843,1.0,20.000000000000004
2023-09-19 21:00:00,2023-09-20 01:00:00,14.134494062945942,6.089872047982102,1642.070625,1647.67575,LONG,signal_reverse,0.1413449406294594,1.0,20.0
2023-09-20 01:00:00,2023-09-20 02:00:00,20.27272963142289,6.0691552934489685,1647.67575,1641.04011,SHORT,signal_reverse,0.20272729631422892,1.0,20.0
2023-09-20 02:00:00,2023-09-20 19:00:00,-178.97228739887407,6.093696271689543,1641.0401100000001,1614.9521200000001,LONG,stop_loss,-1.7897228739887405,1.0,19.999999999999996
2023-09-20 19:00:00,2023-09-21 10:00:00,-177.70333751775422,6.185945003435303,1616.56788,1591.074065,LONG,stop_loss,-1.7770333751775422,1.0,20.0
2023-09-21 22:00:00,2023-09-22 03:00:00,20.27915852694921,6.303171764541199,1586.502855,1592.8931550000002,LONG,signal_reverse,0.20279158526949212,1.0,20.0
2023-09-22 03:00:00,2023-09-22 16:00:00,-4.8180966035986685,6.27788497214052,1592.893155,1590.47484,SHORT,signal_reverse,-0.048180966035986685,1.0,20.0
2023-09-22 16:00:00,2023-09-23 00:00:00,9.093261230087139,6.287430488369122,1590.47484,1595.1020500000002,LONG,signal_reverse,0.0909326123008714,1.0,20.000000000000004
2023-09-23 00:00:00,2023-09-23 02:00:00,-5.668377769308339,6.269191366157418,1595.1020500000002,1592.81601,SHORT,signal_reverse,-0.056683777693083394,1.0,20.0
2023-09-23 02:00:00,2023-09-23 19:00:00,-13.8053736664792,6.27818902950379,1592.81601,1593.8027,LONG,signal_reverse,-0.138053736664792,1.0,19.999999999999996
2023-09-23 19:00:00,2023-09-23 22:00:00,-5.2718909310421225,6.274302333657736,1593.8027,1591.45533,SHORT,signal_reverse,-0.052718909310421225,1.0,20.0
2023-09-23 22:00:00,2023-09-24 08:00:00,-7.1970958807875585,6.283556824683229,1591.45533,1593.492855,LONG,signal_reverse,-0.07197095880787559,1.0,20.0
2023-09-24 08:00:00,2023-09-24 15:00:00,-7.7785457657415025,6.27552233360971,1593.492855,1591.545375,SHORT,signal_reverse,-0.07778545765741503,1.0,20.0
2023-09-24 15:00:00,2023-09-24 17:00:00,14.970225087049009,6.283201319346613,1591.545375,1597.111045,LONG,signal_reverse,0.14970225087049008,1.0,20.0
2023-09-24 17:00:00,2023-09-24 18:00:00,20.361063309785802,6.261305393451837,1597.111045,1590.6649349999998,SHORT,signal_reverse,0.203610633097858,1.0,20.0
2023-09-24 18:00:00,2023-09-25 00:00:00,-92.70468937570236,6.2866790987631855,1590.6649349999998,1579.100055,LONG,stop_loss,-0.9270468937570235,1.0,20.0
2023-09-25 09:00:00,2023-09-25 15:00:00,36.42933864726972,6.35349616931038,1573.9365750000002,1582.818195,LONG,signal_reverse,0.36429338647269716,1.0,20.0
2023-09-25 15:00:00,2023-09-26 12:00:00,-49.60011462339946,6.317844987876199,1582.8181949999998,1587.503355,SHORT,signal_reverse,-0.4960011462339946,1.0,20.0
2023-09-26 12:00:00,2023-09-26 23:00:00,10.362675989430178,6.299199285786706,1587.503355,1592.32344,LONG,signal_reverse,0.10362675989430178,1.0,20.0
2023-09-26 23:00:00,2023-09-27 10:00:00,-169.30512484322873,6.280131127128293,1592.32344,1616.0976449999998,SHORT,stop_loss,-1.6930512484322873,1.0,20.0
2023-09-27 14:00:00,2023-09-28 00:00:00,24.48795434089027,6.272751662326235,1594.1967000000002,1601.288955,LONG,signal_reverse,0.2448795434089027,1.0,20.0
2023-09-28 00:00:00,2023-09-28 10:00:00,-206.20118440771847,6.244969072430779,1601.288955,1631.1051449999998,SHORT,stop_loss,-2.0620118440771846,1.0,20.000000000000004
2023-09-28 13:00:00,2023-09-28 15:00:00,-171.71781411305324,6.147655842729808,1626.636275,1651.315245,SHORT,stop_loss,-1.7171781411305325,1.0,20.000000000000004
2023-09-28 23:00:00,2023-09-29 07:00:00,-231.92878305352946,6.053475378455941,1651.943615,1686.9530549999997,SHORT,stop_loss,-2.3192878305352944,1.0,20.0
2023-09-29 12:00:00,2023-09-29 17:00:00,34.961622925848474,5.979204267764672,1672.46335,1663.2712199999999,SHORT,signal_reverse,0.34961622925848473,1.0,20.0
2023-09-29 17:00:00,2023-09-30 00:00:00,20.122079428512727,6.012248561602599,1663.27122,1669.94461,LONG,signal_reverse,0.20122079428512726,1.0,20.0
2023-09-30 00:00:00,2023-09-30 21:00:00,-52.052679879004415,5.9882225674538985,1669.94461,1675.29723,SHORT,signal_reverse,-0.5205267987900442,1.0,20.0
2023-09-30 21:00:00,2023-10-01 05:00:00,-2.6105783031709504,5.969090034250221,1675.2972300000001,1678.210475,LONG,signal_reverse,-0.026105783031709507,1.0,20.000000000000004
2023-10-01 05:00:00,2023-10-01 14:00:00,-40.3783735767711,5.958728150591481,1678.2104749999999,1681.630395,SHORT,signal_reverse,-0.403783735767711,1.0,20.0
2023-10-01 14:00:00,2023-10-01 22:00:00,288.94053862531536,5.946609926731255,1681.630395,1733.582775,LONG,signal_reverse,2.8894053862531535,1.0,20.0
2023-10-01 22:00:00,2023-10-02 14:00:00,74.10897613469885,5.7684006464588915,1733.582775,1717.268205,SHORT,signal_reverse,0.7410897613469886,1.0,20.0
2023-10-02 14:00:00,2023-10-02 15:00:00,-171.07884676639608,5.82320220620401,1717.268205,1691.3239150000002,LONG,stop_loss,-1.7107884676639609,1.0,20.0
2023-10-03 07:00:00,2023-10-04 00:00:00,-176.3871929623855,6.0125378971766805,1663.1911799999998,1637.181,LONG,stop_loss,-1.7638719296238552,1.0,20.0
2023-10-04 00:00:00,2023-10-04 09:00:00,52.58415969060697,6.101955127442383,1638.819,1650.71423,LONG,signal_reverse,0.5258415969060697,1.0,19.999999999999996
2023-10-04 09:00:00,2023-10-04 13:00:00,70.66841933021999,6.057983761368556,1650.71423,1635.747465,SHORT,signal_reverse,0.7066841933021999,1.0,20.0
2023-10-04 13:00:00,2023-10-04 18:00:00,22.615166149744276,6.11341311172382,1635.7474650000001,1642.71823,LONG,signal_reverse,0.22615166149744276,1.0,20.000000000000004
2023-10-04 18:00:00,2023-10-05 03:00:00,-22.696384516289857,6.08747125184092,1642.71823,1643.1611699999999,SHORT,signal_reverse,-0.22696384516289855,1.0,20.0
2023-10-05 03:00:00,2023-10-05 13:00:00,-28.71761715255185,6.085830277987887,1643.1611699999999,1641.728725,LONG,signal_reverse,-0.2871761715255185,1.0,20.0
2023-10-05 13:00:00,2023-10-05 15:00:00,115.95074911051543,6.091140300904463,1641.728725,1619.4092999999998,SHORT,signal_reverse,1.1595074911051544,1.0,20.0
2023-10-05 15:00:00,2023-10-06 02:00:00,-1.6655060582870884,6.17509112736354,1619.4092999999998,1622.3784050000002,LONG,signal_reverse,-0.016655060582870886,1.0,20.0
2023-10-06 02:00:00,2023-10-06 12:00:00,15.753187925354768,6.163790130083739,1622.3784050000002,1616.577885,SHORT,signal_reverse,0.15753187925354767,1.0,20.0
2023-10-06 12:00:00,2023-10-06 15:00:00,137.31193798930457,6.185906718623706,1616.577885,1642.008585,LONG,signal_reverse,1.3731193798930457,1.0,20.0
2023-10-06 15:00:00,2023-10-07 02:00:00,-22.205774094657535,6.090102141579242,1642.008585,1642.3707749999999,SHORT,signal_reverse,-0.22205774094657535,1.0,20.0
2023-10-07 02:00:00,2023-10-07 13:00:00,-22.753001982757187,6.0887590988703515,1642.3707749999999,1641.9186300000001,LONG,signal_reverse,-0.22753001982757187,1.0,20.0
2023-10-07 13:00:00,2023-10-07 16:00:00,-3.742099326809688,6.090435797052866,1641.9186300000001,1639.249215,SHORT,signal_reverse,-0.03742099326809688,1.0,20.0
2023-10-07 16:00:00,2023-10-08 01:00:00,-17.861368504604332,6.100353691491626,1639.249215,1639.5997900000002,LONG,signal_reverse,-0.17861368504604333,1.0,20.0
2023-10-08 01:00:00,2023-10-08 04:00:00,6.851674578464619,6.099049329592802,1639.59979,1635.19719,SHORT,signal_reverse,0.06851674578464619,1.0,19.999999999999996
2023-10-08 04:00:00,2023-10-08 13:00:00,-55.911632162234014,6.1154703916779605,1635.19719,1629.3249300000002,LONG,signal_reverse,-0.5591163216223402,1.0,20.0
2023-10-08 13:00:00,2023-10-08 22:00:00,-35.7157418563521,6.137511196124643,1629.32493,1631.885535,SHORT,signal_reverse,-0.35715741856352107,1.0,20.0
2023-10-08 22:00:00,2023-10-09 09:00:00,-268.18912927002356,6.1278807768830434,1631.885535,1591.3839100000002,LONG,stop_loss,-2.6818912927002354,1.0,20.0
2023-10-09 20:00:00,2023-10-10 02:00:00,52.37693319162467,6.339472481654303,1577.4183150000001,1588.8351850000001,LONG,signal_reverse,0.5237693319162467,1.0,20.0
2023-10-10 02:00:00,2023-10-10 11:00:00,33.91021725138961,6.293919025968699,1588.8351850000001,1580.26974,SHORT,signal_reverse,0.33910217251389607,1.0,19.999999999999996
2023-10-10 11:00:00,2023-10-10 20:00:00,-153.77270009612312,6.328033592543512,1580.26974,1559.130045,LONG,stop_loss,-1.5377270009612314,1.0,20.0
2023-10-11 00:00:00,2023-10-11 02:00:00,64.70082252670274,6.357185747485799,1573.023095,1559.69946,SHORT,signal_reverse,0.6470082252670274,1.0,20.0
2023-10-11 02:00:00,2023-10-11 09:00:00,77.08745427147967,6.411491608774424,1559.69946,1574.8421850000002,LONG,signal_reverse,0.7708745427147967,1.0,20.0
2023-10-11 09:00:00,2023-10-11 15:00:00,75.20096770839527,6.349842603435213,1574.8421850000002,1559.8495349999998,SHORT,signal_reverse,0.7520096770839527,1.0,20.0
2023-10-11 15:00:00,2023-10-11 21:00:00,12.039308201611105,6.410874751454794,1559.8495349999998,1564.8471850000003,LONG,signal_reverse,0.12039308201611104,1.0,20.0
2023-10-11 21:00:00,2023-10-12 01:00:00,13.663255112033388,6.390400350817642,1564.847185,1559.5793999999999,SHORT,signal_reverse,0.13663255112033387,1.0,20.0
2023-10-12 01:00:00,2023-10-12 09:00:00,-143.87900866092366,6.411985180106894,1559.5793999999999,1540.259485,LONG,stop_loss,-1.4387900866092367,1.0,20.000000000000004
2023-10-12 12:00:00,2023-10-12 16:00:00,-168.3437494619754,6.453051559030154,1549.65444,1526.6662850000002,LONG,stop_loss,-1.683437494619754,1.0,20.0
2023-10-13 00:00:00,2023-10-13 14:00:00,-14.8308610525607,6.481435115215092,1542.8681800000002,1542.07065,SHORT,signal_reverse,-0.14830861052560698,1.0,20.0
2023-10-13 14:00:00,2023-10-13 20:00:00,87.3209583490898,6.4847871918190005,1542.07065,1558.6203000000003,LONG,signal_reverse,0.8732095834908981,1.0,20.0
2023-10-13 20:00:00,2023-10-14 06:00:00,55.49792595412947,6.415930807522526,1558.6203,1546.8530399999997,SHORT,signal_reverse,0.5549792595412947,1.0,20.000000000000004
2023-10-14 06:00:00,2023-10-14 13:00:00,3.9925183842930716,6.464738240421339,1546.85304,1550.56433,LONG,signal_reverse,0.039925183842930714,1.0,20.0
2023-10-14 13:00:00,2023-10-15 00:00:00,-37.94156453992416,6.449264829921633,1550.56433,1553.3462849999999,SHORT,signal_reverse,-0.37941564539924155,1.0,20.0
2023-10-15 00:00:00,2023-10-15 08:00:00,2.6922356852346603,6.437714562789842,1553.3462849999999,1556.8711750000002,LONG,signal_reverse,0.0269223568523466,1.0,20.0
2023-10-15 08:00:00,2023-10-15 12:00:00,-1.6005328764598448,6.423139024331927,1556.871175,1554.006615,SHORT,signal_reverse,-0.01600532876459845,1.0,20.0
2023-10-15 12:00:00,2023-10-15 16:00:00,-14.301504308588841,6.434979042865915,1554.006615,1554.8921650000002,LONG,signal_reverse,-0.14301504308588842,1.0,20.0
2023-10-15 16:00:00,2023-10-16 05:00:00,-220.91750221147817,6.431314161262109,1554.892165,1586.1326699999997,SHORT,stop_loss,-2.2091750221147817,1.0,20.0
2023-10-16 14:00:00,2023-10-17 05:00:00,-39.15226311635778,6.305302945152781,1585.96662,1589.004105,SHORT,signal_reverse,-0.3915226311635778,1.0,20.000000000000004
2023-10-17 05:00:00,2023-10-17 18:00:00,-240.46185966272174,6.293249947268072,1589.004105,1553.972625,LONG,stop_loss,-2.4046185966272176,1.0,20.0
2023-10-18 04:00:00,2023-10-18 14:00:00,-12.31824483652217,6.358963563084734,1572.5833149999999,1571.3752949999998,SHORT,signal_reverse,-0.12318244836522171,1.0,20.000000000000004
2023-10-18 14:00:00,2023-10-19 01:00:00,-164.20514355865419,6.3638521184718,1571.3752949999998,1548.715255,LONG,stop_loss,-1.6420514355865419,1.0,19.999999999999996
2023-10-19 01:00:00,2023-10-19 13:00:00,3.401938357310261,6.450511135115828,1550.264745,1553.892665,LONG,signal_reverse,0.03401938357310261,1.0,20.0
2023-10-19 13:00:00,2023-10-20 02:00:00,-235.59169275053915,6.435450932513412,1553.892665,1587.3932999999997,SHORT,stop_loss,-2.3559169275053913,1.0,20.000000000000004
2023-10-20 02:00:00,2023-10-20 08:00:00,-195.1139341257669,6.30593880073782,1585.8066999999999,1613.5763849999998,SHORT,stop_loss,-1.951139341257669,1.0,20.0
2023-10-20 17:00:00,2023-10-21 01:00:00,32.81253063155602,6.216449511165763,1608.63528,1600.1396699999998,SHORT,signal_reverse,0.32812530631556025,1.0,20.0
2023-10-21 01:00:00,2023-10-21 06:00:00,3.5477881752672613,6.249454461684586,1600.13967,1603.9076450000002,LONG,signal_reverse,0.035477881752672615,1.0,20.0
2023-10-21 06:00:00,2023-10-21 15:00:00,-181.2738431706898,6.234772950408875,1603.907645,1629.77448,SHORT,stop_loss,-1.8127384317068977,1.0,20.0
2023-10-22 00:00:00,2023-10-22 15:00:00,17.770480753970805,6.122000955319883,1633.452865,1627.2832349999999,SHORT,signal_reverse,0.17770480753970802,1.0,20.0
2023-10-22 15:00:00,2023-10-22 17:00:00,32.22486668093705,6.145211715402451,1627.283235,1635.7817,LONG,signal_reverse,0.3222486668093705,1.0,20.0
2023-10-22 17:00:00,2023-10-22 22:00:00,-222.18046209955637,6.113285165129308,1635.7817,1668.8540099999998,SHORT,stop_loss,-2.221804620995564,1.0,20.0
2023-10-22 22:00:00,2023-10-23 03:00:00,-188.01475760961645,5.998131018363464,1667.18599,1695.1971749999998,SHORT,stop_loss,-1.8801475760961646,1.0,20.0
2023-10-23 09:00:00,2023-10-23 16:00:00,87.0450139266258,5.980519188367235,1672.09563,1689.99458,LONG,signal_reverse,0.8704501392662579,1.0,20.0
2023-10-23 16:00:00,2023-10-23 20:00:00,-138.93552936720093,5.91717874030105,1689.9945799999998,1710.0946199999998,SHORT,stop_loss,-1.3893552936720093,1.0,20.0
2023-10-24 15:00:00,2023-10-25 01:00:00,99.90957627723394,5.623953420933044,1778.10861,1799.4298350000001,LONG,signal_reverse,0.9990957627723394,1.0,20.0
2023-10-25 01:00:00,2023-10-25 05:00:00,66.01783019786427,5.557315881672041,1799.429835,1783.9515299999998,SHORT,signal_reverse,0.6601783019786427,1.0,20.0
2023-10-25 05:00:00,2023-10-25 13:00:00,28.833669825099392,5.605533464241598,1783.95153,1792.6632200000001,LONG,signal_reverse,0.28833669825099395,1.0,20.0
2023-10-25 13:00:00,2023-10-25 16:00:00,24.243112211563044,5.578292614270293,1792.66322,1784.7319199999997,SHORT,signal_reverse,0.24243112211563045,1.0,20.0
2023-10-25 16:00:00,2023-10-26 02:00:00,35.69629191144912,5.603082394581703,1784.73192,1794.672215,LONG,signal_reverse,0.35696291911449124,1.0,20.0
2023-10-26 02:00:00,2023-10-26 07:00:00,-331.1017963801256,5.572048152536869,1794.6722149999998,1850.5047899999997,SHORT,stop_loss,-3.3110179638012562,1.0,20.0
2023-10-26 13:00:00,2023-10-26 14:00:00,-129.83368982540605,5.530931984633268,1808.013555,1788.155475,LONG,stop_loss,-1.2983368982540604,1.0,20.0
2023-10-26 22:00:00,2023-10-27 01:00:00,139.490973463772,5.532699880139036,1807.43583,1778.6088599999998,SHORT,signal_reverse,1.3949097346377202,1.0,20.0
2023-10-27 01:00:00,2023-10-27 17:00:00,-119.23362239407693,5.622371632625287,1778.60886,1760.95908,LONG,stop_loss,-1.1923362239407693,1.0,20.0
2023-10-28 01:00:00,2023-10-28 12:00:00,-14.515633058308287,5.609285735010022,1782.7581750000002,1781.780445,SHORT,signal_reverse,-0.14515633058308286,1.0,20.0
2023-10-28 12:00:00,2023-10-28 15:00:00,25.876190991645306,5.6123637612377095,1781.780445,1789.954575,LONG,signal_reverse,0.25876190991645304,1.0,20.0
2023-10-28 15:00:00,2023-10-28 19:00:00,45.84488324235887,5.58673395384908,1789.954575,1778.1686399999999,SHORT,signal_reverse,0.4584488324235887,1.0,20.0
2023-10-28 19:00:00,2023-10-29 07:00:00,4.405221767943914,5.6237635593438435,1778.1686399999999,1782.5083000000002,LONG,signal_reverse,0.044052217679439135,1.0,20.0
2023-10-29 07:00:00,2023-10-29 22:00:00,-156.63150965411876,5.61007205408244,1782.5083000000002,1806.8629799999999,SHORT,stop_loss,-1.5663150965411876,1.0,19.999999999999996
2023-10-29 22:00:00,2023-10-30 02:00:00,86.503837756881,5.5399911965107895,1805.05702,1785.83247,SHORT,signal_reverse,0.86503837756881,1.0,20.0
2023-10-30 02:00:00,2023-10-30 08:00:00,163.7672376961537,5.599629398607585,1785.83247,1818.65022,LONG,signal_reverse,1.6376723769615371,1.0,19.999999999999996
2023-10-30 08:00:00,2023-10-30 17:00:00,87.55847817729321,5.498583449433173,1818.65022,1799.089095,SHORT,signal_reverse,0.8755847817729321,1.0,20.0
2023-10-30 17:00:00,2023-10-30 21:00:00,42.78321641430491,5.558368414211303,1799.089095,1810.3843550000001,LONG,signal_reverse,0.4278321641430491,1.0,19.999999999999996
2023-10-30 21:00:00,2023-10-31 02:00:00,6.9116885955423095,5.523688918533545,1810.384355,1805.5123049999997,SHORT,signal_reverse,0.0691168859554231,1.0,20.0
2023-10-31 02:00:00,2023-10-31 11:00:00,2.057423751538481,5.5385942107993555,1805.512305,1809.4948000000002,LONG,signal_reverse,0.02057423751538481,1.0,20.0
2023-10-31 11:00:00,2023-10-31 13:00:00,60.39688757326204,5.526404386461901,1809.4948000000002,1794.947025,SHORT,signal_reverse,0.6039688757326204,1.0,20.000000000000004
2023-10-31 13:00:00,2023-10-31 18:00:00,53.029982597955375,5.571195060756738,1794.947025,1808.0555200000001,LONG,signal_reverse,0.5302998259795537,1.0,20.0
2023-10-31 18:00:00,2023-11-01 05:00:00,15.204256338324507,5.530803611605909,1808.0555200000001,1801.6903949999999,SHORT,signal_reverse,0.15204256338324507,1.0,20.0
2023-11-01 05:00:00,2023-11-01 12:00:00,49.77902549122649,5.55034318202046,1801.6903949999999,1814.2624150000001,LONG,signal_reverse,0.4977902549122649,1.0,19.999999999999996
2023-11-01 12:00:00,2023-11-01 14:00:00,128.92685741935685,5.5118818079026335,1814.2624150000001,1787.2431749999998,SHORT,signal_reverse,1.2892685741935686,1.0,19.999999999999996
2023-11-01 14:00:00,2023-11-01 17:00:00,89.5707639224874,5.595209504716671,1787.2431749999998,1806.826135,LONG,signal_reverse,0.895707639224874,1.0,20.0
2023-11-01 17:00:00,2023-11-01 19:00:00,-188.4281315755919,5.53456683312808,1806.826135,1837.2581699999998,SHORT,stop_loss,-1.8842813157559188,1.0,20.0
2023-11-02 05:00:00,2023-11-02 15:00:00,-208.92322583976977,5.442922839985528,1837.248165,1802.5382800000002,LONG,stop_loss,-2.0892322583976974,1.0,19.999999999999996
2023-11-02 20:00:00,2023-11-03 01:00:00,-112.20883611816761,5.53905461952641,1805.36223,1788.715195,LONG,stop_loss,-1.122088361181676,1.0,20.0
2023-11-03 04:00:00,2023-11-03 13:00:00,62.13480192518128,5.579654501823017,1792.225665,1806.946075,LONG,signal_reverse,0.6213480192518128,1.0,20.0
2023-11-03 13:00:00,2023-11-03 23:00:00,-170.53321389239605,5.534199464142836,1806.9460749999998,1834.1466149999999,SHORT,stop_loss,-1.7053321389239606,1.0,20.0
2023-11-04 07:00:00,2023-11-04 14:00:00,-25.366142491803025,5.454754986561093,1833.2629100000001,1834.246665,SHORT,signal_reverse,-0.2536614249180303,1.0,20.0
2023-11-04 14:00:00,2023-11-04 17:00:00,6.296027094044866,5.451829457190263,1834.246665,1839.070005,LONG,signal_reverse,0.06296027094044866,1.0,19.999999999999996
2023-11-04 17:00:00,2023-11-04 23:00:00,-125.48138432609535,5.43753091117377,1839.070005,1858.46877,SHORT,stop_loss,-1.2548138432609535,1.0,20.0
2023-11-05 13:00:00,2023-11-05 17:00:00,127.99466153800383,5.338355230866115,1873.23615,1900.9590450000003,LONG,signal_reverse,1.2799466153800383,1.0,20.000000000000004
2023-11-05 17:00:00,2023-11-05 21:00:00,141.4678658161209,5.260502600675439,1900.959045,1870.264665,SHORT,signal_reverse,1.414678658161209,1.0,20.0
2023-11-05 21:00:00,2023-11-06 00:00:00,116.8091665251027,5.346836833919439,1870.264665,1895.8516,LONG,signal_reverse,1.168091665251027,1.0,20.0
2023-11-06 00:00:00,2023-11-06 04:00:00,59.81484415763403,5.274674452367474,1895.8516,1880.7198899999999,SHORT,signal_reverse,0.5981484415763403,1.0,20.0
2023-11-06 04:00:00,2023-11-06 09:00:00,19.482567497066277,5.317112906164883,1880.71989,1888.145455,LONG,signal_reverse,0.19482567497066278,1.0,20.0
2023-11-06 09:00:00,2023-11-07 02:00:00,14.505339526396936,5.296202140316568,1888.1454549999999,1881.630345,SHORT,signal_reverse,0.14505339526396938,1.0,20.0
2023-11-07 02:00:00,2023-11-07 17:00:00,-66.80635079787692,5.314540141517541,1881.630345,1872.82312,LONG,stop_loss,-0.6680635079787691,1.0,20.0
2023-11-07 18:00:00,2023-11-08 05:00:00,45.6798210874487,5.282611738034597,1893.003025,1880.569815,SHORT,signal_reverse,0.45679821087448697,1.0,20.0
2023-11-08 05:00:00,2023-11-08 10:00:00,8.112676050795853,5.31753722740679,1880.569815,1885.8566,LONG,signal_reverse,0.08112676050795853,1.0,20.0
2023-11-08 10:00:00,2023-11-08 21:00:00,-37.37934368922878,5.302630115142372,1885.8565999999998,1889.134095,SHORT,signal_reverse,-0.37379343689228783,1.0,20.000000000000004
2023-11-08 21:00:00,2023-11-09 00:00:00,21.06106083485823,5.293430480381012,1889.1340950000001,1896.89108,LONG,signal_reverse,0.21061060834858233,1.0,20.0
2023-11-09 00:00:00,2023-11-09 02:00:00,-135.59888826088954,5.271783976125819,1896.8910799999999,1918.8189299999997,SHORT,stop_loss,-1.3559888826088953,1.0,20.0
2023-11-09 13:00:00,2023-11-09 14:00:00,-360.7980173376215,5.206735448596511,1920.589225,1986.0425249999998,SHORT,stop_loss,-3.607980173376215,1.0,20.0
2023-11-10 10:00:00,2023-11-11 01:00:00,-223.21057569273464,4.781405622276525,2091.435195,2048.9350200000003,LONG,stop_loss,-2.2321057569273464,1.0,20.0
2023-11-11 14:00:00,2023-11-11 20:00:00,85.51094919765903,4.802754683344994,2082.13841,2060.1695699999996,SHORT,signal_reverse,0.8551094919765903,1.0,20.0
2023-11-11 20:00:00,2023-11-12 00:00:00,-149.10036817988717,4.85396937495781,2060.16957,2033.572705,LONG,stop_loss,-1.4910036817988717,1.0,20.0
2023-11-12 00:00:00,2023-11-12 07:00:00,86.76676220105607,4.912538889285126,2035.607295,2057.340815,LONG,signal_reverse,0.8676676220105607,1.0,20.0
2023-11-12 07:00:00,2023-11-12 11:00:00,21.008640564008214,4.860643373762066,2057.340815,2048.90394,SHORT,signal_reverse,0.21008640564008216,1.0,19.999999999999996
2023-11-12 11:00:00,2023-11-12 14:00:00,19.42134544384838,4.880658289914753,2048.90394,2056.9809950000003,LONG,signal_reverse,0.1942134544384838,1.0,20.0
2023-11-12 14:00:00,2023-11-12 23:00:00,28.459368483375446,4.861493627946717,2056.9809950000003,2047.0129949999998,SHORT,signal_reverse,0.28459368483375447,1.0,20.0
2023-11-12 23:00:00,2023-11-13 01:00:00,58.528788235659654,4.885166837936952,2047.012995,2063.08794,LONG,signal_reverse,0.5852878823565966,1.0,20.0
2023-11-13 01:00:00,2023-11-13 03:00:00,83.42542645079888,4.847103124455277,2063.08794,2041.7503649999999,SHORT,signal_reverse,0.8342542645079889,1.0,20.0
2023-11-13 03:00:00,2023-11-13 08:00:00,57.72894410624982,4.897758399568107,2041.750365,2057.620675,LONG,signal_reverse,0.5772894410624981,1.0,19.999999999999996
2023-11-13 08:00:00,2023-11-13 15:00:00,-261.45582615707235,4.8599822705416775,2057.620675,2107.303125,SHORT,stop_loss,-2.6145582615707235,1.0,20.0
2023-11-13 18:00:00,2023-11-13 21:00:00,123.55803617855479,4.780015432327623,2092.043455,2062.01049,SHORT,signal_reverse,1.2355803617855479,1.0,20.0
2023-11-13 21:00:00,2023-11-13 22:00:00,-40.70733888458519,4.8496358522405,2062.01049,2057.740615,LONG,stop_loss,-0.4070733888458519,1.0,20.0
2023-11-14 09:00:00,2023-11-14 18:00:00,-432.08264414112887,4.87977663798395,2049.274125,1964.827095,LONG,stop_loss,-4.320826441411288,1.0,20.0
2023-11-15 08:00:00,2023-11-15 12:00:00,-156.78904504175856,5.026603815922662,1989.4147950000001,2016.6278099999997,SHORT,stop_loss,-1.5678904504175855,1.0,20.0
2023-11-16 06:00:00,2023-11-16 08:00:00,66.32483828900597,4.850463473062178,2061.658655,2043.8614199999997,SHORT,signal_reverse,0.6632483828900596,1.0,20.0
2023-11-16 08:00:00,2023-11-16 11:00:00,100.1346371125293,4.892699623441201,2043.86142,2068.415275,LONG,signal_reverse,1.001346371125293,1.0,19.999999999999996
2023-11-16 11:00:00,2023-11-16 13:00:00,131.64875438274836,4.8346191022980145,2068.415275,2037.0480149999999,SHORT,signal_reverse,1.3164875438274837,1.0,20.0
2023-11-16 13:00:00,2023-11-16 15:00:00,-226.30846543889587,4.909064453250013,2037.048015,1995.0219900000002,LONG,stop_loss,-2.2630846543889587,1.0,20.0
2023-11-17 07:00:00,2023-11-17 14:00:00,-212.90044245421902,5.074790305731605,1970.52477,1932.5132600000002,LONG,stop_loss,-2.1290044245421904,1.0,20.0
2023-11-17 22:00:00,2023-11-18 03:00:00,82.20232524602477,5.095468065479995,1962.528245,1942.47075,SHORT,signal_reverse,0.8220232524602477,1.0,20.0
2023-11-18 03:00:00,2023-11-18 10:00:00,-11.05953075483759,5.148082667396665,1942.47075,1944.2074100000002,LONG,signal_reverse,-0.1105953075483759,1.0,20.0
2023-11-18 10:00:00,2023-11-19 00:00:00,-72.92310865125128,5.143484151209978,1944.20741,1954.4967599999998,SHORT,signal_reverse,-0.7292310865125129,1.0,20.0
2023-11-19 00:00:00,2023-11-19 06:00:00,20.069572691438648,5.116406537302216,1954.49676,1962.3283450000001,LONG,signal_reverse,0.2006957269143865,1.0,20.0
2023-11-19 06:00:00,2023-11-19 11:00:00,22.509909318973055,5.095987134609728,1962.328345,1953.9865049999999,SHORT,signal_reverse,0.22509909318973054,1.0,19.999999999999996
2023-11-19 11:00:00,2023-11-19 15:00:00,43.86825071752551,5.117742612045316,1953.986505,1966.4662750000002,LONG,signal_reverse,0.43868250717525514,1.0,20.0
2023-11-19 15:00:00,2023-11-19 23:00:00,-257.37907735030956,5.085263920938588,1966.466275,2013.14607,SHORT,stop_loss,-2.5737907735030956,1.0,20.0
2023-11-20 04:00:00,2023-11-20 09:00:00,-195.38369919241248,4.990822725447765,2003.67766,2038.8188999999998,SHORT,stop_loss,-1.953836991924125,1.0,20.0
2023-11-20 14:00:00,2023-11-20 23:00:00,55.42561447149311,4.904533199956187,2038.9300250000001,2023.55127,SHORT,signal_reverse,0.5542561447149311,1.0,20.0
2023-11-20 23:00:00,2023-11-21 14:00:00,-194.5736840164167,4.941807083543774,2023.55127,1988.22539,LONG,stop_loss,-1.945736840164167,1.0,20.0
2023-11-21 17:00:00,2023-11-21 22:00:00,-202.96219591935426,5.055615550123988,1977.998505,1941.80861,LONG,stop_loss,-2.0296219591935425,1.0,20.0
2023-11-21 22:00:00,2023-11-22 04:00:00,197.4923203527602,5.144690854729112,1943.75139,1986.0264900000002,LONG,signal_reverse,1.974923203527602,1.0,20.0
2023-11-22 04:00:00,2023-11-22 10:00:00,-227.28122312205417,5.035179566008709,1986.02649,2027.19309,SHORT,stop_loss,-2.272812231220542,1.0,19.999999999999996
2023-11-23 01:00:00,2023-11-23 12:00:00,21.30998537271363,4.83861728324191,2066.7061299999996,2058.16857,SHORT,signal_reverse,0.2130998537271363,1.0,20.0
2023-11-23 12:00:00,2023-11-23 20:00:00,14.196955985971112,4.858688518404496,2058.16857,2065.2068799999997,LONG,signal_reverse,0.14196955985971113,1.0,20.0
2023-11-23 20:00:00,2023-11-24 09:00:00,-236.47976497153684,4.842129908070033,2065.2068799999997,2109.91443,SHORT,stop_loss,-2.3647976497153684,1.0,19.999999999999996
2023-11-24 19:00:00,2023-11-25 19:00:00,-53.43033740290756,4.78511396599464,2089.814385,2082.828065,LONG,signal_reverse,-0.5343033740290757,1.0,20.0
2023-11-25 19:00:00,2023-11-26 01:00:00,29.655274834219934,4.801164420645542,2082.8280649999997,2072.4857249999995,SHORT,signal_reverse,0.29655274834219936,1.0,20.0
2023-11-26 01:00:00,2023-11-26 04:00:00,31.92860857943941,4.825123705013698,2072.485725,2083.247855,LONG,signal_reverse,0.3192860857943941,1.0,20.0
2023-11-26 04:00:00,2023-11-26 14:00:00,56.05753661030605,4.800196950160786,2083.247855,2067.4031849999997,SHORT,signal_reverse,0.5605753661030605,1.0,20.0
2023-11-26 14:00:00,2023-11-26 20:00:00,22.701781945839613,4.836985873174033,2067.4031849999997,2076.231365,LONG,signal_reverse,0.2270178194583961,1.0,20.0
2023-11-26 20:00:00,2023-11-27 02:00:00,96.44102101308964,4.81641890618486,2076.231365,2052.055515,SHORT,signal_reverse,0.9644102101308965,1.0,20.0
2023-11-27 02:00:00,2023-11-27 10:00:00,-158.92311777929646,4.873162507984098,2052.055515,2023.54772,LONG,stop_loss,-1.5892311777929646,1.0,20.0
2023-11-27 17:00:00,2023-11-27 22:00:00,24.834500269072613,4.973429848906604,2010.6848400000001,2019.6996450000001,LONG,signal_reverse,0.24834500269072615,1.0,20.0
2023-11-27 22:00:00,2023-11-28 05:00:00,81.65155027296224,4.951231251020991,2019.6996450000001,1999.169085,SHORT,signal_reverse,0.8165155027296225,1.0,20.000000000000004
2023-11-28 05:00:00,2023-11-28 11:00:00,119.59234468654273,5.00207815088337,1999.169085,2027.075955,LONG,signal_reverse,1.1959234468654272,1.0,19.999999999999996
2023-11-28 11:00:00,2023-11-28 16:00:00,-175.60758797516218,4.933214256394256,2027.075955,2058.618795,SHORT,stop_loss,-1.7560758797516218,1.0,20.0
2023-11-29 04:00:00,2023-11-29 10:00:00,2.6184821527058753,4.866743442302291,2054.762105,2050.114545,SHORT,signal_reverse,0.02618482152705875,1.0,20.000000000000004
2023-11-29 10:00:00,2023-11-30 02:00:00,-93.17937447246504,4.8777762317666005,2050.1145450000004,2035.1119350000001,LONG,signal_reverse,-0.9317937447246504,1.0,20.0
2023-11-30 02:00:00,2023-11-30 08:00:00,20.33679847688616,4.913734634453903,2035.1119350000001,2026.902945,SHORT,signal_reverse,0.2033679847688616,1.0,20.0
2023-11-30 08:00:00,2023-11-30 11:00:00,70.30496524341481,4.933635339900303,2026.902945,2045.206885,LONG,signal_reverse,0.7030496524341481,1.0,20.0
2023-11-30 11:00:00,2023-11-30 14:00:00,48.85283881684327,4.889480899630358,2045.206885,2031.1250549999997,SHORT,signal_reverse,0.4885283881684327,1.0,20.000000000000004
2023-11-30 14:00:00,2023-11-30 19:00:00,26.644764568668737,4.923379766983378,2031.125055,2040.59919,LONG,signal_reverse,0.2664476456866874,1.0,20.0
2023-11-30 19:00:00,2023-12-01 01:00:00,-261.2781757499372,4.900521400285374,2040.59919,2089.834395,SHORT,stop_loss,-2.612781757499372,1.0,20.0
2023-12-01 13:00:00,2023-12-01 16:00:00,88.61761611878372,4.802588206994442,2082.2105850000003,2104.82706,LONG,signal_reverse,0.8861761611878372,1.0,20.0
2023-12-01 16:00:00,2023-12-01 22:00:00,68.05680690935259,4.750984149738174,2104.82706,2086.292625,SHORT,signal_reverse,0.680568069093526,1.0,20.0
2023-12-01 22:00:00,2023-12-02 01:00:00,16.811063356944295,4.7931914632541055,2086.292625,2093.97249,LONG,signal_reverse,0.16811063356944297,1.0,19.999999999999996
2023-12-02 01:00:00,2023-12-02 18:00:00,-286.77470820068,4.775611927929387,2093.97249,2149.8343800000002,SHORT,stop_loss,-2.8677470820068,1.0,20.0
2023-12-03 07:00:00,2023-12-03 12:00:00,20.479363739121602,4.620800061541663,2164.127395,2155.3671449999997,SHORT,signal_reverse,0.204793637391216,1.0,20.0
2023-12-03 12:00:00,2023-12-03 19:00:00,36.132339346762706,4.639580789378693,2155.367145,2167.4657250000005,LONG,signal_reverse,0.36132339346762704,1.0,20.0
2023-12-03 19:00:00,2023-12-03 22:00:00,-201.07358998721926,4.613683106799763,2167.465725,2206.712805,SHORT,stop_loss,-2.0107358998721927,1.0,20.0
2023-12-04 12:00:00,2023-12-04 14:00:00,97.53191548195464,4.438481246257181,2253.022925,2226.5427149999996,SHORT,signal_reverse,0.9753191548195465,1.0,20.0
2023-12-04 14:00:00,2023-12-04 23:00:00,50.986960607221214,4.491267979109936,2226.542715,2242.348265,LONG,signal_reverse,0.5098696060722121,1.0,20.0
2023-12-04 23:00:00,2023-12-05 04:00:00,43.30303468716438,4.459610559200982,2242.3482649999996,2228.15352,SHORT,signal_reverse,0.43303034687164377,1.0,20.0
2023-12-05 04:00:00,2023-12-05 07:00:00,-146.4009178326253,4.488021094704462,2228.15352,2199.9894550000004,LONG,stop_loss,-1.464009178326253,1.0,20.0
2023-12-05 07:00:00,2023-12-05 12:00:00,23.15273726688617,4.540933128018675,2202.190545,2211.6936000000005,LONG,stop_loss,0.2315273726688617,1.0,20.0
2023-12-05 13:00:00,2023-12-05 15:00:00,96.46420437776335,4.54136640741459,2201.9804400000003,2227.62563,LONG,signal_reverse,0.9646420437776335,1.0,20.0
2023-12-05 15:00:00,2023-12-05 17:00:00,-315.20440559843826,4.489084640312744,2227.62563,2293.3861199999997,SHORT,stop_loss,-3.152044055984383,1.0,20.0
2023-12-06 05:00:00,2023-12-06 11:00:00,-102.0004311125898,4.403511573258476,2270.91489,2252.29329,LONG,stop_loss,-1.020004311125898,1.0,20.0
2023-12-06 11:00:00,2023-12-06 18:00:00,56.098977785207445,4.435481401048461,2254.54671,2271.7035800000003,LONG,signal_reverse,0.5609897778520745,1.0,20.0
2023-12-06 18:00:00,2023-12-06 20:00:00,63.187525724640494,4.401982762205269,2271.7035800000003,2252.8058399999995,SHORT,signal_reverse,0.6318752572464049,1.0,20.0
2023-12-06 20:00:00,2023-12-07 04:00:00,23.822041050817866,4.43890894743064,2252.80584,2262.678095,LONG,signal_reverse,0.2382204105081787,1.0,20.0
2023-12-07 04:00:00,2023-12-07 08:00:00,52.6817483951455,4.4195416140270725,2262.6780949999998,2246.232555,SHORT,signal_reverse,0.526817483951455,1.0,20.0
2023-12-07 08:00:00,2023-12-07 12:00:00,15.792131060089808,4.45189879282112,2246.232555,2254.2723,LONG,signal_reverse,0.1579213106008981,1.0,20.0
2023-12-07 12:00:00,2023-12-07 15:00:00,-324.4821825650785,4.436021327148455,2254.2723,2322.910875,SHORT,stop_loss,-3.244821825650785,1.0,20.000000000000004
2023-12-08 07:00:00,2023-12-08 11:00:00,25.575307721838968,4.247372748298343,2354.39661,2365.1268450000002,LONG,signal_reverse,0.2557530772183897,1.0,20.0
2023-12-08 11:00:00,2023-12-08 13:00:00,61.071571448844864,4.228103038591996,2365.126845,2345.95239,SHORT,signal_reverse,0.6107157144884486,1.0,20.0
2023-12-08 13:00:00,2023-12-08 20:00:00,59.85957038113503,4.2626611020013065,2345.9523900000004,2364.687065,LONG,signal_reverse,0.5985957038113503,1.0,20.0
2023-12-08 20:00:00,2023-12-09 02:00:00,24.65956682517947,4.228889373148408,2364.687065,2354.1264749999996,SHORT,signal_reverse,0.24659566825179471,1.0,19.999999999999996
2023-12-09 02:00:00,2023-12-09 04:00:00,35.64407919077417,4.247860132493519,2354.126475,2367.225795,LONG,signal_reverse,0.35644079190774175,1.0,20.0
2023-12-09 04:00:00,2023-12-09 08:00:00,-4.012234878508169,4.224354103069412,2367.225795,2363.44113,SHORT,stop_loss,-0.04012234878508169,1.0,20.0
2023-12-09 11:00:00,2023-12-10 05:00:00,-28.89297983404457,4.240669044927162,2358.11847,2356.0214,LONG,signal_reverse,-0.2889297983404457,1.0,20.0
2023-12-10 05:00:00,2023-12-10 08:00:00,25.32775041856522,4.244443620079173,2356.0213999999996,2345.3420849999998,SHORT,signal_reverse,0.2532775041856522,1.0,20.0
2023-12-10 08:00:00,2023-12-10 15:00:00,2.3934496958472624,4.26377033182347,2345.342085,2350.5941150000003,LONG,signal_reverse,0.023934496958472627,1.0,20.0
2023-12-10 15:00:00,2023-12-11 00:00:00,3.109561813909315,4.254243612789782,2350.594115,2345.1619949999995,SHORT,signal_reverse,0.03109561813909315,1.0,20.0
2023-12-11 00:00:00,2023-12-11 02:00:00,-507.8039779081424,4.264097755856733,2345.161995,2230.7640600000004,LONG,stop_loss,-5.078039779081424,1.0,20.0
2023-12-11 22:00:00,2023-12-12 04:00:00,-6.126281250508663,4.5031675201531325,2220.659115,2217.5782349999995,SHORT,signal_reverse,-0.06126281250508663,1.0,20.0
2023-12-12 04:00:00,2023-12-12 07:00:00,43.87749832871236,4.509423767860889,2217.578235,2231.74357,LONG,signal_reverse,0.4387749832871236,1.0,19.999999999999996
2023-12-12 07:00:00,2023-12-12 11:00:00,81.84689363751677,4.4808015286451575,2231.74357,2209.013955,SHORT,signal_reverse,0.8184689363751676,1.0,20.000000000000004
2023-12-12 11:00:00,2023-12-12 17:00:00,-200.16683375818513,4.526906666825471,2209.013955,2169.2148500000003,LONG,stop_loss,-2.0016683375818514,1.0,20.0
2023-12-12 21:00:00,2023-12-12 23:00:00,108.04274836802131,4.602026133585631,2172.955935,2200.7790600000003,LONG,signal_reverse,1.080427483680213,1.0,20.0
2023-12-12 23:00:00,2023-12-13 01:00:00,97.42266849812866,4.543845487152171,2200.7790600000003,2174.936925,SHORT,signal_reverse,0.9742266849812865,1.0,19.999999999999996
2023-12-13 01:00:00,2023-12-13 08:00:00,17.890478134211353,4.597834486625399,2174.936925,2183.177865,LONG,signal_reverse,0.17890478134211352,1.0,20.0
2023-12-13 08:00:00,2023-12-13 15:00:00,-171.47508377655444,4.580478833317596,2183.177865,2216.2475699999995,SHORT,stop_loss,-1.7147508377655445,1.0,20.0
2023-12-14 05:00:00,2023-12-14 11:00:00,-229.0298911147308,4.422530589162537,2261.1488600000002,2308.41363,SHORT,stop_loss,-2.2902989111473078,1.0,19.999999999999996
2023-12-14 17:00:00,2023-12-15 02:00:00,50.01911182193664,4.339887263269349,2304.20732,2288.0734649999995,SHORT,signal_reverse,0.5001911182193665,1.0,20.0
2023-12-15 02:00:00,2023-12-15 13:00:00,-197.69418518211685,4.370489039345596,2288.073465,2247.41573,LONG,stop_loss,-1.9769418518211685,1.0,20.0
2023-12-15 22:00:00,2023-12-16 03:00:00,71.92463251094559,4.480255725828422,2232.01545,2252.53317,LONG,signal_reverse,0.7192463251094559,1.0,20.000000000000004
2023-12-16 03:00:00,2023-12-16 18:00:00,22.18457302451169,4.439446279053019,2252.5331699999997,2243.0309549999997,SHORT,signal_reverse,0.2218457302451169,1.0,20.0
2023-12-16 18:00:00,2023-12-17 05:00:00,-163.00732198321222,4.458253229947066,2243.0309549999997,2210.95397,LONG,stop_loss,-1.6300732198321222,1.0,20.0
2023-12-17 13:00:00,2023-12-17 15:00:00,20.632544849378636,4.526619641199531,2209.1540250000003,2218.13038,LONG,signal_reverse,0.20632544849378637,1.0,20.000000000000004
2023-12-17 15:00:00,2023-12-17 22:00:00,-16.924391793418895,4.508301265861569,2218.1303799999996,2217.44817,SHORT,signal_reverse,-0.16924391793418897,1.0,20.0
2023-12-17 22:00:00,2023-12-18 01:00:00,-247.65896259933595,4.509688269286582,2217.44817,2166.9659750000005,LONG,stop_loss,-2.4765896259933595,1.0,20.0
2023-12-18 07:00:00,2023-12-18 10:00:00,-179.59497581096986,4.612474906550971,2168.0334749999997,2133.43275,LONG,stop_loss,-1.7959497581096984,1.0,20.0
2023-12-18 18:00:00,2023-12-18 21:00:00,-246.26441781847058,4.612704644630787,2167.9254950000004,2216.977935,SHORT,stop_loss,-2.4626441781847057,1.0,20.0
2023-12-19 12:00:00,2023-12-19 14:00:00,-230.28396150831355,4.47897079987391,2232.65577,2185.7066000000004,LONG,stop_loss,-2.302839615083135,1.0,19.999999999999996
2023-12-19 20:00:00,2023-12-20 04:00:00,169.0435665855202,4.606480179351094,2170.854885,2211.8935,LONG,signal_reverse,1.690435665855202,1.0,20.0
2023-12-20 04:00:00,2023-12-20 13:00:00,-185.9222516816444,4.521013330885958,2211.8935,2248.5937349999995,SHORT,stop_loss,-1.859222516816444,1.0,20.0
2023-12-20 13:00:00,2023-12-20 19:00:00,160.31011349890812,4.451673437799226,2246.3462649999997,2205.84237,SHORT,signal_reverse,1.6031011349890811,1.0,20.0
2023-12-20 19:00:00,2023-12-20 20:00:00,-128.41155435780124,4.533415504209397,2205.84237,2181.9284900000002,LONG,stop_loss,-1.2841155435780123,1.0,20.0
2023-12-21 00:00:00,2023-12-21 06:00:00,69.25432187841695,4.559181536460043,2193.3761400000003,2212.9529700000003,LONG,signal_reverse,0.6925432187841694,1.0,20.0
2023-12-21 06:00:00,2023-12-21 11:00:00,-209.04089046230266,4.518848857416071,2212.95297,2254.7868299999996,SHORT,stop_loss,-2.0904089046230268,1.0,20.0
2023-12-21 14:00:00,2023-12-21 21:00:00,119.57865205303375,4.511561012697648,2216.5277100000003,2247.465705,LONG,signal_reverse,1.1957865205303375,1.0,20.0
2023-12-21 21:00:00,2023-12-22 06:00:00,-99.54025710038431,4.449456104158884,2247.465705,2265.3421049999997,SHORT,stop_loss,-0.9954025710038431,1.0,20.0
2023-12-22 13:00:00,2023-12-22 15:00:00,-76.34340392021227,4.332576594673866,2308.095375,2321.0999699999998,SHORT,stop_loss,-0.7634340392021227,1.0,20.0
2023-12-22 17:00:00,2023-12-23 01:00:00,110.48433425956354,4.298106127860839,2326.606115,2296.2475499999996,SHORT,signal_reverse,1.1048433425956354,1.0,20.0
2023-12-23 01:00:00,2023-12-23 13:00:00,-24.98933575345461,4.3549311571393945,2296.24755,2295.1018750000003,LONG,signal_reverse,-0.2498933575345461,1.0,20.0
2023-12-23 13:00:00,2023-12-23 15:00:00,12.67238409624028,4.357105063146707,2295.101875,2287.6032299999997,SHORT,signal_reverse,0.1267238409624028,1.0,20.0
2023-12-23 15:00:00,2023-12-23 18:00:00,50.966305638586626,4.371387428054995,2287.60323,2303.837505,LONG,signal_reverse,0.5096630563858663,1.0,20.0
2023-12-23 18:00:00,2023-12-24 05:00:00,49.94510231310805,4.340583907631107,2303.837505,2287.72329,SHORT,signal_reverse,0.49945102313108053,1.0,20.0
2023-12-24 05:00:00,2023-12-24 22:00:00,-144.3310112037194,4.37115801710442,2287.72329,2259.279795,LONG,stop_loss,-1.4433101120371943,1.0,20.0
2023-12-25 04:00:00,2023-12-25 08:00:00,0.6869308105089584,4.3886402023250906,2278.610125,2273.89638,SHORT,signal_reverse,0.006869308105089584,1.0,20.0
2023-12-25 08:00:00,2023-12-25 12:00:00,89.38783411054202,4.397737772026358,2273.89638,2298.7700400000003,LONG,signal_reverse,0.8938783411054202,1.0,20.0
2023-12-25 12:00:00,2023-12-25 16:00:00,74.01562411175426,4.350152397148869,2298.77004,2277.1580099999996,SHORT,signal_reverse,0.7401562411175426,1.0,20.0
2023-12-25 16:00:00,2023-12-25 22:00:00,10.781065561630443,4.391438782941549,2277.15801,2284.1673450000003,LONG,signal_reverse,0.10781065561630443,1.0,20.0
2023-12-25 22:00:00,2023-12-26 00:00:00,52.25425070596001,4.37796294649331,2284.167345,2267.663265,SHORT,signal_reverse,0.5225425070596001,1.0,20.0
2023-12-26 00:00:00,2023-12-26 05:00:00,-166.80755522138938,4.4098258124757335,2267.663265,2234.3722549999998,LONG,stop_loss,-1.668075552213894,1.0,20.0
2023-12-26 05:00:00,2023-12-26 17:00:00,-196.41390220617131,4.471056680526697,2236.607745,2197.1508750000003,LONG,stop_loss,-1.964139022061713,1.0,20.0
2023-12-26 23:00:00,2023-12-27 03:00:00,29.31873112843493,4.485180528471419,2229.56466,2218.56873,SHORT,signal_reverse,0.2931873112843493,1.0,20.0
2023-12-27 03:00:00,2023-12-27 07:00:00,19.561722300126338,4.507410505150318,2218.56873,2227.3457700000004,LONG,signal_reverse,0.19561722300126339,1.0,20.0
2023-12-27 07:00:00,2023-12-27 10:00:00,-258.5076251542199,4.489648681713213,2227.34577,2280.4696649999996,SHORT,stop_loss,-2.585076251542199,1.0,20.0
2023-12-28 06:00:00,2023-12-28 10:00:00,73.48695338837051,4.208687916605522,2376.037425,2398.250275,LONG,signal_reverse,0.7348695338837051,1.0,20.0
2023-12-28 10:00:00,2023-12-28 12:00:00,74.49837340266723,4.169706599950249,2398.250275,2375.5872,SHORT,signal_reverse,0.7449837340266723,1.0,20.0
2023-12-28 12:00:00,2023-12-28 21:00:00,-150.36816749980667,4.209485553719097,2375.5872,2344.6171050000003,LONG,stop_loss,-1.5036816749980668,1.0,20.0
2023-12-28 23:00:00,2023-12-29 05:00:00,26.784783038697782,4.261679642330523,2346.4926600000003,2357.470675,LONG,signal_reverse,0.2678478303869778,1.0,19.999999999999996
2023-12-29 05:00:00,2023-12-29 07:00:00,76.34851555470479,4.241834312530738,2357.470675,2334.7567950000002,SHORT,signal_reverse,0.7634851555470479,1.0,20.0
2023-12-29 07:00:00,2023-12-29 09:00:00,119.4104947877435,4.283101358315139,2334.7567950000002,2367.305755,LONG,signal_reverse,1.194104947877435,1.0,20.0
2023-12-29 09:00:00,2023-12-29 15:00:00,142.13315461652135,4.224211417928987,2367.305755,2328.9238800000003,SHORT,signal_reverse,1.4213315461652136,1.0,20.0
2023-12-29 15:00:00,2023-12-29 16:00:00,-149.64708833678137,4.293828615815472,2328.9238800000003,2298.7300600000003,LONG,stop_loss,-1.4964708833678135,1.0,20.0
2023-12-30 02:00:00,2023-12-30 14:00:00,0.6575989030941382,4.356240819535577,2295.557205,2300.299275,LONG,signal_reverse,0.006575989030941381,1.0,19.999999999999996
2023-12-30 14:00:00,2023-12-30 22:00:00,34.23613846941692,4.3472604233203525,2300.299275,2287.82334,SHORT,signal_reverse,0.3423613846941692,1.0,20.0
2023-12-30 22:00:00,2023-12-31 07:00:00,2.6834821957896695,4.370966859705173,2287.82334,2293.01292,LONG,signal_reverse,0.026834821957896694,1.0,20.0
2023-12-31 07:00:00,2023-12-31 19:00:00,-30.048635050867777,4.361074424299363,2293.0129199999997,2295.317085,SHORT,signal_reverse,-0.3004863505086777,1.0,20.0
2023-12-31 19:00:00,2023-12-31 22:00:00,-114.64683612547658,4.3566965389446395,2295.317085,2273.592635,LONG,stop_loss,-1.146468361254766,1.0,20.0
2024-01-01 01:00:00,2024-01-01 03:00:00,98.50173035548676,4.345145859300965,2301.4187150000002,2274.146505,SHORT,signal_reverse,0.9850173035548675,1.0,19.999999999999996
2024-01-01 03:00:00,2024-01-01 09:00:00,85.94656037782246,4.397254081042592,2274.146505,2298.240305,LONG,signal_reverse,0.8594656037782247,1.0,19.999999999999996
2024-01-01 09:00:00,2024-01-01 19:00:00,-195.12683470234492,4.351155089502271,2298.240305,2338.48866,SHORT,stop_loss,-1.9512683470234493,1.0,20.0
2024-01-02 07:00:00,2024-01-02 08:00:00,-197.0976237692739,4.189892541637439,2386.696055,2428.963875,SHORT,stop_loss,-1.970976237692739,1.0,20.0
2024-01-02 14:00:00,2024-01-03 01:00:00,-12.501291455027923,4.2174607891230576,2371.094955,2372.87297,LONG,signal_reverse,-0.12501291455027924,1.0,20.0
2024-01-03 01:00:00,2024-01-03 07:00:00,17.47174885640749,4.214300607925084,2372.87297,2363.9814,SHORT,signal_reverse,0.17471748856407487,1.0,20.0
2024-01-03 07:00:00,2024-01-03 11:00:00,-256.87144915776383,4.230151726236086,2363.9814,2307.98543,LONG,stop_loss,-2.5687144915776385,1.0,20.0
2024-01-03 11:00:00,2024-01-03 12:00:00,-287.5821984033844,4.328452367007035,2310.29457,2248.4752,LONG,stop_loss,-2.875821984033844,1.0,20.0
2024-01-03 22:00:00,2024-01-04 04:00:00,116.02554112668439,4.528629585264909,2208.1735350000004,2238.210335,LONG,signal_reverse,1.1602554112668437,1.0,20.0
2024-01-04 04:00:00,2024-01-04 08:00:00,68.69456855581856,4.467855341218412,2238.2103349999998,2218.358625,SHORT,signal_reverse,0.6869456855581857,1.0,20.0
2024-01-04 08:00:00,2024-01-04 12:00:00,64.39697165736709,4.507837410644098,2218.358625,2237.0809,LONG,signal_reverse,0.643969716573671,1.0,20.0
2024-01-04 12:00:00,2024-01-04 14:00:00,-198.0310448316829,4.470111027276663,2237.0809,2276.907885,SHORT,stop_loss,-1.9803104483168288,1.0,20.000000000000004
2024-01-05 01:00:00,2024-01-05 09:00:00,86.8382947977948,4.461516914814117,2241.390135,2265.336765,LONG,signal_reverse,0.868382947977948,1.0,19.999999999999996
2024-01-05 09:00:00,2024-01-05 10:00:00,85.13476569122862,4.414354701915589,2265.336765,2241.5202,SHORT,signal_reverse,0.8513476569122862,1.0,20.0
2024-01-05 10:00:00,2024-01-05 17:00:00,-60.18261802860257,4.461258033721936,2241.5202,2232.5131850000002,LONG,stop_loss,-0.6018261802860257,1.0,20.000000000000004
2024-01-05 20:00:00,2024-01-06 05:00:00,27.60608900767028,4.446509680211648,2248.95496,2238.248565,SHORT,signal_reverse,0.2760608900767028,1.0,20.0
2024-01-06 05:00:00,2024-01-06 15:00:00,16.044767887518688,4.467779028822922,2238.2485650000003,2246.31628,LONG,signal_reverse,0.16044767887518688,1.0,20.0
2024-01-06 15:00:00,2024-01-06 22:00:00,8.477200904227887,4.451732861055524,2246.31628,2239.9194,SHORT,signal_reverse,0.08477200904227888,1.0,20.0
2024-01-06 22:00:00,2024-01-07 00:00:00,20.96348288246276,4.464446354632224,2239.9194,2249.09489,LONG,signal_reverse,0.20963482882462758,1.0,19.999999999999996
2024-01-07 00:00:00,2024-01-07 08:00:00,11.632547082083232,4.446233035547913,2249.09489,2241.98043,SHORT,signal_reverse,0.11632547082083232,1.0,20.0
2024-01-07 08:00:00,2024-01-07 13:00:00,23.680666739808565,4.460342234120215,2241.98043,2251.7735500000003,LONG,signal_reverse,0.23680666739808567,1.0,20.0
2024-01-07 13:00:00,2024-01-07 15:00:00,62.54611126416203,4.440943895091049,2251.77355,2233.186035,SHORT,signal_reverse,0.6254611126416203,1.0,19.999999999999996
2024-01-07 15:00:00,2024-01-07 19:00:00,47.92638303418415,4.477907278333844,2233.186035,2248.3552600000003,LONG,signal_reverse,0.47926383034184145,1.0,20.0
2024-01-07 19:00:00,2024-01-07 22:00:00,113.10440984313031,4.447695690226464,2248.35526,2218.42866,SHORT,signal_reverse,1.1310440984313033,1.0,20.0
2024-01-07 22:00:00,2024-01-08 00:00:00,-126.09606440984375,4.507695099828001,2218.42866,2194.8920049999997,LONG,stop_loss,-1.2609606440984376,1.0,19.999999999999996
2024-01-08 07:00:00,2024-01-08 12:00:00,-217.00613431133945,4.49729735252897,2223.5576650000003,2267.363115,SHORT,stop_loss,-2.1700613431133946,1.0,20.0
2024-01-09 06:00:00,2024-01-09 12:00:00,-194.33154539764936,4.339370606361497,2304.481665,2264.30728,LONG,stop_loss,-1.9433154539764934,1.0,20.0
2024-01-09 12:00:00,2024-01-09 21:00:00,199.92892423058836,4.411947568132736,2266.57272,2316.42121,LONG,signal_reverse,1.9992892423058837,1.0,20.000000000000004
2024-01-09 21:00:00,2024-01-09 22:00:00,-135.99725422994027,4.31700416005084,2316.42121,2343.2910599999996,SHORT,stop_loss,-1.3599725422994027,1.0,20.0
2024-01-10 03:00:00,2024-01-10 09:00:00,-300.5502597194519,4.235746431580594,2360.85898,2427.09294,SHORT,stop_loss,-3.005502597194519,1.0,20.000000000000004
2024-01-10 09:00:00,2024-01-10 12:00:00,238.5371865446974,4.124277582259066,2424.66706,2361.9804,SHORT,signal_reverse,2.3853718654469738,1.0,19.999999999999996
2024-01-10 12:00:00,2024-01-10 15:00:00,347.5500016850264,4.233735385780508,2361.9804000000004,2448.7949900000003,LONG,signal_reverse,3.4755000168502646,1.0,20.0
2024-01-10 15:00:00,2024-01-10 20:00:00,-177.86586936785667,4.083641154460219,2448.79499,2487.453105,SHORT,stop_loss,-1.7786586936785667,1.0,20.0
2024-01-11 08:00:00,2024-01-11 11:00:00,-189.8154588991122,3.824966262028522,2614.402145,2658.798735,SHORT,stop_loss,-1.898154588991122,1.0,20.0
2024-01-11 16:00:00,2024-01-12 06:00:00,87.15651597443265,3.8632209470978984,2588.51361,2616.25122,LONG,signal_reverse,0.8715651597443265,1.0,20.0
2024-01-12 06:00:00,2024-01-12 11:00:00,-145.99220116178066,3.8222629094464406,2616.25122,2649.2139449999995,SHORT,stop_loss,-1.4599220116178067,1.0,20.0
2024-01-12 16:00:00,2024-01-12 17:00:00,-103.924114137843,3.816619952860507,2620.119405,2598.130285,LONG,stop_loss,-1.0392411413784302,1.0,20.0
2024-01-13 09:00:00,2024-01-13 15:00:00,55.3873036920466,3.933011910688041,2542.5806549999998,2561.7484850000005,LONG,signal_reverse,0.5538730369204661,1.0,20.0
2024-01-13 15:00:00,2024-01-14 02:00:00,-17.312011682520513,3.903583844609944,2561.748485,2561.05989,SHORT,signal_reverse,-0.17312011682520514,1.0,20.0
2024-01-14 02:00:00,2024-01-14 16:00:00,-158.74445161842732,3.9046334055077487,2561.05989,2525.526605,LONG,stop_loss,-1.5874445161842732,1.0,20.0
2024-01-14 22:00:00,2024-01-14 23:00:00,-174.78345792963995,3.98626543406237,2508.61368,2469.78449,LONG,stop_loss,-1.7478345792963996,1.0,19.999999999999996
2024-01-15 05:00:00,2024-01-15 14:00:00,11.395301860721279,3.974986988923526,2515.7315049999997,2507.8332899999996,SHORT,signal_reverse,0.1139530186072128,1.0,20.0
2024-01-15 14:00:00,2024-01-15 17:00:00,66.93265252890946,3.987505884013526,2507.83329,2529.63455,LONG,signal_reverse,0.6693265252890946,1.0,20.0
2024-01-15 17:00:00,2024-01-15 21:00:00,14.054998181456414,3.9531401877792973,2529.63455,2521.0198800000003,SHORT,signal_reverse,0.14054998181456416,1.0,20.0
2024-01-15 21:00:00,2024-01-16 03:00:00,32.329535775021164,3.966648608895539,2521.0198800000003,2534.2122600000002,LONG,signal_reverse,0.3232953577502116,1.0,20.0
2024-01-16 03:00:00,2024-01-16 16:00:00,-185.63407360360438,3.945999377337082,2534.2122600000002,2576.18745,SHORT,stop_loss,-1.8563407360360435,1.0,20.0
2024-01-16 19:00:00,2024-01-16 21:00:00,-159.97576484839806,3.8882313511651576,2571.863425,2607.8632799999996,SHORT,stop_loss,-1.5997576484839806,1.0,20.0
2024-01-17 03:00:00,2024-01-17 12:00:00,-108.14879019471982,3.888258783592145,2571.84528,2549.174775,LONG,stop_loss,-1.0814879019471983,1.0,20.0
2024-01-17 13:00:00,2024-01-17 22:00:00,-94.05843818405505,3.9322382470564774,2543.080905,2524.2472450000005,LONG,stop_loss,-0.9405843818405505,1.0,20.0
2024-01-18 01:00:00,2024-01-18 07:00:00,31.48426865812235,3.9658301850392115,2521.54014,2534.522105,LONG,signal_reverse,0.3148426865812235,1.0,20.0
2024-01-18 07:00:00,2024-01-18 10:00:00,58.89246639654104,3.9455169794228326,2534.522105,2514.5266349999997,SHORT,signal_reverse,0.5889246639654104,1.0,20.0
2024-01-18 10:00:00,2024-01-18 14:00:00,37.61810115008011,3.9768916585765255,2514.526635,2529.01486,LONG,signal_reverse,0.376181011500801,1.0,20.0
2024-01-18 14:00:00,2024-01-18 16:00:00,152.3705569685765,3.954108834299218,2529.01486,2485.4220899999996,SHORT,signal_reverse,1.523705569685765,1.0,20.0
2024-01-18 16:00:00,2024-01-18 19:00:00,-222.90394618646008,4.023461463642177,2485.42209,2434.991895,LONG,stop_loss,-2.2290394618646006,1.0,20.0
2024-01-19 01:00:00,2024-01-19 06:00:00,4.151018021140697,4.062200008433534,2461.720245,2467.66555,LONG,signal_reverse,0.04151018021140697,1.0,20.0
2024-01-19 06:00:00,2024-01-19 15:00:00,-0.8941288660422374,4.052413018449765,2467.66555,2462.9508599999995,SHORT,signal_reverse,-0.008941288660422375,1.0,20.0
2024-01-19 15:00:00,2024-01-19 16:00:00,-178.72584238241527,4.0601703275557846,2462.95086,2423.8574650000005,LONG,stop_loss,-1.7872584238241527,1.0,20.000000000000004
2024-01-19 18:00:00,2024-01-20 08:00:00,50.65543938431223,4.012948323526832,2491.9334099999996,2474.326545,SHORT,signal_reverse,0.5065543938431223,1.0,20.0
2024-01-20 08:00:00,2024-01-20 22:00:00,-44.05240331768851,4.0415037458202585,2474.3265450000004,2468.375195,LONG,signal_reverse,-0.44052403317688504,1.0,20.0
2024-01-20 22:00:00,2024-01-21 15:00:00,-17.804648980843876,4.051247970833705,2468.375195,2467.8333,SHORT,signal_reverse,-0.17804648980843876,1.0,20.000000000000004
2024-01-21 15:00:00,2024-01-22 02:00:00,-156.8039932032668,4.052137557265315,2467.8333,2434.0723550000002,LONG,stop_loss,-1.568039932032668,1.0,20.0
2024-01-22 18:00:00,2024-01-22 19:00:00,-217.47294955353328,4.2283979468269575,2364.96189,2318.26029,LONG,stop_loss,-2.174729495535333,1.0,20.000000000000004
2024-01-23 05:00:00,2024-01-23 07:00:00,73.57193806685491,4.265561515414692,2344.3572350000004,2322.42063,SHORT,signal_reverse,0.735719380668549,1.0,20.0
2024-01-23 07:00:00,2024-01-23 08:00:00,-157.5136122520571,4.305852209037602,2322.42063,2290.4841850000003,LONG,stop_loss,-1.5751361225205711,1.0,20.0
2024-01-23 22:00:00,2024-01-24 10:00:00,-165.07948681079768,4.4987331162658615,2222.84802,2255.0969849999997,SHORT,stop_loss,-1.6507948681079767,1.0,20.0
2024-01-24 16:00:00,2024-01-24 18:00:00,80.40110711238229,4.465841122887877,2239.21983,2216.737815,SHORT,signal_reverse,0.804011071123823,1.0,20.0
2024-01-24 18:00:00,2024-01-24 23:00:00,52.607639437954695,4.511133401673846,2216.737815,2232.833025,LONG,signal_reverse,0.526076394379547,1.0,19.999999999999996
2024-01-24 23:00:00,2024-01-25 01:00:00,67.13992395378482,4.478615233667104,2232.833025,2213.376135,SHORT,signal_reverse,0.6713992395378482,1.0,20.000000000000004
2024-01-25 01:00:00,2024-01-25 07:00:00,34.67019278221556,4.5179849199015605,2213.376135,2225.4767050000005,LONG,signal_reverse,0.3467019278221556,1.0,20.0
2024-01-25 07:00:00,2024-01-25 12:00:00,54.33369202577397,4.4934193099091555,2225.476705,2208.9339149999996,SHORT,signal_reverse,0.5433369202577397,1.0,20.000000000000004
2024-01-25 12:00:00,2024-01-25 17:00:00,-59.180008696637344,4.527070697812161,2208.933915,2200.2793100000004,LONG,stop_loss,-0.5918000869663734,1.0,20.0
2024-01-25 19:00:00,2024-01-26 06:00:00,-6.433243147132807,4.5134060085128205,2215.621635,2212.6157550000003,SHORT,signal_reverse,-0.06433243147132807,1.0,19.999999999999996
2024-01-26 06:00:00,2024-01-26 10:00:00,81.85279549363058,4.5195375552227315,2212.6157550000003,2235.1518650000003,LONG,signal_reverse,0.8185279549363058,1.0,20.0
2024-01-26 10:00:00,2024-01-26 16:00:00,-218.49803360005774,4.4739689309656825,2235.151865,2279.51919,SHORT,stop_loss,-2.184980336000577,1.0,20.0
2024-01-26 22:00:00,2024-01-27 05:00:00,-11.417427823659073,4.412894426324144,2266.08639,2264.141505,SHORT,signal_reverse,-0.11417427823659074,1.0,20.0
2024-01-27 05:00:00,2024-01-27 14:00:00,-6.686565334617096,4.4166850781705005,2264.141505,2267.155855,LONG,signal_reverse,-0.06686565334617096,1.0,20.0
2024-01-27 14:00:00,2024-01-28 04:00:00,-185.82867435904635,4.410812771405166,2267.155855,2304.7518,SHORT,stop_loss,-1.8582867435904635,1.0,20.0
2024-01-28 09:00:00,2024-01-28 12:00:00,43.12506325086133,4.361188484046304,2292.95295,2278.47867,SHORT,signal_reverse,0.43125063250861334,1.0,20.0
2024-01-28 12:00:00,2024-01-28 22:00:00,-154.22631689591407,4.388893401402788,2278.47867,2247.89549,LONG,stop_loss,-1.5422631689591408,1.0,20.0
2024-01-28 22:00:00,2024-01-29 02:00:00,53.2913149653671,4.444159010925036,2250.14451,2266.6361150000002,LONG,signal_reverse,0.532913149653671,1.0,20.0
2024-01-29 02:00:00,2024-01-29 07:00:00,10.074390657098952,4.411824171433005,2266.636115,2259.819345,SHORT,signal_reverse,0.10074390657098951,1.0,20.0
2024-01-29 07:00:00,2024-01-29 09:00:00,34.00464876540873,4.425132487747599,2259.819345,2272.02342,LONG,signal_reverse,0.34004648765408735,1.0,20.0
2024-01-29 09:00:00,2024-01-29 12:00:00,46.22068622866704,4.401363081019649,2272.02342,2256.9779249999997,SHORT,signal_reverse,0.46220686228667046,1.0,20.0
2024-01-29 12:00:00,2024-01-29 15:00:00,53.614853809437626,4.430703503668518,2256.9779249999997,2273.592635,LONG,signal_reverse,0.5361485380943762,1.0,20.0
2024-01-29 15:00:00,2024-01-29 17:00:00,-150.71138841017566,4.398325296299176,2273.592635,2303.31108,SHORT,stop_loss,-1.5071138841017566,1.0,20.0
2024-01-30 01:00:00,2024-01-30 16:00:00,-263.7300529946682,4.32207671360282,2313.70257,2370.094455,SHORT,stop_loss,-2.6373005299466823,1.0,20.0
2024-01-30 23:00:00,2024-01-31 09:00:00,-171.2091421031281,4.265844867010078,2344.201515,2308.755045,LONG,stop_loss,-1.712091421031281,1.0,20.0
2024-01-31 09:00:00,2024-01-31 15:00:00,49.58216369128483,4.327009493335509,2311.064955,2327.145845,LONG,signal_reverse,0.49582163691284836,1.0,20.0
2024-01-31 15:00:00,2024-01-31 20:00:00,147.6833236895819,4.297109277222803,2327.145845,2288.12349,SHORT,signal_reverse,1.476833236895819,1.0,19.999999999999996
2024-01-31 20:00:00,2024-02-01 01:00:00,-221.1041152328712,4.370393487809523,2288.12349,2242.108385,LONG,stop_loss,-2.211041152328712,1.0,19.999999999999996
2024-02-01 11:00:00,2024-02-01 14:00:00,106.77701992009342,4.414207827102047,2265.4121400000004,2294.1323600000005,LONG,signal_reverse,1.0677701992009343,1.0,19.999999999999996
2024-02-01 14:00:00,2024-02-02 13:00:00,-8.504651928624993,4.3589464035980905,2294.13236,2291.4951749999996,SHORT,signal_reverse,-0.08504651928624991,1.0,20.0
2024-02-02 13:00:00,2024-02-02 15:00:00,68.40677572013658,4.363962930884199,2291.495175,2311.753545,LONG,signal_reverse,0.6840677572013658,1.0,20.0
2024-02-02 15:00:00,2024-02-02 17:00:00,62.13563699758555,4.325720629531899,2311.753545,2292.76581,SHORT,signal_reverse,0.6213563699758555,1.0,20.0
2024-02-02 17:00:00,2024-02-02 22:00:00,40.93184458294054,4.361544452723674,2292.76581,2306.736055,LONG,signal_reverse,0.4093184458294054,1.0,20.0
2024-02-02 22:00:00,2024-02-03 08:00:00,-26.968894410418237,4.33512970776364,2306.736055,2308.343595,SHORT,signal_reverse,-0.26968894410418237,1.0,20.000000000000004
2024-02-03 08:00:00,2024-02-04 01:00:00,-44.586915969934516,4.332110705555513,2308.3435950000003,2302.66809,LONG,signal_reverse,-0.4458691596993452,1.0,20.0
2024-02-04 01:00:00,2024-02-04 04:00:00,2.3214974938056514,4.342788282613496,2302.66809,2297.52819,SHORT,signal_reverse,0.023214974938056517,1.0,20.0
2024-02-04 04:00:00,2024-02-04 09:00:00,-5.154632640219823,4.352503722707315,2297.52819,2300.938955,LONG,signal_reverse,-0.05154632640219823,1.0,19.999999999999996
2024-02-04 09:00:00,2024-02-04 18:00:00,8.563752140049695,4.346051849080889,2300.938955,2294.3666099999996,SHORT,signal_reverse,0.08563752140049695,1.0,20.0
2024-02-04 18:00:00,2024-02-05 06:00:00,-4.728334239484668,4.35850136434822,2294.3666099999996,2297.8704900000002,LONG,signal_reverse,-0.047283342394846675,1.0,20.0
2024-02-05 06:00:00,2024-02-05 13:00:00,-154.48675691030795,4.351855356304263,2297.87049,2328.773805,SHORT,stop_loss,-1.5448675691030795,1.0,20.0
2024-02-05 15:00:00,2024-02-06 01:00:00,10.571424640288939,4.354798336833709,2296.3175850000002,2303.337755,LONG,signal_reverse,0.1057142464028894,1.0,20.0
2024-02-06 01:00:00,2024-02-06 10:00:00,-112.57867177191387,4.341525674336025,2303.3377549999996,2324.6617499999998,SHORT,stop_loss,-1.1257867177191387,1.0,20.0
2024-02-06 13:00:00,2024-02-06 19:00:00,-214.84835774973956,4.284577452657947,2333.95244,2379.42912,SHORT,stop_loss,-2.148483577497396,1.0,20.0
2024-02-07 03:00:00,2024-02-07 09:00:00,-4.081195775286511,4.229489414113511,2364.351585,2368.1153500000005,LONG,signal_reverse,-0.040811957752865106,1.0,20.0
2024-02-07 09:00:00,2024-02-07 10:00:00,36.24109484362834,4.222767273562075,2368.11535,2354.79681,SHORT,signal_reverse,0.36241094843628335,1.0,20.0
2024-02-07 10:00:00,2024-02-07 12:00:00,47.42518051908122,4.246650903183447,2354.79681,2370.6740700000005,LONG,signal_reverse,0.4742518051908122,1.0,19.999999999999996
2024-02-07 12:00:00,2024-02-07 17:00:00,-185.48154171188858,4.218209549151562,2370.67407,2409.90435,SHORT,stop_loss,-1.854815417118886,1.0,20.0
2024-02-08 06:00:00,2024-02-08 14:00:00,46.611348218947164,4.131788304809997,2420.2595250000004,2436.3812000000003,LONG,signal_reverse,0.46611348218947163,1.0,20.0
2024-02-08 14:00:00,2024-02-08 23:00:00,42.68005187365501,4.104448023158281,2436.3812,2421.10995,SHORT,signal_reverse,0.42680051873655006,1.0,20.0
2024-02-08 23:00:00,2024-02-09 02:00:00,125.64084543124537,4.1303369968802945,2421.10995,2456.3712,LONG,signal_reverse,1.2564084543124536,1.0,20.0
2024-02-09 02:00:00,2024-02-09 11:00:00,-217.08163407875867,4.071045939636485,2456.3712,2504.781765,SHORT,stop_loss,-2.170816340787587,1.0,20.0
2024-02-09 17:00:00,2024-02-10 07:00:00,-24.516006802633147,4.004563921409953,2497.1508,2498.278515,SHORT,signal_reverse,-0.24516006802633147,1.0,20.0
2024-02-10 07:00:00,2024-02-10 19:00:00,-25.194096623772474,4.002756273953707,2498.2785150000004,2496.980885,LONG,signal_reverse,-0.2519409662377248,1.0,20.000000000000004
2024-02-10 19:00:00,2024-02-11 04:00:00,-115.07019113604412,4.00483642468893,2496.980885,2520.71973,SHORT,stop_loss,-1.150701911360441,1.0,20.0
2024-02-11 11:00:00,2024-02-11 13:00:00,50.817099024013196,3.950205900729879,2531.5136100000004,2513.5861649999997,SHORT,signal_reverse,0.508170990240132,1.0,20.0
2024-02-11 13:00:00,2024-02-12 00:00:00,-17.986303365890926,3.978379631159372,2513.5861649999997,2514.092325,LONG,signal_reverse,-0.17986303365890927,1.0,20.0
2024-02-12 00:00:00,2024-02-12 02:00:00,18.267150749925115,3.9775786674819114,2514.092325,2504.4716099999996,SHORT,signal_reverse,0.18267150749925115,1.0,20.0
2024-02-12 02:00:00,2024-02-12 14:00:00,70.3751709926562,3.992858198141045,2504.4716099999996,2527.105815,LONG,signal_reverse,0.703751709926562,1.0,20.0
2024-02-12 14:00:00,2024-02-12 17:00:00,-351.6797994863528,3.9570958764937982,2527.105815,2610.9248099999995,SHORT,stop_loss,-3.5167979948635284,1.0,19.999999999999996
2024-02-13 08:00:00,2024-02-13 13:00:00,46.30542990551217,3.755406019627435,2662.8279199999997,2645.1719249999996,SHORT,signal_reverse,0.4630542990551217,1.0,20.000000000000004
2024-02-13 13:00:00,2024-02-13 14:00:00,-70.23690473351722,3.7804726057645572,2645.171925,2631.8834,LONG,stop_loss,-0.7023690473351722,1.0,20.0
2024-02-13 19:00:00,2024-02-14 06:00:00,100.21962452146758,3.8261311865982566,2613.60615,2645.026825,LONG,signal_reverse,1.0021962452146758,1.0,20.000000000000004
2024-02-14 06:00:00,2024-02-14 08:00:00,-261.4226555150348,3.780679993670764,2645.026825,2708.883765,SHORT,stop_loss,-2.6142265551503483,1.0,20.0
2024-02-14 18:00:00,2024-02-15 00:00:00,-282.94755403290367,3.636595849538611,2749.8244,2822.1303599999997,SHORT,stop_loss,-2.8294755403290366,1.0,20.0
2024-02-15 03:00:00,2024-02-15 14:00:00,-206.44339896017632,3.568397841931473,2802.37811,2854.6265999999996,SHORT,stop_loss,-2.0644339896017634,1.0,20.0
2024-02-15 19:00:00,2024-02-15 21:00:00,109.76798695539644,3.527857017366229,2834.582,2797.7981999999997,SHORT,signal_reverse,1.0976798695539645,1.0,20.0
2024-02-15 21:00:00,2024-02-16 00:00:00,128.55042082735005,3.574239199953735,2797.7982,2839.3596100000004,LONG,signal_reverse,1.2855042082735004,1.0,20.0
2024-02-16 00:00:00,2024-02-16 07:00:00,56.360440303651146,3.521920916526667,2839.35961,2817.6781349999997,SHORT,signal_reverse,0.5636044030365115,1.0,20.0
2024-02-16 07:00:00,2024-02-16 12:00:00,72.44948767010227,3.549021400203327,2817.678135,2843.727425,LONG,signal_reverse,0.7244948767010227,1.0,20.0
2024-02-16 12:00:00,2024-02-16 14:00:00,135.17775934520373,3.5165114321742705,2843.727425,2799.5990999999995,SHORT,signal_reverse,1.351777593452037,1.0,20.0
2024-02-16 14:00:00,2024-02-16 15:00:00,-104.9682370593699,3.571939996694527,2799.5991,2775.8114,LONG,stop_loss,-1.049682370593699,1.0,20.0
2024-02-16 23:00:00,2024-02-17 05:00:00,32.538787046624414,3.568066968106955,2802.63798,2787.91326,SHORT,signal_reverse,0.3253878704662442,1.0,20.0
2024-02-17 05:00:00,2024-02-17 13:00:00,-180.78509558794423,3.5869121695701542,2787.91326,2743.08777,LONG,stop_loss,-1.8078509558794424,1.0,20.0
2024-02-17 13:00:00,2024-02-17 19:00:00,81.17249588843306,3.6418831022316316,2745.83223,2773.6125,LONG,signal_reverse,0.8117249588843306,1.0,19.999999999999996
2024-02-17 19:00:00,2024-02-18 02:00:00,-23.728458824006612,3.605406306756982,2773.6125,2774.64663,SHORT,signal_reverse,-0.23728458824006615,1.0,20.0
2024-02-18 02:00:00,2024-02-18 04:00:00,56.60334029634744,3.604062546876465,2774.64663,2795.9013500000005,LONG,signal_reverse,0.5660334029634744,1.0,20.000000000000004
2024-02-18 04:00:00,2024-02-18 13:00:00,4.240787322485715,3.5766641051194457,2795.90135,2789.123865,SHORT,signal_reverse,0.042407873224857145,1.0,20.0
2024-02-18 13:00:00,2024-02-18 14:00:00,50.70682750047103,3.585355288622149,2789.123865,2808.8448750000002,LONG,signal_reverse,0.5070682750047103,1.0,20.0
2024-02-18 14:00:00,2024-02-18 22:00:00,-281.0877362887469,3.5601823685617386,2808.844875,2882.1803699999996,SHORT,stop_loss,-2.810877362887469,1.0,20.0
2024-02-19 09:00:00,2024-02-19 13:00:00,16.731160139614452,3.4398237288472813,2907.12571,2896.4474999999998,SHORT,signal_reverse,0.1673116013961445,1.0,20.0
2024-02-19 13:00:00,2024-02-19 17:00:00,134.22756670024262,3.4525051809155873,2896.4475,2941.1187050000003,LONG,signal_reverse,1.3422756670024263,1.0,20.000000000000004
2024-02-19 17:00:00,2024-02-20 01:00:00,40.68371184630734,3.400066778331546,2941.1187050000003,2923.270905,SHORT,signal_reverse,0.40683711846307336,1.0,20.0
2024-02-20 01:00:00,2024-02-20 09:00:00,-98.61664466571135,3.4208256179390943,2923.270905,2900.28913,LONG,stop_loss,-0.9861664466571135,1.0,20.0
2024-02-20 11:00:00,2024-02-20 13:00:00,-234.51059097789454,3.406155420484122,2935.861335,2998.83867,SHORT,stop_loss,-2.3451059097789453,1.0,20.0
2024-02-20 13:00:00,2024-02-20 16:00:00,304.05813361283913,3.3379604920531625,2995.84133,2898.7586549999996,SHORT,signal_reverse,3.0405813361283913,1.0,20.000000000000004
2024-02-20 16:00:00,2024-02-20 19:00:00,275.6381686077279,3.4497525286388493,2898.758655,2984.457025,LONG,signal_reverse,2.756381686077279,1.0,20.0
2024-02-20 19:00:00,2024-02-20 23:00:00,-127.86064175274876,3.3506932471242408,2984.4570249999997,3016.6475699999996,SHORT,stop_loss,-1.2786064175274876,1.0,20.0
2024-02-21 05:00:00,2024-02-21 07:00:00,-155.59805273195408,3.356460554882272,2979.32892,2938.9298000000003,LONG,stop_loss,-1.5559805273195408,1.0,20.0
2024-02-21 13:00:00,2024-02-21 22:00:00,65.28014700125554,3.4387738421882306,2908.01328,2932.8128600000005,LONG,signal_reverse,0.6528014700125554,1.0,20.0
2024-02-21 22:00:00,2024-02-21 23:00:00,-147.22073238590443,3.4096959053841576,2932.81286,2970.12432,SHORT,stop_loss,-1.4722073238590443,1.0,20.0
2024-02-22 06:00:00,2024-02-22 08:00:00,-233.49627624395737,3.3808108203661704,2957.870325,3021.0197550000003,SHORT,stop_loss,-2.3349627624395737,1.0,20.0
2024-02-22 13:00:00,2024-02-22 18:00:00,138.5452151495668,3.3962644494113454,2944.41147,2991.093705,LONG,signal_reverse,1.3854521514956677,1.0,20.0
2024-02-22 18:00:00,2024-02-22 20:00:00,-92.68899654883724,3.3432586826964683,2991.093705,3012.8356649999996,SHORT,stop_loss,-0.9268899654883724,1.0,20.0
2024-02-22 20:00:00,2024-02-22 23:00:00,109.37510853104233,3.3224530361171394,3009.824335,2970.8847,SHORT,signal_reverse,1.0937510853104233,1.0,20.0
2024-02-22 23:00:00,2024-02-23 07:00:00,-151.81694664892206,3.3660007067928284,2970.8847,2931.723405,LONG,stop_loss,-1.5181694664892207,1.0,20.0
2024-02-23 07:00:00,2024-02-23 20:00:00,36.929948902591306,3.407553720949078,2934.656595,2951.36358,LONG,signal_reverse,0.3692994890259131,1.0,20.0
2024-02-23 20:00:00,2024-02-23 22:00:00,70.47336689029933,3.3882643493215427,2951.36358,2924.6615999999995,SHORT,signal_reverse,0.7047336689029933,1.0,20.0
2024-02-23 22:00:00,2024-02-24 04:00:00,50.1792986921979,3.4191989938254737,2924.6616,2945.18667,LONG,signal_reverse,0.5017929869219789,1.0,20.0
2024-02-24 04:00:00,2024-02-24 17:00:00,-187.73087934694496,3.3953705216246957,2945.18667,2994.586545,SHORT,stop_loss,-1.8773087934694497,1.0,20.0
2024-02-25 11:00:00,2024-02-25 19:00:00,-167.48290757492907,3.2912383346932375,3038.370055,3083.1808199999996,SHORT,stop_loss,-1.6748290757492907,1.0,20.0
2024-02-26 03:00:00,2024-02-26 07:00:00,34.44973927781847,3.2195167673069096,3106.056195,3089.1438,SHORT,signal_reverse,0.3444973927781847,1.0,20.0
2024-02-26 07:00:00,2024-02-26 09:00:00,-180.02626682513036,3.2371429261402467,3089.1438,3039.709385,LONG,stop_loss,-1.8002626682513037,1.0,20.0
2024-02-26 09:00:00,2024-02-26 14:00:00,172.84490391927918,3.2865000341146917,3042.750615,3101.42851,LONG,signal_reverse,1.7284490391927916,1.0,19.999999999999996
2024-02-26 14:00:00,2024-02-26 16:00:00,-193.17268422221224,3.224320653452689,3101.42851,3155.13678,SHORT,stop_loss,-1.9317268422221225,1.0,20.0
2024-02-27 01:00:00,2024-02-27 02:00:00,-83.33358693636194,3.1025572449579584,3223.14762,3243.56097,SHORT,stop_loss,-0.8333358693636195,1.0,20.000000000000004
2024-02-27 05:00:00,2024-02-27 10:00:00,-150.74107430797542,3.1045982490289408,3221.02868,3263.140755,SHORT,stop_loss,-1.5074107430797543,1.0,20.0
2024-02-27 15:00:00,2024-02-27 20:00:00,43.686219886620336,3.093499010746193,3232.5854849999996,3253.1726000000003,LONG,signal_reverse,0.43686219886620337,1.0,20.0
2024-02-27 20:00:00,2024-02-28 01:00:00,27.905896539275737,3.0739223612051814,3253.1726000000003,3237.5879849999997,SHORT,signal_reverse,0.2790589653927574,1.0,20.0
2024-02-28 01:00:00,2024-02-28 04:00:00,70.70863907348188,3.088719147195625,3237.5879849999997,3266.9557050000003,LONG,signal_reverse,0.7070863907348188,1.0,20.0
2024-02-28 04:00:00,2024-02-28 08:00:00,-226.6471084890313,3.06095365318092,3266.9557050000003,3334.4664,SHORT,stop_loss,-2.266471084890313,1.0,20.0
2024-02-28 13:00:00,2024-02-28 16:00:00,-242.22229840803325,2.9811839815409855,3354.371975,3428.9135999999994,SHORT,stop_loss,-2.4222229840803324,1.0,20.0
2024-02-28 19:00:00,2024-02-28 23:00:00,227.69816564252451,3.0271466382630705,3303.440895,3385.26652,LONG,signal_reverse,2.2769816564252454,1.0,20.0
2024-02-28 23:00:00,2024-02-29 00:00:00,-222.05041344868732,2.9539771657328773,3385.26652,3453.66597,SHORT,stop_loss,-2.2205041344868732,1.0,20.000000000000004
2024-02-29 03:00:00,2024-02-29 05:00:00,-205.39246067808014,2.9348703879573907,3407.305495,3470.4743699999995,SHORT,stop_loss,-2.0539246067808015,1.0,20.0
2024-02-29 16:00:00,2024-02-29 17:00:00,-197.53373693049474,2.9040635083956685,3443.450865,3382.3179950000003,LONG,stop_loss,-1.9753373693049474,1.0,19.999999999999996
2024-03-01 08:00:00,2024-03-01 15:00:00,64.50595095952913,2.9218596226408655,3422.477905,3393.55593,SHORT,signal_reverse,0.6450595095952913,1.0,20.0
2024-03-01 15:00:00,2024-03-01 18:00:00,88.70010915069898,2.94676151101479,3393.55593,3430.44392,LONG,signal_reverse,0.8870010915069898,1.0,20.0
2024-03-01 18:00:00,2024-03-02 05:00:00,-4.427015498332731,2.9150746180978233,3430.4439199999997,3425.101695,SHORT,signal_reverse,-0.04427015498332731,1.0,19.999999999999996
2024-03-02 05:00:00,2024-03-02 16:00:00,-16.51309623377309,2.9196213398855013,3425.101695,3426.2959950000004,LONG,signal_reverse,-0.16513096233773092,1.0,20.000000000000004
2024-03-02 16:00:00,2024-03-02 20:00:00,23.16934386750347,2.918603650879264,3426.2959950000004,3411.5049,SHORT,signal_reverse,0.23169343867503472,1.0,20.000000000000004
2024-03-02 20:00:00,2024-03-03 00:00:00,25.67104681573219,2.9312576980323253,3411.5049000000004,3427.0856000000003,LONG,signal_reverse,0.2567104681573219,1.0,20.0
2024-03-03 00:00:00,2024-03-03 06:00:00,9.990642778227663,2.917931200784713,3427.0856000000003,3416.8075499999995,SHORT,signal_reverse,0.09990642778227664,1.0,20.0
2024-03-03 06:00:00,2024-03-03 07:00:00,-87.3298090786524,2.926708587962468,3416.80755,3393.80225,LONG,stop_loss,-0.8732980907865241,1.0,20.0
2024-03-03 10:00:00,2024-03-03 13:00:00,52.6827637703672,2.9374689571034494,3404.291295,3429.0346250000002,LONG,signal_reverse,0.526827637703672,1.0,20.000000000000004
2024-03-03 13:00:00,2024-03-03 16:00:00,-180.32649422430362,2.916272681265212,3429.034625,3484.0111349999997,SHORT,stop_loss,-1.8032649422430362,1.0,20.0
2024-03-03 16:00:00,2024-03-04 08:00:00,-181.09204139584102,2.873126581583457,3480.5288649999998,3536.5974149999997,SHORT,stop_loss,-1.81092041395841,1.0,19.999999999999996
2024-03-04 08:00:00,2024-03-04 17:00:00,-65.45939850652177,2.830405564412044,3533.062585,3549.123675,SHORT,stop_loss,-0.6545939850652177,1.0,20.0
2024-03-05 08:00:00,2024-03-05 12:00:00,-209.59881857135144,2.7078603716711664,3692.9526,3762.970545,SHORT,stop_loss,-2.0959881857135145,1.0,20.0
2024-03-05 16:00:00,2024-03-05 17:00:00,-28.423642102330398,2.7105973614736274,3689.2236900000003,3686.1160200000004,LONG,stop_loss,-0.284236421023304,1.0,20.0
2024-03-06 02:00:00,2024-03-06 04:00:00,384.13685988882327,2.851218221191328,3507.27276,3649.0145800000005,LONG,signal_reverse,3.8413685988882325,1.0,20.0
2024-03-06 04:00:00,2024-03-06 05:00:00,-359.82047010620516,2.740465893123398,3649.01458,3773.0155649999997,SHORT,stop_loss,-3.5982047010620515,1.0,20.0
2024-03-06 13:00:00,2024-03-06 20:00:00,-122.61258934367505,2.6110382563985755,3829.894095,3869.19363,SHORT,stop_loss,-1.2261258934367505,1.0,20.0
2024-03-07 02:00:00,2024-03-07 13:00:00,30.17605266912606,2.6404015677959918,3787.302705,3806.3058950000004,LONG,signal_reverse,0.30176052669126063,1.0,20.0
2024-03-07 13:00:00,2024-03-07 17:00:00,-173.917174857014,2.6272192188063754,3806.305895,3864.89148,SHORT,stop_loss,-1.7391717485701401,1.0,20.000000000000004
2024-03-08 00:00:00,2024-03-08 13:00:00,-200.06342991866737,2.55791483366543,3909.4343049999998,3979.82892,SHORT,stop_loss,-2.000634299186674,1.0,20.0
2024-03-08 15:00:00,2024-03-08 16:00:00,-18.722284939220447,2.557450507460135,3910.144095,3910.6437,LONG,stop_loss,-0.18722284939220446,1.0,20.0
2024-03-08 21:00:00,2024-03-09 03:00:00,13.009402907421284,2.551952453461188,3918.5683050000002,3931.503265,LONG,signal_reverse,0.13009402907421286,1.0,20.0
2024-03-09 03:00:00,2024-03-09 10:00:00,15.59831712361503,2.543556325903242,3931.503265,3917.507775,SHORT,signal_reverse,0.15598317123615033,1.0,19.999999999999996
2024-03-09 10:00:00,2024-03-10 00:00:00,-27.596717532998547,2.552643306496054,3917.507775,3914.531755,LONG,signal_reverse,-0.2759671753299855,1.0,20.0
2024-03-10 00:00:00,2024-03-10 12:00:00,-77.82516637165405,2.5545839517656432,3914.531755,3937.1675999999998,SHORT,signal_reverse,-0.7782516637165404,1.0,19.999999999999996
2024-03-10 12:00:00,2024-03-10 14:00:00,-109.20016511362009,2.5398969553645623,3937.1675999999998,3902.0480000000002,LONG,stop_loss,-1.092001651136201,1.0,20.0
2024-03-10 18:00:00,2024-03-10 22:00:00,-216.2707746012657,2.562124781149386,3903.01053,3826.4058400000004,LONG,stop_loss,-2.162707746012657,1.0,19.999999999999996
2024-03-11 00:00:00,2024-03-11 06:00:00,113.42316287064905,2.6093818935180897,3832.3252049999996,3883.4573000000005,LONG,signal_reverse,1.1342316287064904,1.0,20.0
2024-03-11 06:00:00,2024-03-11 07:00:00,-331.9488400194327,2.5750250942633,3883.4573,4004.6013,SHORT,stop_loss,-3.319488400194327,1.0,20.0
2024-03-11 16:00:00,2024-03-12 03:00:00,7.265055335110624,2.4735346693426714,4042.79759,4031.77488,SHORT,signal_reverse,0.07265055335110623,1.0,20.0
2024-03-12 03:00:00,2024-03-12 08:00:00,-134.98306919358652,2.4802972134198122,4031.7748800000004,3985.416295,LONG,stop_loss,-1.3498306919358651,1.0,19.999999999999996
2024-03-12 14:00:00,2024-03-12 16:00:00,-168.17160206720894,2.5112756118015165,3982.0400250000002,3923.0375000000004,LONG,stop_loss,-1.6817160206720896,1.0,20.000000000000004
2024-03-12 20:00:00,2024-03-13 01:00:00,152.6840847028095,2.5296951202460662,3953.045535,4021.3083400000005,LONG,signal_reverse,1.5268408470280952,1.0,20.0
2024-03-13 01:00:00,2024-03-13 08:00:00,-137.46155978678323,2.4867528561612366,4021.30834,4068.543255,SHORT,stop_loss,-1.3746155978678323,1.0,20.000000000000004
2024-03-13 12:00:00,2024-03-13 13:00:00,-107.26074857423544,2.492886110113614,4011.4147049999997,3976.4108,LONG,stop_loss,-1.0726074857423544,1.0,20.0
2024-03-14 00:00:00,2024-03-14 12:00:00,-108.9890097428536,2.5121908457122166,3980.5893,3945.16643,LONG,stop_loss,-1.089890097428536,1.0,20.0
2024-03-15 00:00:00,2024-03-15 02:00:00,371.4910262691978,2.5638600886781773,3900.36884,3747.6729,SHORT,signal_reverse,3.7149102626919777,1.0,20.0
2024-03-15 02:00:00,2024-03-15 03:00:00,-95.70959568002786,2.6683225208902304,3747.6729,3719.2994200000003,LONG,stop_loss,-0.9570959568002786,1.0,20.0
2024-03-15 08:00:00,2024-03-15 09:00:00,25.1526927676104,2.731449648901716,3661.059615,3677.590285,LONG,stop_loss,0.251526927676104,1.0,20.000000000000004
2024-03-15 16:00:00,2024-03-15 18:00:00,247.73343475614527,2.7138135651954856,3684.851505,3783.5073,LONG,signal_reverse,2.477334347561453,1.0,20.0
2024-03-15 18:00:00,2024-03-15 20:00:00,383.5747466378623,2.643050272428442,3783.5073,3630.8145,SHORT,signal_reverse,3.835747466378623,1.0,20.0
2024-03-15 20:00:00,2024-03-15 23:00:00,282.8361267148189,2.7542029481263777,3630.8145,3740.76868,LONG,signal_reverse,2.8283612671481886,1.0,20.0
2024-03-15 23:00:00,2024-03-16 10:00:00,82.94267915010477,2.673247360486348,3740.7686799999997,3702.2602049999996,SHORT,signal_reverse,0.8294267915010476,1.0,19.999999999999996
2024-03-16 10:00:00,2024-03-16 13:00:00,-175.69792993520767,2.7010527208473185,3702.260205,3644.6167800000003,LONG,stop_loss,-1.7569792993520768,1.0,20.000000000000004
2024-03-16 16:00:00,2024-03-16 18:00:00,-215.78553616528225,2.728765052910079,3664.661415,3592.9126450000003,LONG,stop_loss,-2.1578553616528224,1.0,20.0
2024-03-17 05:00:00,2024-03-17 06:00:00,-310.318864858018,2.820435382205053,3545.55189,3442.61783,LONG,stop_loss,-3.10318864858018,1.0,20.0
2024-03-17 10:00:00,2024-03-17 17:00:00,-171.8920392540078,2.786171487002221,3589.154525,3643.670925,SHORT,stop_loss,-1.718920392540078,1.0,20.0
2024-03-17 21:00:00,2024-03-18 00:00:00,137.87404670502943,2.7502893235611157,3635.9811,3578.5783949999995,SHORT,signal_reverse,1.3787404670502943,1.0,20.000000000000004
2024-03-18 00:00:00,2024-03-18 05:00:00,120.82745838519025,2.7944057377566547,3578.578395,3628.9746050000003,LONG,signal_reverse,1.2082745838519027,1.0,20.0
2024-03-18 05:00:00,2024-03-18 08:00:00,64.58688291096554,2.7555993327211508,3628.974605,3598.2782399999996,SHORT,signal_reverse,0.6458688291096555,1.0,20.000000000000004
2024-03-18 08:00:00,2024-03-18 13:00:00,-176.18626813028274,2.779106931986449,3598.27824,3542.078075,LONG,stop_loss,-1.7618626813028275,1.0,20.0
2024-03-18 13:00:00,2024-03-18 14:00:00,-120.90676828156154,2.820379671473292,3545.621925,3509.8442,LONG,stop_loss,-1.2090676828156155,1.0,20.000000000000004
2024-03-19 00:00:00,2024-03-19 01:00:00,-217.87113790940685,2.8914031759866425,3458.5284,3390.094105,LONG,stop_loss,-2.1787113790940684,1.0,20.000000000000004
2024-03-19 14:00:00,2024-03-19 19:00:00,203.01536106091436,3.0682670047798726,3259.1687699999998,3331.8532400000004,LONG,signal_reverse,2.0301536106091436,1.0,20.0
2024-03-19 19:00:00,2024-03-19 20:00:00,136.1117379827937,3.001332675745346,3331.85324,3279.8390999999997,SHORT,signal_reverse,1.361117379827937,1.0,20.0
2024-03-19 20:00:00,2024-03-19 22:00:00,-242.70391251814567,3.0489300526967926,3279.8390999999997,3206.7958000000003,LONG,stop_loss,-2.427039125181457,1.0,20.0
2024-03-19 22:00:00,2024-03-19 23:00:00,-189.38546373241496,3.1152607214657224,3210.0042000000003,3155.6313950000003,LONG,stop_loss,-1.8938546373241498,1.0,20.0
2024-03-20 01:00:00,2024-03-20 04:00:00,-168.7275750523225,3.1510096149907394,3173.586,3126.386025,LONG,stop_loss,-1.687275750523225,1.0,20.0
2024-03-20 09:00:00,2024-03-20 11:00:00,-211.88407527200133,3.0942668711729526,3231.7833,3293.7960749999997,SHORT,stop_loss,-2.1188407527200135,1.0,20.0
2024-03-20 16:00:00,2024-03-20 18:00:00,443.329659854856,3.0842871113399983,3242.2403099999997,3392.46292,LONG,signal_reverse,4.4332965985485595,1.0,20.0
2024-03-20 18:00:00,2024-03-20 20:00:00,-228.367170598286,2.94771092148002,3392.46292,3463.15071,SHORT,stop_loss,-2.28367170598286,1.0,20.0
2024-03-21 07:00:00,2024-03-21 08:00:00,-185.54814095882838,2.844746674376992,3515.2514950000004,3573.4458299999997,SHORT,stop_loss,-1.855481409588284,1.0,20.0
2024-03-21 10:00:00,2024-03-21 15:00:00,97.44798460041511,2.8245962850429476,3540.32895,3498.7484999999997,SHORT,signal_reverse,0.974479846004151,1.0,20.0
2024-03-21 15:00:00,2024-03-21 18:00:00,-246.6498435083294,2.8581648552332353,3498.7485,3419.44942,LONG,stop_loss,-2.466498435083294,1.0,20.0
2024-03-22 01:00:00,2024-03-22 03:00:00,139.27088207718506,2.8864932649712434,3464.4113399999997,3519.589325,LONG,signal_reverse,1.3927088207718505,1.0,20.0
2024-03-22 03:00:00,2024-03-22 08:00:00,79.01105436498699,2.841240575702678,3519.589325,3484.7414999999996,SHORT,signal_reverse,0.7901105436498699,1.0,20.0
2024-03-22 08:00:00,2024-03-22 10:00:00,-172.08654644827945,2.869653315748098,3484.7415,3431.7432700000004,LONG,stop_loss,-1.7208654644827945,1.0,20.0
2024-03-22 20:00:00,2024-03-22 21:00:00,-97.54427933114358,3.013065910235265,3318.8786099999998,3293.142605,LONG,stop_loss,-0.9754427933114358,1.0,20.0
2024-03-23 03:00:00,2024-03-23 07:00:00,152.51141998220245,3.0241424534883143,3306.7225350000003,3363.767275,LONG,signal_reverse,1.5251141998220246,1.0,20.0
2024-03-23 07:00:00,2024-03-23 14:00:00,-176.84835093117567,2.9728572705732152,3363.7672749999997,3416.52741,SHORT,stop_loss,-1.7684835093117568,1.0,20.000000000000004
2024-03-23 22:00:00,2024-03-23 23:00:00,-171.45283917262594,2.9589922846406655,3379.52892,3328.3449950000004,LONG,stop_loss,-1.7145283917262593,1.0,20.000000000000004
2024-03-24 01:00:00,2024-03-24 04:00:00,-116.92110128173383,2.981473554157395,3354.0461849999997,3321.5384,LONG,stop_loss,-1.1692110128173383,1.0,20.0
2024-03-24 08:00:00,2024-03-24 20:00:00,-138.38996722073523,2.962286008198654,3375.77127,3415.737015,SHORT,stop_loss,-1.3838996722073522,1.0,20.000000000000004
2024-03-24 20:00:00,2024-03-24 23:00:00,-150.01259023550435,2.93055494569486,3412.3229850000002,3456.68748,SHORT,stop_loss,-1.5001259023550433,1.0,19.999999999999996
2024-03-25 02:00:00,2024-03-25 05:00:00,-166.02338961419983,2.9074082957014027,3439.489395,3489.7139849999994,SHORT,stop_loss,-1.6602338961419982,1.0,19.999999999999996
2024-03-25 11:00:00,2024-03-25 13:00:00,113.04782116142027,2.90823777383856,3438.508395,3484.257,LONG,signal_reverse,1.1304782116142027,1.0,20.0
2024-03-25 13:00:00,2024-03-25 14:00:00,-251.59768352334436,2.870052352624964,3484.257,3564.951585,SHORT,stop_loss,-2.5159768352334435,1.0,20.0
2024-03-25 22:00:00,2024-03-26 07:00:00,-98.72610870821116,2.7696275332882916,3610.5938,3639.0185999999994,SHORT,stop_loss,-0.9872610870821116,1.0,20.0
2024-03-26 08:00:00,2024-03-26 13:00:00,94.91460015722174,2.7380959226192187,3652.173,3610.2041999999997,SHORT,signal_reverse,0.9491460015722174,1.0,20.0
2024-03-26 13:00:00,2024-03-26 14:00:00,-72.04914724768226,2.7699264213364994,3610.2042,3591.413395,LONG,stop_loss,-0.7204914724768225,1.0,20.0
2024-03-26 22:00:00,2024-03-27 07:00:00,83.28637204103931,2.774681626162877,3604.0170900000003,3566.792505,SHORT,signal_reverse,0.8328637204103931,1.0,20.0
2024-03-27 07:00:00,2024-03-27 14:00:00,-51.79641087644386,2.8036394003805385,3566.7925050000003,3555.4513850000003,LONG,stop_loss,-0.5179641087644387,1.0,20.0
2024-03-28 01:00:00,2024-03-28 05:00:00,75.82992829489281,2.8607908599974885,3495.536895,3529.0346000000004,LONG,signal_reverse,0.758299282948928,1.0,20.000000000000004
2024-03-28 05:00:00,2024-03-28 08:00:00,-150.7782587339886,2.8336361451372567,3529.0346,3575.1866999999997,SHORT,stop_loss,-1.507782587339886,1.0,20.0
2024-03-28 17:00:00,2024-03-29 06:00:00,30.112248219312473,2.812783881092194,3555.19671,3573.0126000000005,LONG,signal_reverse,0.3011224821931247,1.0,20.0
2024-03-29 06:00:00,2024-03-29 07:00:00,124.14369823381054,2.7987586721636526,3573.0126,3521.5098749999997,SHORT,signal_reverse,1.2414369823381055,1.0,20.0
2024-03-29 07:00:00,2024-03-29 22:00:00,-18.840596748291166,2.8396910288374526,3521.509875,3521.91816,LONG,signal_reverse,-0.18840596748291163,1.0,20.0
2024-03-29 22:00:00,2024-03-30 03:00:00,59.76369331648466,2.8393618323033376,3521.9181599999997,3493.82604,SHORT,signal_reverse,0.5976369331648466,1.0,19.999999999999996
2024-03-30 03:00:00,2024-03-30 09:00:00,40.608569967612176,2.8621917306449522,3493.82604,3515.0016200000005,LONG,signal_reverse,0.4060856996761218,1.0,20.0
2024-03-30 09:00:00,2024-03-30 18:00:00,-57.95636941982347,2.844948902185712,3515.00162,3528.34329,SHORT,signal_reverse,-0.5795636941982347,1.0,19.999999999999996
2024-03-30 18:00:00,2024-03-31 01:00:00,-37.700148445587715,2.8341913408318047,3528.34329,3522.0980700000005,LONG,signal_reverse,-0.37700148445587717,1.0,20.0
2024-03-31 01:00:00,2024-03-31 05:00:00,-257.14228945362623,2.8392167967089,3522.09807,3605.62191,SHORT,stop_loss,-2.5714228945362625,1.0,20.0
2024-03-31 23:00:00,2024-04-01 01:00:00,64.12798284583941,2.7446307577567346,3643.47735,3612.8255099999997,SHORT,signal_reverse,0.6412798284583942,1.0,20.0
2024-04-01 01:00:00,2024-04-01 05:00:00,-299.3446285204072,2.767916682474931,3612.82551,3511.90317,LONG,stop_loss,-2.993446285204072,1.0,20.0
2024-04-01 14:00:00,2024-04-01 15:00:00,-210.99151281788644,2.8490725904036944,3509.91408,3442.8777,LONG,stop_loss,-2.1099151281788644,1.0,20.0
2024-04-01 22:00:00,2024-04-02 02:00:00,357.3025794567079,2.8539813104208442,3503.8771850000003,3371.6749949999994,SHORT,signal_reverse,3.573025794567079,1.0,20.0
2024-04-02 02:00:00,2024-04-02 09:00:00,-96.36796262446396,2.9658849132343494,3371.674995,3345.9262,LONG,stop_loss,-0.9636796262446395,1.0,20.0
2024-04-02 20:00:00,2024-04-02 22:00:00,51.860753608526785,3.054707365143834,3273.636,3297.1605950000003,LONG,signal_reverse,0.5186075360852679,1.0,20.0
2024-04-02 22:00:00,2024-04-03 08:00:00,-174.65623687644435,3.0329126264473025,3297.160595,3348.1532399999996,SHORT,stop_loss,-1.7465623687644434,1.0,20.0
2024-04-03 08:00:00,2024-04-03 20:00:00,86.20328033539421,2.9897093367510417,3344.80676,3309.283815,SHORT,signal_reverse,0.8620328033539422,1.0,20.0
2024-04-03 20:00:00,2024-04-04 04:00:00,-92.90766325522907,3.0218018637969255,3309.2838150000002,3285.1566000000003,LONG,stop_loss,-0.9290766325522906,1.0,20.0
2024-04-04 07:00:00,2024-04-04 13:00:00,-168.02000313781846,3.0119220004969067,3320.1391000000003,3369.2837999999997,SHORT,stop_loss,-1.6802000313781846,1.0,20.0
2024-04-04 20:00:00,2024-04-05 02:00:00,-200.30921107507822,3.0047506309375374,3328.0632,3268.055155,LONG,stop_loss,-2.0030921107507824,1.0,20.0
2024-04-05 05:00:00,2024-04-05 12:00:00,-65.40984337587506,3.051899841145713,3276.6475050000004,3261.7683,LONG,stop_loss,-0.6540984337587507,1.0,19.999999999999996
2024-04-05 14:00:00,2024-04-06 13:00:00,-29.070305205918704,3.0136457427183427,3318.24005,3321.249795,SHORT,signal_reverse,-0.29070305205918706,1.0,20.0
2024-04-06 13:00:00,2024-04-06 16:00:00,32.72108718338668,3.0109147511441545,3321.249795,3338.759785,LONG,signal_reverse,0.3272108718338668,1.0,20.0
2024-04-06 16:00:00,2024-04-06 23:00:00,-65.27523982980931,2.995124131100076,3338.7597849999997,3353.8760999999995,SHORT,stop_loss,-0.6527523982980932,1.0,20.0
2024-04-07 01:00:00,2024-04-07 09:00:00,-12.788277028386283,2.951650327985835,3387.9351850000003,3385.4919,SHORT,stop_loss,-0.12788277028386283,1.0,20.0
2024-04-07 12:00:00,2024-04-07 17:00:00,18.393870679696406,2.9407103852904637,3400.5388799999996,3387.4828949999996,SHORT,signal_reverse,0.18393870679696406,1.0,20.0
2024-04-07 17:00:00,2024-04-07 20:00:00,17.125574917479394,2.9520444264855836,3387.482895,3400.0591200000003,LONG,signal_reverse,0.17125574917479394,1.0,20.0
2024-04-07 20:00:00,2024-04-07 23:00:00,-184.5207128045446,2.9411253296089743,3400.0591200000003,3455.9971349999996,SHORT,stop_loss,-1.8452071280454458,1.0,20.0
2024-04-08 05:00:00,2024-04-08 08:00:00,-516.9578620697916,2.9179226907442017,3427.095595,3597.407805,SHORT,stop_loss,-5.169578620697917,1.0,20.0
2024-04-09 02:00:00,2024-04-09 06:00:00,141.0330201591831,2.699392805735669,3704.5368049999997,3644.8815299999997,SHORT,signal_reverse,1.410330201591831,1.0,20.0
2024-04-09 06:00:00,2024-04-09 08:00:00,-67.5905865725074,2.743573396746313,3644.88153,3627.5353250000003,LONG,stop_loss,-0.675905865725074,1.0,20.0
2024-04-10 02:00:00,2024-04-10 05:00:00,126.37893690618499,2.874373791800092,3479.0186400000002,3529.9441450000004,LONG,signal_reverse,1.2637893690618498,1.0,20.0
2024-04-10 05:00:00,2024-04-10 12:00:00,235.91113142103399,2.8329060147210914,3529.944145,3439.6089449999995,SHORT,signal_reverse,2.35911131421034,1.0,20.0
2024-04-10 12:00:00,2024-04-10 16:00:00,230.6891230334332,2.907307243323848,3439.608945,3525.8362,LONG,signal_reverse,2.306891230334332,1.0,20.0
2024-04-10 16:00:00,2024-04-11 04:00:00,-127.47741202498221,2.836206628090097,3525.8361999999997,3563.7309749999995,SHORT,stop_loss,-1.2747741202498222,1.0,20.0
2024-04-11 11:00:00,2024-04-12 03:00:00,4.459646640338567,2.8371921877884736,3524.611425,3533.2325,LONG,signal_reverse,0.044596466403385666,1.0,20.0
2024-04-12 03:00:00,2024-04-12 07:00:00,22.692647596783722,2.8302694487271927,3533.2325,3518.1481949999998,SHORT,signal_reverse,0.22692647596783722,1.0,20.000000000000004
2024-04-12 07:00:00,2024-04-12 13:00:00,-185.05586684076485,2.842404425774907,3518.1481949999998,3460.079095,LONG,stop_loss,-1.8505586684076485,1.0,20.0
2024-04-13 10:00:00,2024-04-13 16:00:00,61.995012951670994,3.0539368460213745,3274.46195,3247.6129949999995,SHORT,signal_reverse,0.6199501295167099,1.0,20.0
2024-04-13 16:00:00,2024-04-13 17:00:00,-188.46294519769205,3.0791846243366816,3247.612995,3192.90275,LONG,stop_loss,-1.8846294519769207,1.0,20.0
2024-04-13 19:00:00,2024-04-13 20:00:00,-586.1963303692199,3.2379818902263264,3088.3434,2913.48253,LONG,stop_loss,-5.861963303692199,1.0,20.0
2024-04-14 05:00:00,2024-04-14 11:00:00,118.43294065626351,3.2543049194313753,3072.852805,3030.3144,SHORT,signal_reverse,1.184329406562635,1.0,20.0
2024-04-14 11:00:00,2024-04-14 16:00:00,146.10324328063058,3.2999876184464556,3030.3144,3080.648905,LONG,signal_reverse,1.4610324328063058,1.0,20.0
2024-04-14 16:00:00,2024-04-14 22:00:00,-271.0162546419745,3.246069353690274,3080.648905,3157.9782,SHORT,stop_loss,-2.7101625464197454,1.0,20.0
2024-04-14 22:00:00,2024-04-15 06:00:00,-306.95777682276525,3.1697511409360746,3154.8218,3245.3518649999996,SHORT,stop_loss,-3.069577768227653,1.0,20.000000000000004
2024-04-15 12:00:00,2024-04-15 13:00:00,85.50255478306134,3.093511049521094,3232.572905,3198.4684349999998,SHORT,signal_reverse,0.8550255478306134,1.0,20.000000000000004
2024-04-15 13:00:00,2024-04-15 14:00:00,-237.0843214840093,3.1264963851362815,3198.4684349999998,3129.0347,LONG,stop_loss,-2.370843214840093,1.0,19.999999999999996
2024-04-16 00:00:00,2024-04-16 04:00:00,-210.08967364183826,3.241899307751892,3084.611535,3025.976255,LONG,stop_loss,-2.1008967364183824,1.0,20.000000000000004
2024-04-16 07:00:00,2024-04-16 10:00:00,148.6369695368251,3.218905637105278,3106.6459,3054.2563649999997,SHORT,signal_reverse,1.4863696953682508,1.0,20.0
2024-04-16 10:00:00,2024-04-16 16:00:00,-10.131034727335017,3.274119394361972,3054.256365,3057.2706000000003,LONG,stop_loss,-0.10131034727335017,1.0,20.0
2024-04-16 21:00:00,2024-04-17 07:00:00,52.674323259090386,3.224268699062086,3101.478485,3078.9386999999997,SHORT,signal_reverse,0.5267432325909038,1.0,20.0
2024-04-17 07:00:00,2024-04-17 12:00:00,-174.74522113740053,3.2478723918732126,3078.9387,3031.293595,LONG,stop_loss,-1.7474522113740054,1.0,20.0
2024-04-17 20:00:00,2024-04-18 03:00:00,150.25766696964922,3.3633502590235436,2973.2258699999998,3023.8473200000003,LONG,signal_reverse,1.5025766696964922,1.0,20.0
2024-04-18 03:00:00,2024-04-18 05:00:00,106.18104011944806,3.3070452776696406,3023.8473200000003,2985.6920999999998,SHORT,signal_reverse,1.0618104011944807,1.0,20.0
2024-04-18 05:00:00,2024-04-18 09:00:00,49.71212805232223,3.349307184086397,2985.6920999999998,3006.5059950000004,LONG,signal_reverse,0.4971212805232223,1.0,20.0
2024-04-18 09:00:00,2024-04-18 11:00:00,-160.4208242731256,3.3261200931016264,3006.5059950000004,3048.7236,SHORT,stop_loss,-1.6042082427312558,1.0,20.0
2024-04-18 13:00:00,2024-04-18 15:00:00,-93.32208972866097,3.27903857539677,3049.6744,3072.03525,SHORT,stop_loss,-0.9332208972866096,1.0,20.0
2024-04-18 19:00:00,2024-04-19 00:00:00,47.30140884152777,3.2629973587015284,3064.6668999999997,3044.04126,SHORT,signal_reverse,0.4730140884152777,1.0,20.0
2024-04-19 00:00:00,2024-04-19 01:00:00,-358.7354217399794,3.2851065888640423,3044.04126,2940.9288,LONG,stop_loss,-3.587354217399794,1.0,20.000000000000004
2024-04-19 06:00:00,2024-04-19 16:00:00,89.31528908784244,3.2232611150936297,3102.448,3068.5335,SHORT,signal_reverse,0.8931528908784245,1.0,20.0
2024-04-19 16:00:00,2024-04-19 19:00:00,93.1292847218391,3.2588857185362325,3068.5335,3103.2476,LONG,signal_reverse,0.931292847218391,1.0,20.0
2024-04-19 19:00:00,2024-04-19 23:00:00,121.65392410196364,3.222430591745241,3103.2476,3059.28888,SHORT,signal_reverse,1.2165392410196363,1.0,20.0
2024-04-19 23:00:00,2024-04-20 13:00:00,-14.14957177891586,3.2687334842337608,3059.28888,3061.078695,LONG,signal_reverse,-0.1414957177891586,1.0,20.0
2024-04-20 13:00:00,2024-04-20 15:00:00,-188.165572103986,3.26682225332335,3061.078695,3112.5555,SHORT,stop_loss,-1.88165572103986,1.0,20.0
2024-04-21 01:00:00,2024-04-21 03:00:00,-85.91262120016665,3.1749817533798637,3149.6243999999997,3170.3844,SHORT,stop_loss,-0.8591262120016665,1.0,20.0
2024-04-21 12:00:00,2024-04-22 03:00:00,71.59462338368445,3.1643974503576366,3160.15929,3189.10465,LONG,signal_reverse,0.7159462338368444,1.0,20.0
2024-04-22 03:00:00,2024-04-22 14:00:00,-14.224664279989153,3.1356763410068718,3189.1046499999998,3187.262835,SHORT,signal_reverse,-0.14224664279989152,1.0,20.0
2024-04-22 14:00:00,2024-04-22 22:00:00,75.18374094178021,3.137488345858367,3187.262835,3217.6003950000004,LONG,signal_reverse,0.7518374094178021,1.0,20.0
2024-04-22 22:00:00,2024-04-23 03:00:00,74.09972116814181,3.107906132638326,3217.600395,3187.3228649999996,SHORT,signal_reverse,0.7409972116814182,1.0,20.0
2024-04-23 03:00:00,2024-04-23 13:00:00,41.7534866521914,3.1374292544410936,3187.322865,3207.0056950000003,LONG,signal_reverse,0.417534866521914,1.0,20.0
2024-04-23 13:00:00,2024-04-23 14:00:00,-156.6349460130883,3.1181734462121056,3207.0056950000003,3250.8245999999995,SHORT,stop_loss,-1.566349460130883,1.0,20.0
2024-04-24 00:00:00,2024-04-24 11:00:00,-193.1090138568382,3.0981090860040523,3227.7753049999997,3283.651005,SHORT,stop_loss,-1.931090138568382,1.0,20.0
2024-04-24 13:00:00,2024-04-24 14:00:00,-134.7866632004107,3.078217344187614,3248.6335050000002,3211.3435249999998,LONG,stop_loss,-1.3478666320041068,1.0,20.0
2024-04-25 07:00:00,2024-04-25 10:00:00,-198.22625333375316,3.1877918283953,3136.9677,3081.0587,LONG,stop_loss,-1.9822625333375317,1.0,20.0
2024-04-25 15:00:00,2024-04-26 00:00:00,10.813225906884213,3.1675333457598835,3157.030695,3147.3028649999997,SHORT,signal_reverse,0.10813225906884213,1.0,20.0
2024-04-26 00:00:00,2024-04-26 17:00:00,-35.39375207221961,3.1773237050702456,3147.302865,3142.4579850000005,LONG,signal_reverse,-0.35393752072219614,1.0,20.0
2024-04-26 17:00:00,2024-04-27 00:00:00,86.61808418736896,3.182222339243145,3142.457985,3108.9537,SHORT,signal_reverse,0.8661808418736896,1.0,20.0
2024-04-27 00:00:00,2024-04-27 12:00:00,60.37606028034499,3.2165162189452996,3108.9537,3133.942245,LONG,signal_reverse,0.6037606028034498,1.0,20.0
2024-04-27 12:00:00,2024-04-27 17:00:00,-414.3458281567645,3.190869268875119,3133.942245,3257.5279499999997,SHORT,stop_loss,-4.1434582815676455,1.0,19.999999999999996
2024-04-28 11:00:00,2024-04-28 13:00:00,55.76916607453713,3.0428039755085923,3286.4424000000004,3311.3435000000004,LONG,signal_reverse,0.5576916607453714,1.0,20.0
2024-04-28 13:00:00,2024-04-28 18:00:00,-119.71132562961184,3.019922276260376,3311.3435,3344.361345,SHORT,stop_loss,-1.1971132562961184,1.0,20.0
2024-04-28 21:00:00,2024-04-28 23:00:00,-156.87399424204284,3.0246000232256005,3306.2222850000003,3260.9687,LONG,stop_loss,-1.5687399424204285,1.0,19.999999999999996
2024-04-29 22:00:00,2024-04-30 01:00:00,99.2104018395131,3.1128182435839946,3212.522935,3174.2263199999998,SHORT,signal_reverse,0.992104018395131,1.0,20.0
2024-04-30 01:00:00,2024-04-30 08:00:00,-363.89362633726734,3.150373978374674,3174.2263199999998,3065.0667,LONG,stop_loss,-3.638936263372673,1.0,20.0
2024-04-30 23:00:00,2024-05-01 06:00:00,172.10082824022587,3.3219014689576194,3010.3240849999997,2952.4955099999997,SHORT,signal_reverse,1.7210082824022588,1.0,20.0
2024-05-01 06:00:00,2024-05-01 07:00:00,-316.45670824407125,3.3869653539286837,2952.49551,2864.9668,LONG,stop_loss,-3.164567082440713,1.0,20.0
2024-05-01 13:00:00,2024-05-01 18:00:00,317.793379879272,3.462312075221915,2888.2434000000003,2985.8063500000003,LONG,signal_reverse,3.1779337987927194,1.0,20.000000000000004
2024-05-01 18:00:00,2024-05-02 01:00:00,251.13161575264442,3.349179024955854,2985.8063500000003,2904.8516999999997,SHORT,signal_reverse,2.511316157526444,1.0,19.999999999999996
2024-05-02 01:00:00,2024-05-02 08:00:00,95.93810451666099,3.442516531911078,2904.8517,2938.53,LONG,signal_reverse,0.9593810451666098,1.0,20.0
2024-05-02 08:00:00,2024-05-02 11:00:00,-213.82818960500504,3.4030620752553142,2938.53,2995.4869949999998,SHORT,stop_loss,-2.1382818960500503,1.0,20.0
2024-05-02 14:00:00,2024-05-03 02:00:00,-100.00129381605495,3.3442309110647472,2990.22414,3014.14632,SHORT,stop_loss,-1.0000129381605496,1.0,20.0
2024-05-03 06:00:00,2024-05-03 12:00:00,143.90265312312818,3.3510140205287273,2984.17134,3033.0827,LONG,signal_reverse,1.4390265312312818,1.0,20.0
2024-05-03 12:00:00,2024-05-03 15:00:00,-168.51423273094417,3.2969757138504665,3033.0827,3078.128295,SHORT,stop_loss,-1.6851423273094417,1.0,20.0
2024-05-04 03:00:00,2024-05-04 07:00:00,19.5943821873352,3.2149544351420056,3110.46399,3098.1483,SHORT,signal_reverse,0.195943821873352,1.0,20.0
2024-05-04 07:00:00,2024-05-04 10:00:00,193.89776596556254,3.2277344502843848,3098.1483,3164.4170000000004,LONG,signal_reverse,1.9389776596556254,1.0,20.0
2024-05-04 10:00:00,2024-05-04 22:00:00,153.9438575889338,3.1601397666615996,3164.417,3109.37391,SHORT,signal_reverse,1.539438575889338,1.0,19.999999999999996
2024-05-04 22:00:00,2024-05-05 07:00:00,-35.2345942852526,3.2160815294163188,3109.3739100000003,3104.6369050000003,LONG,signal_reverse,-0.352345942852526,1.0,20.0
2024-05-05 07:00:00,2024-05-05 08:00:00,-189.49143043186209,3.220988574829816,3104.636905,3157.2578399999998,SHORT,stop_loss,-1.894914304318621,1.0,20.0
2024-05-05 22:00:00,2024-05-06 00:00:00,21.63861652728989,3.190824505893407,3133.98621,3147.0356950000005,LONG,signal_reverse,0.2163861652728989,1.0,20.0
2024-05-06 00:00:00,2024-05-06 02:00:00,19.36769773436046,3.177593446394004,3147.035695,3134.6465399999997,SHORT,signal_reverse,0.1936769773436046,1.0,20.0
2024-05-06 02:00:00,2024-05-06 04:00:00,16.94056044992104,3.1901523417054864,3134.6465399999997,3146.2261000000003,LONG,signal_reverse,0.1694056044992104,1.0,20.0
2024-05-06 04:00:00,2024-05-06 08:00:00,-190.78581860343576,3.1784111129203327,3146.2261000000003,3199.95918,SHORT,stop_loss,-1.9078581860343575,1.0,19.999999999999996
2024-05-06 10:00:00,2024-05-06 12:00:00,-167.67167788211273,3.1767884722656814,3147.8331300000004,3101.34855,LONG,stop_loss,-1.6767167788211275,1.0,20.0
2024-05-06 23:00:00,2024-05-07 01:00:00,72.78792763011636,3.26354640756954,3064.1513099999997,3092.5829350000004,LONG,signal_reverse,0.7278792763011636,1.0,20.0
2024-05-07 01:00:00,2024-05-07 03:00:00,114.76839870100383,3.233543031886387,3092.582935,3050.90469,SHORT,signal_reverse,1.1476839870100384,1.0,20.0
2024-05-07 03:00:00,2024-05-07 08:00:00,198.5769198840493,3.2777162894590455,3050.9046900000003,3117.5904250000003,LONG,signal_reverse,1.9857691988404929,1.0,20.0
2024-05-07 08:00:00,2024-05-07 11:00:00,148.87632056414256,3.2076054377797236,3117.590425,3064.9417049999997,SHORT,signal_reverse,1.4887632056414255,1.0,20.0
2024-05-07 11:00:00,2024-05-07 23:00:00,-217.21322888912638,3.2627047958812647,3064.9417049999997,3004.4970000000003,LONG,stop_loss,-2.1721322888912638,1.0,20.0
2024-05-08 04:00:00,2024-05-08 13:00:00,19.28611260209008,3.3180193798676854,3013.8461700000003,3025.6864,LONG,signal_reverse,0.19286112602090077,1.0,20.0
2024-05-08 13:00:00,2024-05-08 19:00:00,64.79773382991534,3.3050351814385,3025.6863999999996,3000.029265,SHORT,signal_reverse,0.6479773382991534,1.0,20.0
2024-05-08 19:00:00,2024-05-08 20:00:00,-188.04772736108546,3.3333008169838636,3000.029265,2949.6144550000004,LONG,stop_loss,-1.8804772736108546,1.0,20.0
2024-05-09 02:00:00,2024-05-09 07:00:00,18.892393324142848,3.33831689519944,2995.52149,2983.87119,SHORT,signal_reverse,0.18892393324142848,1.0,20.000000000000004
2024-05-09 07:00:00,2024-05-09 15:00:00,44.13331468239432,3.3513511017209825,2983.8711900000003,3003.0077450000003,LONG,signal_reverse,0.4413331468239432,1.0,20.0
2024-05-09 15:00:00,2024-05-09 22:00:00,-193.68944547960055,3.3299947416552533,3003.0077450000003,3055.16682,SHORT,stop_loss,-1.9368944547960054,1.0,20.000000000000004
2024-05-10 01:00:00,2024-05-10 13:00:00,23.397337950938496,3.29479337196763,3035.091695,3021.920205,SHORT,signal_reverse,0.233973379509385,1.0,20.0
2024-05-10 13:00:00,2024-05-10 14:00:00,-310.5040472436958,3.3091542203709516,3021.920205,2934.1322,LONG,stop_loss,-3.1050404724369582,1.0,20.000000000000004
2024-05-11 03:00:00,2024-05-11 15:00:00,14.279936336500285,3.433882742553552,2912.15535,2922.1382,LONG,signal_reverse,0.14279936336500285,1.0,20.0
2024-05-11 15:00:00,2024-05-11 22:00:00,-3.298873407151631,3.4221516285574722,2922.1382,2917.2579,SHORT,signal_reverse,-0.03298873407151631,1.0,20.0
2024-05-11 22:00:00,2024-05-12 04:00:00,10.776332802115698,3.427876568609172,2917.2579,2926.23615,LONG,signal_reverse,0.10776332802115698,1.0,20.0
2024-05-12 04:00:00,2024-05-12 07:00:00,40.39360493854724,3.417359190234869,2926.2361499999997,2908.563555,SHORT,signal_reverse,0.4039360493854724,1.0,20.0
2024-05-12 07:00:00,2024-05-12 10:00:00,45.94953019687476,3.4381232560001593,2908.563555,2927.7453950000004,LONG,signal_reverse,0.4594953019687476,1.0,20.0
2024-05-12 10:00:00,2024-05-12 20:00:00,-6.801499178859074,3.4155975506196636,2927.745395,2923.88121,SHORT,signal_reverse,-0.06801499178859073,1.0,20.0
2024-05-12 20:00:00,2024-05-13 02:00:00,-157.53556356005143,3.420111585176198,2923.88121,2883.6674450000005,LONG,stop_loss,-1.5753556356005145,1.0,20.0
2024-05-13 06:00:00,2024-05-13 08:00:00,-214.27841844435304,3.4285429128902303,2916.690925,2973.3559349999996,SHORT,stop_loss,-2.1427841844435305,1.0,20.0
2024-05-13 16:00:00,2024-05-13 17:00:00,89.68675078261148,3.362336630556634,2974.122195,2941.500015,SHORT,signal_reverse,0.8968675078261148,1.0,20.0
2024-05-13 17:00:00,2024-05-14 06:00:00,-113.78786285676779,3.3996260237992892,2941.500015,2913.912315,LONG,stop_loss,-1.1378786285676779,1.0,20.0
2024-05-14 06:00:00,2024-05-14 14:00:00,-108.36289895540988,3.428382160326348,2916.8276849999997,2891.05375,LONG,stop_loss,-1.0836289895540987,1.0,19.999999999999996
2024-05-14 23:00:00,2024-05-15 03:00:00,41.480583659265726,3.469740020811709,2882.06031,2899.7793850000003,LONG,signal_reverse,0.41480583659265724,1.0,20.0
2024-05-15 03:00:00,2024-05-15 12:00:00,-186.16388215339921,3.448538206640158,2899.779385,2947.9632449999995,SHORT,stop_loss,-1.861638821533992,1.0,20.0
2024-05-15 12:00:00,2024-05-15 15:00:00,-134.43690411194325,3.395566420130605,2945.0167549999996,2978.7186149999998,SHORT,stop_loss,-1.3443690411194327,1.0,20.0
2024-05-16 10:00:00,2024-05-16 14:00:00,-218.3788104947128,3.3329451285494853,3000.349425,2940.8288500000003,LONG,stop_loss,-2.183788104947128,1.0,19.999999999999996
2024-05-17 06:00:00,2024-05-17 07:00:00,-248.35901233291386,3.3789268832322277,2959.5195,3027.102795,SHORT,stop_loss,-2.483590123329139,1.0,20.0
2024-05-18 08:00:00,2024-05-18 14:00:00,9.703100143078549,3.208428335898993,3116.790825,3107.5329899999997,SHORT,signal_reverse,0.09703100143078548,1.0,20.0
2024-05-18 14:00:00,2024-05-18 19:00:00,16.35300103443052,3.217986754180846,3107.53299,3118.829805,LONG,signal_reverse,0.1635300103443052,1.0,20.0
2024-05-18 19:00:00,2024-05-19 06:00:00,2.074336948309581,3.2063307795662164,3118.829805,3111.945195,SHORT,signal_reverse,0.020743369483095807,1.0,20.0
2024-05-19 06:00:00,2024-05-19 15:00:00,-133.64035284689356,3.213424200422013,3111.945195,3076.5809400000003,LONG,stop_loss,-1.3364035284689357,1.0,20.0
2024-05-19 21:00:00,2024-05-20 02:00:00,45.57811843235487,3.256284513105157,3070.984725,3091.123665,LONG,signal_reverse,0.4557811843235487,1.0,19.999999999999996
2024-05-20 02:00:00,2024-05-20 05:00:00,-133.35242066415316,3.2350695357896653,3091.123665,3126.1623,SHORT,stop_loss,-1.3335242066415316,1.0,19.999999999999996
2024-05-20 06:00:00,2024-05-20 15:00:00,113.56326891166337,3.251020517284764,3075.95721,3117.0407,LONG,signal_reverse,1.1356326891166337,1.0,20.0
2024-05-20 15:00:00,2024-05-20 19:00:00,-1064.1945785308476,3.2081711348844433,3117.0407,3442.5204,SHORT,stop_loss,-10.641945785308476,1.0,20.0
2024-05-21 19:00:00,2024-05-21 22:00:00,242.9563949569578,2.6929093918392675,3713.4557999999997,3811.1034950000003,LONG,signal_reverse,2.429563949569578,1.0,20.0
2024-05-21 22:00:00,2024-05-22 04:00:00,135.41035576101638,2.6239119491558176,3811.1034950000003,3751.875,SHORT,signal_reverse,1.3541035576101639,1.0,20.0
2024-05-22 04:00:00,2024-05-22 11:00:00,-189.59532233882905,2.6653339996668333,3751.875,3688.2449550000006,LONG,stop_loss,-1.8959532233882903,1.0,20.0
2024-05-22 15:00:00,2024-05-23 07:00:00,-164.67113382278734,2.660055966513513,3759.3194,3813.7059,SHORT,stop_loss,-1.6467113382278735,1.0,20.0
2024-05-23 13:00:00,2024-05-23 18:00:00,-52.872473219704666,2.6430617989080347,3783.4908,3771.05353,LONG,stop_loss,-0.5287247321970467,1.0,20.0
2024-05-23 18:00:00,2024-05-23 20:00:00,-83.3482497541133,2.6491283982121696,3774.82647,3750.913605,LONG,stop_loss,-0.8334824975411329,1.0,19.999999999999996
2024-05-23 20:00:00,2024-05-23 21:00:00,206.41906379008753,2.6633524654325513,3754.6663949999997,3839.6792,LONG,signal_reverse,2.064190637900875,1.0,19.999999999999996
2024-05-23 21:00:00,2024-05-23 22:00:00,55.46151251385781,2.604384241266822,3839.6792,3810.7044,SHORT,stop_loss,0.5546151251385781,1.0,19.999999999999996
2024-05-24 05:00:00,2024-05-24 06:00:00,-183.6741994426429,2.6800780021158066,3731.234685,3670.164,LONG,stop_loss,-1.8367419944264292,1.0,20.0
2024-05-24 13:00:00,2024-05-24 18:00:00,105.10259889882346,2.7147054426505033,3683.6409000000003,3729.7242050000004,LONG,signal_reverse,1.0510259889882345,1.0,20.0
2024-05-24 18:00:00,2024-05-25 00:00:00,25.227754313271856,2.681163391811701,3729.724205,3712.8554999999997,SHORT,signal_reverse,0.25227754313271855,1.0,20.0
2024-05-25 00:00:00,2024-05-25 03:00:00,59.62161468443904,2.693344785435361,3712.8555,3742.417855,LONG,signal_reverse,0.5962161468443904,1.0,20.0
2024-05-25 03:00:00,2024-05-25 13:00:00,-2.5223952711172632,2.6720693379120277,3742.417855,3735.877005,SHORT,signal_reverse,-0.025223952711172632,1.0,20.000000000000004
2024-05-25 13:00:00,2024-05-25 18:00:00,35.79331164303152,2.676747651653484,3735.8770050000003,3756.7207000000003,LONG,signal_reverse,0.3579331164303152,1.0,20.000000000000004
2024-05-25 18:00:00,2024-05-25 22:00:00,25.762970880427996,2.661896052054123,3756.7207,3739.5288299999997,SHORT,signal_reverse,0.25762970880427993,1.0,20.0
2024-05-25 22:00:00,2024-05-26 01:00:00,23.273834046094994,2.674133682237182,3739.5288299999997,3755.7112050000005,LONG,signal_reverse,0.23273834046094993,1.0,20.000000000000004
2024-05-26 01:00:00,2024-05-26 02:00:00,24.20623443543111,2.662611541240696,3755.711205,3739.1086199999995,SHORT,signal_reverse,0.2420623443543111,1.0,20.000000000000004
2024-05-26 02:00:00,2024-05-26 03:00:00,59.17951311080132,2.6744342077979004,3739.10862,3768.7147,LONG,signal_reverse,0.5917951311080132,1.0,20.0
2024-05-26 03:00:00,2024-05-26 14:00:00,-269.46356379802353,2.6534245216280232,3768.7147,3862.7304,SHORT,stop_loss,-2.694635637980235,1.0,19.999999999999996
2024-05-26 23:00:00,2024-05-27 01:00:00,120.62829994231349,2.6131203705036756,3826.8424649999997,3880.6587,LONG,signal_reverse,1.206282999423135,1.0,19.999999999999996
2024-05-27 01:00:00,2024-05-27 08:00:00,-99.6156075255985,2.5768821153996355,3880.6587,3911.5548,SHORT,stop_loss,-0.996156075255985,1.0,20.0
2024-05-27 13:00:00,2024-05-27 19:00:00,120.49954565934875,2.5470594902447075,3926.09597,3870.9345,SHORT,signal_reverse,1.2049954565934875,1.0,20.0
2024-05-27 19:00:00,2024-05-28 09:00:00,-7.53104708953362,2.5833555178988434,3870.9345,3875.76115,LONG,signal_reverse,-0.0753104708953362,1.0,20.0
2024-05-28 09:00:00,2024-05-28 13:00:00,23.40475160601612,2.5801383555330806,3875.76115,3858.938505,SHORT,signal_reverse,0.23404751606016122,1.0,20.0
2024-05-28 13:00:00,2024-05-28 18:00:00,-188.79345165931866,2.5913862029786348,3858.938505,3793.80215,LONG,stop_loss,-1.8879345165931867,1.0,20.0
2024-05-28 22:00:00,2024-05-29 07:00:00,79.37950493285555,2.5919829898731668,3858.05001,3819.7089,SHORT,signal_reverse,0.7937950493285556,1.0,20.0
2024-05-29 07:00:00,2024-05-29 14:00:00,-139.26804160390336,2.618000549727755,3819.7089,3774.15198,LONG,stop_loss,-1.3926804160390336,1.0,20.0
2024-05-30 00:00:00,2024-05-30 03:00:00,58.65706668941269,2.6627564514218567,3755.506815,3785.04653,LONG,signal_reverse,0.5865706668941268,1.0,20.0
2024-05-30 03:00:00,2024-05-30 06:00:00,99.91301729123127,2.6419754475250796,3785.04653,3739.6588949999996,SHORT,signal_reverse,0.9991301729123128,1.0,20.0
2024-05-30 06:00:00,2024-05-30 12:00:00,35.24569373860014,2.6740406761082416,3739.658895,3760.3189,LONG,signal_reverse,0.3524569373860014,1.0,20.0
2024-05-30 12:00:00,2024-05-30 17:00:00,-158.35613782650177,2.6593489185185866,3760.3188999999998,3812.3452199999997,SHORT,stop_loss,-1.5835613782650175,1.0,20.0
2024-05-30 20:00:00,2024-05-31 10:00:00,91.8506268960429,2.6745630251456025,3738.92853,3780.74868,LONG,signal_reverse,0.918506268960429,1.0,20.000000000000004
2024-05-31 10:00:00,2024-05-31 12:00:00,-136.49216525019133,2.644978771770675,3780.7486799999997,3824.79144,SHORT,stop_loss,-1.3649216525019134,1.0,20.0
2024-05-31 15:00:00,2024-05-31 20:00:00,95.40053955068112,2.670461285334676,3744.6714,3787.8851100000006,LONG,signal_reverse,0.9540053955068111,1.0,20.0
2024-05-31 20:00:00,2024-05-31 23:00:00,52.40404395475549,2.639995593741754,3787.88511,3760.45929,SHORT,signal_reverse,0.5240404395475549,1.0,19.999999999999996
2024-05-31 23:00:00,2024-06-01 04:00:00,30.446098566860993,2.6592496364985245,3760.45929,3779.4293400000006,LONG,signal_reverse,0.30446098566860996,1.0,19.999999999999996
2024-06-01 04:00:00,2024-06-02 07:00:00,-52.90349912984368,2.6459020927217547,3779.42934,3791.8649849999997,SHORT,signal_reverse,-0.5290349912984369,1.0,20.0
2024-06-02 07:00:00,2024-06-03 01:00:00,-2.001679840927867,2.637224700657426,3791.8649849999997,3798.6897050000002,LONG,signal_reverse,-0.020016798409278672,1.0,20.0
2024-06-03 01:00:00,2024-06-03 14:00:00,52.169648297189944,2.6324866668729396,3798.6897050000002,3771.2746949999996,SHORT,signal_reverse,0.5216964829718994,1.0,20.000000000000004
2024-06-03 14:00:00,2024-06-04 13:00:00,-16.18695238003612,2.6516233392539967,3771.274695,3772.7127,LONG,signal_reverse,-0.1618695238003612,1.0,19.999999999999996
2024-06-04 13:00:00,2024-06-04 17:00:00,-132.18417188247557,2.650612648029096,3772.7127,3815.036565,SHORT,stop_loss,-1.3218417188247555,1.0,20.0
2024-06-04 20:00:00,2024-06-05 05:00:00,16.138350118648344,2.6279368930861047,3805.266415,3791.5148099999997,SHORT,signal_reverse,0.16138350118648342,1.0,20.0
2024-06-05 05:00:00,2024-06-05 12:00:00,50.11758184323384,2.637468268256613,3791.5148099999997,3818.0999950000005,LONG,signal_reverse,0.5011758184323385,1.0,20.0
2024-06-05 12:00:00,2024-06-05 14:00:00,37.62786472018666,2.6191037461291007,3818.099995,3796.0970999999995,SHORT,signal_reverse,0.37627864720186655,1.0,20.0
2024-06-05 14:00:00,2024-06-05 17:00:00,91.85872985177366,2.634284565587113,3796.0971,3838.55976,LONG,signal_reverse,0.9185872985177366,1.0,20.0
2024-06-05 17:00:00,2024-06-06 05:00:00,-47.624579693919515,2.6051437583975505,3838.55976,3849.1636199999994,SHORT,signal_reverse,-0.47624579693919517,1.0,20.0
2024-06-06 05:00:00,2024-06-06 19:00:00,-179.14761243638534,2.5979669837989374,3849.16362,3787.9051000000004,LONG,stop_loss,-1.7914761243638535,1.0,19.999999999999996
2024-06-07 00:00:00,2024-06-07 05:00:00,-2.625629045514852,2.625413709082333,3808.92351,3815.541275,LONG,signal_reverse,-0.026256290455148518,1.0,19.999999999999996
2024-06-07 05:00:00,2024-06-07 10:00:00,-5.776146531135645,2.620860129471408,3815.541275,3810.1141049999997,SHORT,signal_reverse,-0.057761465311356446,1.0,20.0
2024-06-07 10:00:00,2024-06-07 11:00:00,35.79688537963107,2.6245933125407013,3810.114105,3831.373355,LONG,signal_reverse,0.3579688537963107,1.0,20.0
2024-06-07 11:00:00,2024-06-07 15:00:00,62.12290237634696,2.610030157188896,3831.373355,3799.909005,SHORT,signal_reverse,0.6212290237634696,1.0,19.999999999999996
2024-06-07 15:00:00,2024-06-07 17:00:00,-234.68698301105863,2.631641964805417,3799.9090050000004,3718.329905,LONG,stop_loss,-2.3468698301105864,1.0,19.999999999999996
2024-06-08 07:00:00,2024-06-08 11:00:00,37.227160227395075,2.698737487828205,3705.436355,3684.231195,SHORT,signal_reverse,0.37227160227395073,1.0,20.0
2024-06-08 11:00:00,2024-06-09 06:00:00,-20.79822623617827,2.7142704870344057,3684.231195,3683.9371100000003,LONG,signal_reverse,-0.2079822623617827,1.0,20.0
2024-06-09 06:00:00,2024-06-10 00:00:00,-51.78607465424372,2.7144871645216546,3683.9371100000003,3695.6469,SHORT,signal_reverse,-0.5178607465424372,1.0,20.0
2024-06-10 00:00:00,2024-06-10 15:00:00,-12.65894422976431,2.705886214399974,3695.6469,3698.359895,LONG,signal_reverse,-0.1265894422976431,1.0,19.999999999999996
2024-06-10 15:00:00,2024-06-10 19:00:00,53.5332168098807,2.703901265401322,3698.359895,3671.164665,SHORT,signal_reverse,0.535332168098807,1.0,20.0
2024-06-10 19:00:00,2024-06-11 01:00:00,-149.5974693088294,2.7239312078092253,3671.164665,3623.5873,LONG,stop_loss,-1.495974693088294,1.0,20.0
2024-06-12 01:00:00,2024-06-12 03:00:00,45.334147473076065,2.8700241198979555,3484.291275,3507.0555950000003,LONG,signal_reverse,0.4533414747307607,1.0,20.0
2024-06-12 03:00:00,2024-06-12 10:00:00,-128.0279139401559,2.8513947752231172,3507.055595,3544.941585,SHORT,stop_loss,-1.280279139401559,1.0,20.0
2024-06-12 12:00:00,2024-06-12 18:00:00,163.97187896026847,2.7500700920677126,3636.270955,3569.373795,SHORT,signal_reverse,1.6397187896026848,1.0,19.999999999999996
2024-06-12 18:00:00,2024-06-12 19:00:00,-128.8144510233334,2.8016118720902976,3569.373795,3530.5338500000003,LONG,stop_loss,-1.288144510233334,1.0,20.0
2024-06-13 01:00:00,2024-06-13 03:00:00,-133.98669069415539,2.824204941651184,3540.8195250000003,3500.458895,LONG,stop_loss,-1.3398669069415539,1.0,20.0
2024-06-13 08:00:00,2024-06-13 15:00:00,-205.92858558589842,2.85286213750553,3505.25175,3440.0791000000004,LONG,stop_loss,-2.059285855858984,1.0,20.0
2024-06-13 15:00:00,2024-06-14 02:00:00,148.80222797544312,2.9040044449853637,3443.5209,3501.6483000000003,LONG,signal_reverse,1.4880222797544311,1.0,20.0
2024-06-14 02:00:00,2024-06-14 14:00:00,16.910645766453563,2.855797939501805,3501.6483000000003,3488.72349,SHORT,signal_reverse,0.16910645766453564,1.0,20.0
2024-06-14 14:00:00,2024-06-14 16:00:00,-276.3229509484565,2.8663779255259927,3488.72349,3399.2995,LONG,stop_loss,-2.7632295094845647,1.0,20.0
2024-06-14 21:00:00,2024-06-15 06:00:00,-129.70146478330892,2.8568417133766477,3500.36894,3538.7684999999997,SHORT,stop_loss,-1.2970146478330893,1.0,20.0
2024-06-15 17:00:00,2024-06-16 03:00:00,16.301904254956614,2.803377642263499,3567.125545,3554.1762,SHORT,signal_reverse,0.16301904254956617,1.0,19.999999999999996
2024-06-16 03:00:00,2024-06-16 05:00:00,6.563398854565684,2.813591515243392,3554.1762,3563.6173000000003,LONG,signal_reverse,0.06563398854565684,1.0,20.000000000000004
2024-06-16 05:00:00,2024-06-16 08:00:00,11.041240034388366,2.8061374603833023,3563.6173,3552.55539,SHORT,signal_reverse,0.11041240034388367,1.0,20.0
2024-06-16 08:00:00,2024-06-16 10:00:00,13.191727377966362,2.81487518200244,3552.55539,3564.3469350000005,LONG,signal_reverse,0.1319172737796636,1.0,20.0
2024-06-16 10:00:00,2024-06-16 22:00:00,-199.1808321823747,2.8055630336669233,3564.346935,3628.2131999999997,SHORT,stop_loss,-1.991808321823747,1.0,20.0
2024-06-17 02:00:00,2024-06-17 07:00:00,-146.46368934828374,2.7817366990856383,3594.8765399999997,3549.4144050000004,LONG,stop_loss,-1.4646368934828375,1.0,20.0
2024-06-17 15:00:00,2024-06-17 17:00:00,131.902177791626,2.8597840638252783,3496.76751,3549.8841700000003,LONG,signal_reverse,1.31902177791626,1.0,20.0
2024-06-17 17:00:00,2024-06-17 20:00:00,78.92622778167932,2.8169933217849192,3549.88417,3514.766505,SHORT,signal_reverse,0.7892622778167931,1.0,20.0
2024-06-17 20:00:00,2024-06-18 00:00:00,-146.84331928331028,2.8451392107482256,3514.766505,3470.18404,LONG,stop_loss,-1.4684331928331027,1.0,20.0
2024-06-18 09:00:00,2024-06-18 13:00:00,-144.629535326769,2.9131795470511532,3432.67548,3389.8942050000005,LONG,stop_loss,-1.4462953532676899,1.0,20.0
2024-06-18 17:00:00,2024-06-18 20:00:00,126.74074203391585,2.9338475511407003,3408.493395,3458.50988,LONG,signal_reverse,1.2674074203391585,1.0,20.000000000000004
2024-06-18 20:00:00,2024-06-19 01:00:00,-186.7114653435662,2.8914186591827806,3458.5098799999996,3516.1672049999997,SHORT,stop_loss,-1.8671146534356622,1.0,19.999999999999996
2024-06-19 10:00:00,2024-06-19 14:00:00,79.20425897845682,2.811815665575467,3556.4208999999996,3521.13969,SHORT,signal_reverse,0.7920425897845682,1.0,20.0
2024-06-19 14:00:00,2024-06-19 17:00:00,85.59155067204985,2.8399895716718926,3521.13969,3558.31995,LONG,signal_reverse,0.8559155067204985,1.0,20.0
2024-06-19 17:00:00,2024-06-20 07:00:00,-158.41626298950302,2.810315019592322,3558.31995,3607.5728849999996,SHORT,stop_loss,-1.5841626298950302,1.0,20.0
2024-06-20 10:00:00,2024-06-20 13:00:00,173.77973128774175,2.7761059335262575,3602.1680149999997,3532.3653,SHORT,signal_reverse,1.7377973128774178,1.0,20.0
2024-06-20 13:00:00,2024-06-21 07:00:00,-193.51462771984438,2.830964283337287,3532.3653,3471.0735950000003,LONG,stop_loss,-1.9351462771984438,1.0,20.0
2024-06-21 07:00:00,2024-06-21 18:00:00,106.32870563143278,2.8780735193548233,3474.546405,3518.4399,LONG,signal_reverse,1.0632870563143277,1.0,20.0
2024-06-21 18:00:00,2024-06-22 06:00:00,24.023204716386335,2.842168769175225,3518.4399,3502.9505999999997,SHORT,signal_reverse,0.24023204716386334,1.0,20.0
2024-06-22 06:00:00,2024-06-22 14:00:00,-28.99634439606274,2.854736232934601,3502.9505999999997,3499.799225,LONG,signal_reverse,-0.2899634439606274,1.0,19.999999999999996
2024-06-22 14:00:00,2024-06-22 18:00:00,-3.27582634400822,2.857306764504469,3499.799225,3493.9460999999997,SHORT,signal_reverse,-0.0327582634400822,1.0,19.999999999999996
2024-06-22 18:00:00,2024-06-22 21:00:00,3.7608130245637943,2.862093379173766,3493.9460999999997,3502.248,LONG,signal_reverse,0.037608130245637944,1.0,20.0
2024-06-22 21:00:00,2024-06-23 09:00:00,-19.14940346885634,2.8553089330053156,3502.248,3501.9500999999996,SHORT,signal_reverse,-0.1914940346885634,1.0,20.0
2024-06-23 09:00:00,2024-06-23 20:00:00,-221.05006636159575,2.855551825253021,3501.9501,3431.5433700000003,LONG,stop_loss,-2.2105006636159574,1.0,20.0
2024-06-23 20:00:00,2024-06-24 04:00:00,-112.2251689380489,2.9112279579031664,3434.97663,3403.2975,LONG,stop_loss,-1.122251689380489,1.0,20.0
2024-06-24 21:00:00,2024-06-25 14:00:00,-187.28342847615417,2.9880217841070804,3346.695815,3402.6804899999997,SHORT,stop_loss,-1.8728342847615418,1.0,20.0
2024-06-25 14:00:00,2024-06-26 00:00:00,9.375960319308742,2.941799863936461,3399.27951,3389.2938,SHORT,signal_reverse,0.09375960319308742,1.0,20.0
2024-06-26 00:00:00,2024-06-26 01:00:00,48.83155128068332,2.950467144512524,3389.2938,3412.622835,LONG,signal_reverse,0.4883155128068332,1.0,20.000000000000004
2024-06-26 01:00:00,2024-06-26 04:00:00,49.738940254146115,2.930297452575066,3412.622835,3388.823565,SHORT,signal_reverse,0.4973894025414612,1.0,20.0
2024-06-26 04:00:00,2024-06-26 17:00:00,-78.74860292409433,2.9508765529373315,3388.823565,3368.9147000000003,LONG,stop_loss,-0.7874860292409432,1.0,20.0
2024-06-26 19:00:00,2024-06-27 05:00:00,85.02043569338757,2.937351921755959,3404.426935,3368.6734949999995,SHORT,signal_reverse,0.8502043569338757,1.0,20.0
2024-06-27 05:00:00,2024-06-27 09:00:00,55.12946872875852,2.9685275271832183,3368.673495,3393.98216,LONG,signal_reverse,0.5512946872875851,1.0,20.0
2024-06-27 09:00:00,2024-06-27 13:00:00,-213.6864482516894,2.946391444791802,3393.98216,3459.7189949999997,SHORT,stop_loss,-2.136864482516894,1.0,20.0
2024-06-27 22:00:00,2024-06-28 07:00:00,26.123315766849338,2.902238392862504,3445.6163300000003,3429.724005,SHORT,signal_reverse,0.26123315766849337,1.0,20.0
2024-06-28 07:00:00,2024-06-28 16:00:00,-134.55752691097243,2.915686505800924,3429.724005,3390.4339350000005,LONG,stop_loss,-1.3455752691097242,1.0,20.0
2024-06-29 07:00:00,2024-06-29 14:00:00,4.259678916827502,2.9472941169757694,3392.9426799999997,3384.7115099999996,SHORT,signal_reverse,0.04259678916827502,1.0,20.0
2024-06-29 14:00:00,2024-06-30 07:00:00,-13.576409707071525,2.954461545823148,3384.71151,3386.88571,LONG,signal_reverse,-0.13576409707071524,1.0,20.000000000000004
2024-06-30 07:00:00,2024-06-30 22:00:00,-199.62604944233544,2.9525649390749593,3386.88571,3447.723,SHORT,stop_loss,-1.9962604944233544,1.0,20.0
2024-06-30 22:00:00,2024-07-01 01:00:00,-228.17172950955967,2.903366947548063,3444.277,3515.97711,SHORT,stop_loss,-2.281717295095597,1.0,20.0
2024-07-01 10:00:00,2024-07-01 17:00:00,30.96834702997798,2.8838698086030257,3467.562915,3485.23651,LONG,signal_reverse,0.30968347029977983,1.0,20.0
2024-07-01 17:00:00,2024-07-01 21:00:00,56.97661241360255,2.869245737357434,3485.23651,3458.4083399999995,SHORT,signal_reverse,0.5697661241360256,1.0,20.0
2024-07-01 21:00:00,2024-07-02 14:00:00,-174.3244890509369,2.8915035521803074,3458.40834,3405.03663,LONG,stop_loss,-1.7432448905093691,1.0,20.0
2024-07-02 19:00:00,2024-07-03 03:00:00,-191.03718708873964,2.930570133920901,3412.3053,3353.94219,LONG,stop_loss,-1.9103718708873965,1.0,20.0
2024-07-03 17:00:00,2024-07-03 19:00:00,-139.69242842799582,3.0293210621111055,3301.06971,3261.558405,LONG,stop_loss,-1.396924284279958,1.0,20.0
2024-07-03 19:00:00,2024-07-04 01:00:00,-195.28123156144383,3.062954501193809,3264.821595,3207.5954,LONG,stop_loss,-1.9528123156144384,1.0,20.0
2024-07-04 01:00:00,2024-07-04 02:00:00,22.955884017358745,3.11448413896006,3210.8046,3224.596895,LONG,stop_loss,0.22955884017358744,1.0,20.0
2024-07-04 21:00:00,2024-07-04 22:00:00,78.85859911899674,3.1648981099981737,3159.6593799999996,3128.42343,SHORT,signal_reverse,0.7885859911899674,1.0,20.0
2024-07-04 22:00:00,2024-07-04 23:00:00,-249.0692951369447,3.196498243845463,3128.4234300000003,3056.760855,LONG,stop_loss,-2.490692951369447,1.0,20.0
2024-07-05 01:00:00,2024-07-05 02:00:00,-556.4983194898808,3.229716127169233,3096.2473499999996,2930.1342,LONG,stop_loss,-5.564983194898809,1.0,20.0
2024-07-05 13:00:00,2024-07-06 00:00:00,-84.37717748286572,3.367100525425936,2969.9143,2989.03377,SHORT,stop_loss,-0.8437717748286573,1.0,20.0
2024-07-06 00:00:00,2024-07-06 01:00:00,50.9786231273462,3.348909973172117,2986.04623,2964.8516849999996,SHORT,signal_reverse,0.5097862312734619,1.0,20.000000000000004
2024-07-06 01:00:00,2024-07-06 06:00:00,67.80245275574444,3.372849998059852,2964.851685,2990.8838100000003,LONG,signal_reverse,0.6780245275574444,1.0,20.0
2024-07-06 06:00:00,2024-07-06 16:00:00,-226.93486919506745,3.3434933067493513,2990.8838100000003,3052.7756249999998,SHORT,stop_loss,-2.2693486919506745,1.0,20.0
2024-07-07 02:00:00,2024-07-07 04:00:00,93.07578345520773,3.2613806022878964,3066.18614,3031.515,SHORT,signal_reverse,0.9307578345520772,1.0,20.0
2024-07-07 04:00:00,2024-07-07 13:00:00,-216.5410364124851,3.2986806926569723,3031.515,2971.9332900000004,LONG,stop_loss,-2.165410364124851,1.0,20.0
2024-07-07 21:00:00,2024-07-08 00:00:00,-273.63636959019414,3.3776257269752517,2960.6595899999998,2885.5664950000005,LONG,stop_loss,-2.7363636959019417,1.0,20.0
2024-07-08 08:00:00,2024-07-08 15:00:00,260.86836249220454,3.2721215643551824,3056.121175,2970.2844,SHORT,signal_reverse,2.6086836249220453,1.0,19.999999999999996
2024-07-08 15:00:00,2024-07-08 21:00:00,166.8573595174937,3.3666809817942016,2970.2844,3025.7863500000003,LONG,signal_reverse,1.668573595174937,1.0,20.000000000000004
2024-07-08 21:00:00,2024-07-09 01:00:00,-34.171291373561466,3.3049260070857276,3025.7863500000003,3030.07428,SHORT,stop_loss,-0.3417129137356147,1.0,19.999999999999996
2024-07-09 08:00:00,2024-07-09 14:00:00,88.82969468931694,3.2452270364972398,3081.448505,3047.9131949999996,SHORT,signal_reverse,0.8882969468931693,1.0,20.0
2024-07-09 14:00:00,2024-07-10 03:00:00,82.1568135571534,3.2809333337985698,3047.913195,3079.0497050000004,LONG,signal_reverse,0.821568135571534,1.0,20.0
2024-07-10 03:00:00,2024-07-10 04:00:00,-155.43103877889303,3.2477553005270496,3079.0497050000004,3120.7495949999998,SHORT,stop_loss,-1.5543103877889302,1.0,20.0
2024-07-10 10:00:00,2024-07-10 16:00:00,-84.45365970549612,3.224019341291807,3101.718365,3121.710075,SHORT,stop_loss,-0.8445365970549613,1.0,20.000000000000004
2024-07-10 20:00:00,2024-07-11 01:00:00,51.023350801184854,3.2281514433016687,3097.7481,3119.749345,LONG,signal_reverse,0.5102335080118485,1.0,20.000000000000004
2024-07-11 01:00:00,2024-07-11 03:00:00,114.24533630281076,3.2053857198582087,3119.7493449999997,3077.868165,SHORT,signal_reverse,1.1424533630281075,1.0,20.0
2024-07-11 03:00:00,2024-07-11 07:00:00,104.93353496185355,3.249002057240486,3077.868165,3116.32106,LONG,signal_reverse,1.0493353496185356,1.0,20.0
2024-07-11 07:00:00,2024-07-11 12:00:00,-270.4726839666503,3.20891198546789,3116.32106,3194.37639,SHORT,stop_loss,-2.7047268396665034,1.0,20.0
2024-07-11 15:00:00,2024-07-12 01:00:00,-122.8723820374457,3.205375697117127,3119.7590999999998,3087.665395,LONG,stop_loss,-1.228723820374457,1.0,20.0
2024-07-12 03:00:00,2024-07-12 13:00:00,78.48046887968151,3.2387268351702723,3087.633045,3118.0402,LONG,signal_reverse,0.7848046887968151,1.0,20.000000000000004
2024-07-12 13:00:00,2024-07-13 04:00:00,-19.737014295069446,3.207142743060208,3118.0402,3117.9582,SHORT,signal_reverse,-0.19737014295069447,1.0,20.0
2024-07-13 04:00:00,2024-07-13 05:00:00,27.706220051314666,3.2072270885478837,3117.9582,3132.8328,LONG,signal_reverse,0.2770622005131467,1.0,20.0
2024-07-13 05:00:00,2024-07-13 10:00:00,-108.5993820034053,3.1919992666062487,3132.8328,3160.589505,SHORT,stop_loss,-1.085993820034053,1.0,20.000000000000004
2024-07-13 14:00:00,2024-07-13 23:00:00,-99.2029717766662,3.171177789162095,3153.40251,3178.3783949999997,SHORT,stop_loss,-0.992029717766662,1.0,20.0
2024-07-14 04:00:00,2024-07-14 13:00:00,-3.0839182897650623,3.13243660026632,3192.403,3187.002705,SHORT,signal_reverse,-0.030839182897650624,1.0,20.0
2024-07-14 13:00:00,2024-07-14 20:00:00,20.152444740395197,3.1377444343901177,3187.002705,3199.7993,LONG,signal_reverse,0.20152444740395198,1.0,20.0
2024-07-14 20:00:00,2024-07-14 21:00:00,-197.91193966446417,3.125196008387151,3199.7993,3256.7275499999996,SHORT,stop_loss,-1.9791193966446419,1.0,20.0
2024-07-15 11:00:00,2024-07-15 15:00:00,-118.70606677040296,2.9951599966622537,3338.7198049999997,3371.6749949999994,SHORT,stop_loss,-1.1870606677040296,1.0,20.0
2024-07-16 05:00:00,2024-07-16 08:00:00,-148.53029796236106,2.925372293043682,3418.36833,3374.43194,LONG,stop_loss,-1.4853029796236106,1.0,20.000000000000004
2024-07-16 13:00:00,2024-07-16 15:00:00,204.0864805885699,2.9414541871201787,3399.67899,3475.8612000000003,LONG,signal_reverse,2.040864805885699,1.0,20.0
2024-07-16 15:00:00,2024-07-16 22:00:00,106.97916418526607,2.876984846230339,3475.8612,3431.7250050000002,SHORT,signal_reverse,1.0697916418526607,1.0,20.0
2024-07-16 22:00:00,2024-07-17 00:00:00,78.90447209653409,2.9139864020077564,3431.7250050000002,3465.6663000000003,LONG,signal_reverse,0.789044720965341,1.0,20.0
2024-07-17 00:00:00,2024-07-17 01:00:00,-78.41816045589869,2.8854480305850565,3465.6663,3485.912085,SHORT,stop_loss,-0.7841816045589869,1.0,20.0
2024-07-17 09:00:00,2024-07-17 11:00:00,92.13882775814098,2.8644483544100825,3491.07359,3451.9250999999995,SHORT,signal_reverse,0.9213882775814098,1.0,19.999999999999996
2024-07-17 11:00:00,2024-07-17 16:00:00,-167.82012506586466,2.8969342353343643,3451.9251,3400.8987,LONG,stop_loss,-1.6782012506586466,1.0,19.999999999999996
2024-07-18 03:00:00,2024-07-18 13:00:00,-137.07261605341816,2.9159157084174274,3429.454415,3469.6039349999996,SHORT,stop_loss,-1.3707261605341816,1.0,20.0
2024-07-18 14:00:00,2024-07-18 16:00:00,-64.42824039876785,2.9121270609960446,3433.9161,3418.659815,LONG,stop_loss,-0.6442824039876784,1.0,20.0
2024-07-18 17:00:00,2024-07-18 22:00:00,66.12065860627786,2.9398881986095096,3401.489895,3430.78375,LONG,signal_reverse,0.6612065860627786,1.0,20.0
2024-07-18 22:00:00,2024-07-19 00:00:00,52.61216915814086,2.914785870721231,3430.78375,3405.872085,SHORT,signal_reverse,0.5261216915814086,1.0,20.0
2024-07-19 00:00:00,2024-07-19 06:00:00,72.80534973467728,2.936105570153848,3405.872085,3437.4804,LONG,signal_reverse,0.7280534973467727,1.0,20.0
2024-07-19 06:00:00,2024-07-19 07:00:00,109.67287028022034,2.909107496292924,3437.4804,3392.905605,SHORT,signal_reverse,1.0967287028022032,1.0,20.0
2024-07-19 07:00:00,2024-07-19 13:00:00,106.66310237652586,2.9473263226844177,3392.905605,3435.8812000000003,LONG,signal_reverse,1.0666310237652585,1.0,20.0
2024-07-19 13:00:00,2024-07-19 16:00:00,-186.89907672011495,2.910461514210678,3435.8812,3493.22574,SHORT,stop_loss,-1.8689907672011494,1.0,20.0
2024-07-20 04:00:00,2024-07-20 07:00:00,25.812604185309656,2.850777303558734,3507.815215,3491.745,SHORT,signal_reverse,0.25812604185309657,1.0,20.000000000000004
2024-07-20 07:00:00,2024-07-20 14:00:00,-5.2632995823002995,2.863897564111927,3491.745,3496.89068,LONG,signal_reverse,-0.05263299582300299,1.0,20.0
2024-07-20 14:00:00,2024-07-21 04:00:00,-52.3502964067489,2.8596833344529946,3496.89068,3508.2032249999997,SHORT,signal_reverse,-0.5235029640674891,1.0,20.0
2024-07-21 04:00:00,2024-07-21 14:00:00,-13.92643509128304,2.8504620053759857,3508.2032249999997,3510.3339550000005,LONG,signal_reverse,-0.1392643509128304,1.0,20.0
2024-07-21 14:00:00,2024-07-21 17:00:00,88.21947565954656,2.84873180962066,3510.333955,3472.345305,SHORT,signal_reverse,0.8821947565954656,1.0,20.0
2024-07-21 17:00:00,2024-07-21 18:00:00,-45.538675509116565,2.8798979138395335,3472.3453050000003,3463.4773950000003,LONG,stop_loss,-0.4553867550911656,1.0,20.0
2024-07-21 21:00:00,2024-07-22 05:00:00,40.7861067751232,2.8415956389827137,3519.1495449999998,3497.758005,SHORT,signal_reverse,0.40786106775123204,1.0,20.0
2024-07-22 05:00:00,2024-07-22 14:00:00,-163.44234200387504,2.858974230265538,3497.758005,3447.585345,LONG,stop_loss,-1.6344234200387504,1.0,20.0
2024-07-22 19:00:00,2024-07-22 21:00:00,76.65664069890691,2.858898874514409,3497.8502,3464.041155,SHORT,signal_reverse,0.7665664069890691,1.0,20.0
2024-07-22 21:00:00,2024-07-23 02:00:00,42.716027402394886,2.886801730275632,3464.041155,3485.7662450000003,LONG,signal_reverse,0.4271602740239489,1.0,19.999999999999996
2024-07-23 02:00:00,2024-07-23 04:00:00,60.60860374761098,2.868809695527934,3485.7662450000003,3457.66797,SHORT,signal_reverse,0.6060860374761098,1.0,20.0
2024-07-23 04:00:00,2024-07-23 08:00:00,159.4888506891546,2.8921226927407955,3457.66797,3519.729255,LONG,signal_reverse,1.594888506891546,1.0,20.0
2024-07-23 08:00:00,2024-07-23 13:00:00,198.82012626564918,2.841127619629937,3519.7292549999997,3442.710495,SHORT,signal_reverse,1.988201262656492,1.0,20.0
2024-07-23 13:00:00,2024-07-23 17:00:00,-64.74673377959891,2.904688039997392,3442.710495,3427.30549,LONG,stop_loss,-0.6474673377959891,1.0,20.0
2024-07-23 20:00:00,2024-07-24 01:00:00,81.61802739988563,2.872483168846449,3481.3084750000003,3445.932105,SHORT,signal_reverse,0.8161802739988563,1.0,20.0
2024-07-24 01:00:00,2024-07-24 08:00:00,16.993445058024868,2.901972440342089,3445.932105,3458.679795,LONG,signal_reverse,0.1699344505802487,1.0,20.0
2024-07-24 08:00:00,2024-07-24 13:00:00,24.580666363768277,2.891276612092389,3458.679795,3443.26077,SHORT,signal_reverse,0.24580666363768275,1.0,20.0
2024-07-24 13:00:00,2024-07-24 18:00:00,-199.89423147872543,2.904223835477904,3443.26077,3381.3184950000004,LONG,stop_loss,-1.9989423147872543,1.0,20.000000000000004
2024-07-25 15:00:00,2024-07-25 20:00:00,9.72573898133025,3.1817943783805562,3142.880655,3152.2231,LONG,stop_loss,0.09725738981330251,1.0,20.0
2024-07-25 21:00:00,2024-07-26 02:00:00,-244.54044325224268,3.1491882308367383,3175.421495,3246.72255,SHORT,stop_loss,-2.4454044325224267,1.0,20.0
2024-07-26 15:00:00,2024-07-27 01:00:00,-7.863736175175028,3.073639059092079,3253.4724499999998,3249.52395,SHORT,signal_reverse,-0.07863736175175028,1.0,20.0
2024-07-27 01:00:00,2024-07-27 06:00:00,39.51887198738739,3.0773738411744893,3249.5239500000002,3268.86475,LONG,signal_reverse,0.39518871987387394,1.0,20.0
2024-07-27 06:00:00,2024-07-27 13:00:00,-176.3062528053507,3.059166030041469,3268.86475,3319.95915,SHORT,stop_loss,-1.763062528053507,1.0,20.0
2024-07-27 16:00:00,2024-07-27 20:00:00,-121.27085785909601,3.054231308307881,3274.146255,3240.9886950000005,LONG,stop_loss,-1.2127085785909602,1.0,20.0
2024-07-27 20:00:00,2024-07-28 10:00:00,-11.232607257021781,3.082394274596891,3244.2313050000002,3247.07565,LONG,signal_reverse,-0.11232607257021782,1.0,20.0
2024-07-28 10:00:00,2024-07-29 00:00:00,-146.8145846863776,3.0796941857514164,3247.0756499999998,3288.2533049999997,SHORT,stop_loss,-1.468145846863776,1.0,20.0
2024-07-29 13:00:00,2024-07-29 15:00:00,-149.3758173316035,2.985267060744905,3349.784055,3306.4459500000003,LONG,stop_loss,-1.4937581733160352,1.0,20.0
2024-07-29 21:00:00,2024-07-30 01:00:00,104.04781296639054,2.9907549677759686,3343.637345,3302.1602550000002,SHORT,signal_reverse,1.0404781296639054,1.0,20.0
2024-07-30 01:00:00,2024-07-30 07:00:00,91.01671987145805,3.0283206227978776,3302.1602550000002,3338.819755,LONG,signal_reverse,0.9101671987145805,1.0,19.999999999999996
2024-07-30 07:00:00,2024-07-30 14:00:00,88.32946266666693,2.995070334367301,3338.819755,3302.6504999999997,SHORT,signal_reverse,0.8832946266666694,1.0,20.0
2024-07-30 14:00:00,2024-07-30 20:00:00,-89.91687434077599,3.0278710992882836,3302.6505,3279.5594,LONG,stop_loss,-0.8991687434077599,1.0,20.0
2024-07-31 03:00:00,2024-07-31 04:00:00,21.356410056744473,3.037618028736869,3292.0531499999997,3278.4384,SHORT,signal_reverse,0.2135641005674447,1.0,20.0
2024-07-31 04:00:00,2024-07-31 05:00:00,41.37524194445844,3.050232696151924,3278.4384,3298.5598950000003,LONG,signal_reverse,0.4137524194445844,1.0,20.0
2024-07-31 05:00:00,2024-07-31 13:00:00,-120.69594325192692,3.0316260181172185,3298.559895,3331.775055,SHORT,stop_loss,-1.2069594325192692,1.0,20.0
2024-07-31 13:00:00,2024-07-31 15:00:00,57.16633570455632,3.004406010987813,3328.444945,3302.760555,SHORT,signal_reverse,0.5716633570455631,1.0,20.0
2024-07-31 15:00:00,2024-07-31 19:00:00,-138.66786691716555,3.0277702041890833,3302.7605550000003,3263.5674,LONG,stop_loss,-1.3866786691716557,1.0,20.0
2024-07-31 19:00:00,2024-07-31 20:00:00,-164.27814574888146,3.0610689999848786,3266.8325999999997,3219.699345,LONG,stop_loss,-1.6427814574888147,1.0,20.0
2024-08-01 14:00:00,2024-08-01 16:00:00,-145.41838444836458,3.181298140795284,3143.3709000000003,3103.94725,LONG,stop_loss,-1.4541838444836457,1.0,20.0
2024-08-01 20:00:00,2024-08-01 22:00:00,-149.44437498871994,3.157357382865581,3167.205605,3208.2032999999997,SHORT,stop_loss,-1.4944437498871996,1.0,20.0
2024-08-02 05:00:00,2024-08-02 14:00:00,-379.93936437370894,3.176838958222949,3147.783105,3034.482,LONG,stop_loss,-3.7993936437370897,1.0,20.0
2024-08-02 14:00:00,2024-08-02 15:00:00,-28.02069321070639,3.2921615608533017,3037.518,3035.0817,LONG,stop_loss,-0.28020693210706393,1.0,20.0
2024-08-03 04:00:00,2024-08-03 11:00:00,80.8199492683965,3.374022731607656,2963.82117,2993.7024,LONG,signal_reverse,0.8081994926839651,1.0,20.0
2024-08-03 11:00:00,2024-08-03 15:00:00,144.08058797026692,3.3403453863683983,2993.7023999999997,2944.5815549999998,SHORT,signal_reverse,1.4408058797026693,1.0,20.0
2024-08-03 15:00:00,2024-08-03 17:00:00,-172.04939704921776,3.396068274291693,2944.581555,2899.8093700000004,LONG,stop_loss,-1.7204939704921776,1.0,20.0
2024-08-04 01:00:00,2024-08-04 12:00:00,25.00468092290596,3.439199813760452,2907.6531,2920.7389,LONG,signal_reverse,0.2500468092290596,1.0,20.0
2024-08-04 12:00:00,2024-08-04 14:00:00,171.44883166379643,3.4237911509310197,2920.7389,2864.8216949999996,SHORT,signal_reverse,1.7144883166379643,1.0,20.0
2024-08-04 14:00:00,2024-08-04 15:00:00,-164.9446228101117,3.490618636913108,2864.821695,2823.297645,LONG,stop_loss,-1.649446228101117,1.0,20.0
2024-08-05 08:00:00,2024-08-05 09:00:00,-66.50064395508888,4.296929812710924,2327.24304,2316.42121,LONG,stop_loss,-0.6650064395508888,1.0,20.0
2024-08-05 14:00:00,2024-08-05 15:00:00,-230.01445878233315,4.1604474824207625,2403.587605,2454.06642,SHORT,stop_loss,-2.3001445878233313,1.0,20.0
2024-08-05 22:00:00,2024-08-06 00:00:00,-391.68359758055703,4.078730070588155,2451.7435149999997,2542.8707999999997,SHORT,stop_loss,-3.91683597580557,1.0,20.0
2024-08-06 00:00:00,2024-08-06 08:00:00,282.6698075194359,3.9364976791196984,2540.3292,2463.441105,SHORT,signal_reverse,2.8266980751943587,1.0,20.0
2024-08-06 08:00:00,2024-08-06 13:00:00,-65.7401030498738,4.059362320334425,2463.441105,2452.1733000000004,LONG,stop_loss,-0.657401030498738,1.0,20.0
2024-08-06 14:00:00,2024-08-06 22:00:00,161.53515128704134,3.9628323654006303,2523.447645,2477.6382,SHORT,signal_reverse,1.6153515128704135,1.0,20.0
2024-08-06 22:00:00,2024-08-07 00:00:00,-97.76760949197518,4.036101800496941,2477.6382,2458.3702,LONG,stop_loss,-0.9776760949197518,1.0,20.0
2024-08-07 01:00:00,2024-08-07 09:00:00,-101.55362910317892,3.9996012397563963,2500.24925,2520.63969,SHORT,stop_loss,-1.015536291031789,1.0,20.0
2024-08-07 11:00:00,2024-08-07 13:00:00,-130.87152428731284,4.038694889203868,2476.047405,2448.5950900000003,LONG,stop_loss,-1.3087152428731283,1.0,20.0
2024-08-08 01:00:00,2024-08-08 12:00:00,-203.2777188063176,4.098109873247654,2440.149315,2484.871815,SHORT,stop_loss,-2.032777188063176,1.0,20.0
2024-08-08 14:00:00,2024-08-08 16:00:00,-375.840108153883,4.0007207698538965,2499.5496000000003,2588.4936,SHORT,stop_loss,-3.75840108153883,1.0,20.0
2024-08-09 05:00:00,2024-08-09 10:00:00,127.46658563479498,3.735886344414889,2676.74096,2637.2679749999998,SHORT,signal_reverse,1.2746658563479498,1.0,20.0
2024-08-09 10:00:00,2024-08-09 13:00:00,-102.38222359636987,3.7918027651323527,2637.2679749999998,2615.541575,LONG,stop_loss,-1.0238222359636986,1.0,20.0
2024-08-10 00:00:00,2024-08-10 05:00:00,52.30772063589416,3.8659105672388328,2586.7127100000002,2605.41664,LONG,signal_reverse,0.5230772063589416,1.0,20.0
2024-08-10 05:00:00,2024-08-10 13:00:00,-41.794038284793515,3.838157723595409,2605.41664,2611.0948949999997,SHORT,signal_reverse,-0.41794038284793517,1.0,20.0
2024-08-10 13:00:00,2024-08-11 00:00:00,32.016914536535175,3.8298110187986865,2611.094895,2624.677005,LONG,signal_reverse,0.32016914536535174,1.0,20.0
2024-08-11 00:00:00,2024-08-11 03:00:00,-109.10187788992285,3.809992612786273,2624.677005,2648.06337,SHORT,stop_loss,-1.0910187788992285,1.0,20.0
2024-08-11 12:00:00,2024-08-11 15:00:00,-124.59567354621718,3.787434775709883,2640.309495,2612.693,LONG,stop_loss,-1.245956735462172,1.0,20.0
2024-08-11 19:00:00,2024-08-11 20:00:00,-192.07172587130358,3.844423951486276,2601.169935,2556.4111550000002,LONG,stop_loss,-1.920717258713036,1.0,19.999999999999996
2024-08-12 07:00:00,2024-08-12 10:00:00,-317.64860044199423,3.8951341012970637,2567.305705,2643.7212,SHORT,stop_loss,-3.176486004419942,1.0,20.0
2024-08-12 14:00:00,2024-08-12 23:00:00,-105.8507184126441,3.7015533205757567,2701.56854,2724.7617,SHORT,stop_loss,-1.058507184126441,1.0,20.0
2024-08-13 03:00:00,2024-08-13 10:00:00,-115.36263250072544,3.7609130413721497,2658.9287999999997,2633.572555,LONG,stop_loss,-1.1536263250072545,1.0,19.999999999999996
2024-08-13 13:00:00,2024-08-13 16:00:00,-201.48300555834498,3.7462799323200815,2669.314675,2717.7581999999998,SHORT,stop_loss,-2.0148300555834497,1.0,20.0
2024-08-13 16:00:00,2024-08-14 10:00:00,-131.8959752295522,3.6831845461826775,2715.0418,2745.422025,SHORT,stop_loss,-1.318959752295522,1.0,20.0
2024-08-14 10:00:00,2024-08-14 13:00:00,275.10489651998046,3.6460715006106392,2742.677975,2661.7402049999996,SHORT,signal_reverse,2.7510489651998045,1.0,20.0
2024-08-14 13:00:00,2024-08-15 06:00:00,-168.25639228754102,3.7569406590527867,2661.740205,2622.278205,LONG,stop_loss,-1.6825639228754103,1.0,20.0
2024-08-15 12:00:00,2024-08-15 17:00:00,74.92485126196084,3.786188269158231,2641.17875,2616.1074,SHORT,signal_reverse,0.7492485126196085,1.0,20.0
2024-08-15 17:00:00,2024-08-15 18:00:00,-260.37487910473385,3.8224730376130576,2616.1074000000003,2553.2227500000004,LONG,stop_loss,-2.6037487910473383,1.0,20.0
2024-08-16 02:00:00,2024-08-16 12:00:00,43.21729485392592,3.855938066539726,2593.40265,2577.0078599999997,SHORT,signal_reverse,0.43217294853925925,1.0,20.000000000000004
2024-08-16 12:00:00,2024-08-16 17:00:00,107.61521030052435,3.880469344008908,2577.0078599999997,2609.8944,LONG,signal_reverse,1.0761521030052437,1.0,20.0
2024-08-16 17:00:00,2024-08-16 23:00:00,37.9244125739336,3.8315726490696336,2609.8943999999997,2594.77674,SHORT,signal_reverse,0.379244125739336,1.0,20.0
2024-08-16 23:00:00,2024-08-17 13:00:00,15.958989674000035,3.8538961159332725,2594.7767400000002,2604.107295,LONG,signal_reverse,0.15958989674000035,1.0,20.0
2024-08-17 13:00:00,2024-08-18 04:00:00,-23.973050580468627,3.8400875490808075,2604.107295,2605.14192,SHORT,signal_reverse,-0.23973050580468627,1.0,20.0
2024-08-18 04:00:00,2024-08-18 08:00:00,24.331865037127155,3.838562468796326,2605.14192,2616.6910000000003,LONG,signal_reverse,0.24331865037127157,1.0,20.0
2024-08-18 08:00:00,2024-08-18 09:00:00,-135.80211419690065,3.821620512318803,2616.691,2646.992835,SHORT,stop_loss,-1.3580211419690065,1.0,20.0
2024-08-18 19:00:00,2024-08-18 21:00:00,61.407656537554416,3.7491577985650246,2667.2657,2645.552115,SHORT,signal_reverse,0.6140765653755441,1.0,20.0
2024-08-18 21:00:00,2024-08-19 00:00:00,-149.26770486243095,3.779929317325129,2645.552115,2611.35367,LONG,stop_loss,-1.4926770486243093,1.0,20.0
2024-08-19 05:00:00,2024-08-19 09:00:00,-200.01108535533368,3.807097883242917,2626.67268,2579.38966,LONG,stop_loss,-2.0001108535533367,1.0,20.0
2024-08-19 17:00:00,2024-08-20 00:00:00,-231.11873239887345,3.836862441037976,2606.2961999999998,2661.319995,SHORT,stop_loss,-2.3111873239887344,1.0,20.0
2024-08-20 11:00:00,2024-08-20 14:00:00,-250.76608902518737,3.7796291459630864,2645.76222,2584.7070000000003,LONG,stop_loss,-2.5076608902518736,1.0,20.0
2024-08-20 20:00:00,2024-08-21 06:00:00,16.066775731759897,3.8597002211751037,2590.87479,2600.21924,LONG,signal_reverse,0.16066775731759897,1.0,20.0
2024-08-21 06:00:00,2024-08-21 08:00:00,31.289694325928888,3.8458295539725333,2600.21924,2586.882795,SHORT,signal_reverse,0.31289694325928885,1.0,20.0
2024-08-21 08:00:00,2024-08-21 13:00:00,4.5466861207390545,3.865656387420521,2586.882795,2593.2327350000005,LONG,signal_reverse,0.04546686120739054,1.0,20.0
2024-08-21 13:00:00,2024-08-21 18:00:00,-205.08643421084895,3.856190717105073,2593.232735,2641.229955,SHORT,stop_loss,-2.05086434210849,1.0,20.0
2024-08-22 02:00:00,2024-08-22 07:00:00,98.71251327118429,3.838208695105613,2605.38204,2636.3111850000005,LONG,signal_reverse,0.9871251327118429,1.0,20.0
2024-08-22 07:00:00,2024-08-22 13:00:00,31.551122179077268,3.793178914878366,2636.311185,2622.7207049999997,SHORT,signal_reverse,0.3155112217907727,1.0,20.0
2024-08-22 13:00:00,2024-08-22 20:00:00,-14.141541655308043,3.8128345046179826,2622.7207049999997,2624.257215,LONG,signal_reverse,-0.14141541655308043,1.0,20.0
2024-08-22 20:00:00,2024-08-23 05:00:00,-219.44849422849015,3.8106020792630266,2624.257215,2676.59763,SHORT,stop_loss,-2.1944849422849013,1.0,20.0
2024-08-23 12:00:00,2024-08-23 14:00:00,37.98388989495732,3.748202699323647,2667.94536,2652.475575,SHORT,signal_reverse,0.37983889894957323,1.0,20.0
2024-08-23 14:00:00,2024-08-23 15:00:00,46.08451050487157,3.7700629910607186,2652.475575,2670.00433,LONG,signal_reverse,0.4608451050487157,1.0,20.0
2024-08-23 15:00:00,2024-08-23 17:00:00,-241.79589499017737,3.745312278201436,2670.00433,2729.22393,SHORT,stop_loss,-2.4179589499017737,1.0,20.0
2024-08-24 05:00:00,2024-08-24 16:00:00,-238.63070639647898,3.627721697523369,2756.551035,2816.8177049999995,SHORT,stop_loss,-2.38630706396479,1.0,20.0
2024-08-24 16:00:00,2024-08-24 21:00:00,234.55485635984454,3.5536573718394924,2814.002295,2742.3705,SHORT,signal_reverse,2.345548563598445,1.0,20.0
2024-08-24 21:00:00,2024-08-25 13:00:00,58.97107630059423,3.64648029870508,2742.3705,2764.027295,LONG,signal_reverse,0.5897107630059423,1.0,20.0
2024-08-25 13:00:00,2024-08-25 23:00:00,33.77443278829916,3.617909279727283,2764.027295,2749.1638949999997,SHORT,signal_reverse,0.33774432788299164,1.0,20.0
2024-08-25 23:00:00,2024-08-26 14:00:00,-106.3073134459293,3.637469565996901,2749.163895,2725.4366000000005,LONG,stop_loss,-1.063073134459293,1.0,20.000000000000004
2024-08-27 05:00:00,2024-08-27 06:00:00,34.904899431772314,3.709403270521513,2695.8514,2681.0498549999998,SHORT,signal_reverse,0.3490489943177231,1.0,20.0
2024-08-27 06:00:00,2024-08-27 10:00:00,-184.11123395540196,3.729882150960598,2681.049855,2637.050815,LONG,stop_loss,-1.8411123395540197,1.0,20.0
2024-08-28 04:00:00,2024-08-28 07:00:00,-167.70290165252084,4.042746113484294,2473.5661649999997,2437.030875,LONG,stop_loss,-1.6770290165252084,1.0,20.0
2024-08-28 09:00:00,2024-08-29 12:00:00,-158.27173326923176,3.9374271945102812,2539.7295,2574.84678,SHORT,stop_loss,-1.5827173326923176,1.0,19.999999999999996
2024-08-29 18:00:00,2024-08-30 14:00:00,-260.5262629437896,3.965043557450719,2522.04039,2461.3786950000003,LONG,stop_loss,-2.6052626294378967,1.0,20.0
2024-08-30 14:00:00,2024-08-30 18:00:00,265.9799040506801,4.058702960984737,2463.841305,2534.302215,LONG,signal_reverse,2.659799040506801,1.0,20.0
2024-08-30 18:00:00,2024-08-31 08:00:00,56.3735669938647,3.945859314178124,2534.302215,2514.946845,SHORT,signal_reverse,0.563735669938647,1.0,20.000000000000004
2024-08-31 08:00:00,2024-08-31 10:00:00,18.371486932958693,3.976227179465497,2514.946845,2524.5970700000003,LONG,signal_reverse,0.18371486932958692,1.0,20.0
2024-08-31 10:00:00,2024-08-31 13:00:00,8.713591907955726,3.9610281255693605,2524.5970700000003,2517.348045,SHORT,signal_reverse,0.08713591907955726,1.0,20.0
2024-08-31 13:00:00,2024-08-31 21:00:00,-23.205536086289626,3.9724344116270185,2517.348045,2516.5411000000004,LONG,signal_reverse,-0.23205536086289627,1.0,20.000000000000004
2024-08-31 21:00:00,2024-09-01 00:00:00,19.17434529481935,3.9737081981295668,2516.5411000000004,2506.682715,SHORT,signal_reverse,0.1917434529481935,1.0,20.0
2024-09-01 00:00:00,2024-09-01 05:00:00,-194.39309226656485,3.989336161357781,2506.682715,2462.9679,LONG,stop_loss,-1.9439309226656483,1.0,20.0
2024-09-01 08:00:00,2024-09-01 14:00:00,-124.18102013307369,4.032226538357831,2480.0193900000004,2454.182295,LONG,stop_loss,-1.241810201330737,1.0,20.0
2024-09-01 14:00:00,2024-09-01 18:00:00,124.7326764041537,4.0706042977550085,2456.6377049999996,2492.1932800000004,LONG,signal_reverse,1.2473267640415369,1.0,20.0
2024-09-01 18:00:00,2024-09-01 22:00:00,323.5953410483474,4.01252987890249,2492.19328,2406.56268,SHORT,signal_reverse,3.235953410483474,1.0,20.0
2024-09-01 22:00:00,2024-09-02 08:00:00,232.69657634680922,4.1553041951103475,2406.56268,2467.375695,LONG,signal_reverse,2.3269657634680923,1.0,20.0
2024-09-02 08:00:00,2024-09-02 09:00:00,-223.05953042144793,4.052889075735181,2467.375695,2517.4781099999996,SHORT,stop_loss,-2.2305953042144795,1.0,20.000000000000004
2024-09-02 14:00:00,2024-09-02 20:00:00,-168.18966813607068,3.9711215592554794,2518.18028,2555.49711,SHORT,stop_loss,-1.6818966813607068,1.0,20.0
2024-09-03 03:00:00,2024-09-03 13:00:00,-232.6466783420085,3.9724344116270185,2517.348045,2463.8174750000003,LONG,stop_loss,-2.326466783420085,1.0,20.000000000000004
2024-09-03 13:00:00,2024-09-03 23:00:00,-193.11449344190518,4.054685502829811,2466.282525,2423.5876000000003,LONG,stop_loss,-1.9311449344190517,1.0,20.0
2024-09-03 23:00:00,2024-09-04 00:00:00,-149.4729573517413,4.12199047292586,2426.0124,2394.6021000000005,LONG,stop_loss,-1.4947295735174126,1.0,20.0
2024-09-04 12:00:00,2024-09-04 14:00:00,-176.25473748321656,4.163390676691519,2401.8884550000002,2439.4190999999996,SHORT,stop_loss,-1.7625473748321658,1.0,20.0
2024-09-04 19:00:00,2024-09-05 03:00:00,161.53653813509837,4.080260394873932,2450.8239750000002,2406.332565,SHORT,signal_reverse,1.6153653813509836,1.0,20.0
2024-09-05 03:00:00,2024-09-05 14:00:00,-146.83643750630083,4.155701562389819,2406.332565,2375.8115000000003,LONG,stop_loss,-1.4683643750630082,1.0,20.0
2024-09-05 14:00:00,2024-09-06 01:00:00,27.456982488982604,4.204881152187894,2378.1885,2389.474665,LONG,signal_reverse,0.27456982488982606,1.0,20.0
2024-09-06 01:00:00,2024-09-06 07:00:00,164.73761470076312,4.185020308637589,2389.474665,2345.3320799999997,SHORT,signal_reverse,1.6473761470076311,1.0,20.0
2024-09-06 07:00:00,2024-09-06 12:00:00,203.75686346302186,4.263788520728375,2345.3320799999997,2397.810495,LONG,signal_reverse,2.0375686346302184,1.0,20.000000000000004
2024-09-06 12:00:00,2024-09-06 14:00:00,273.79884334854654,4.17047136162443,2397.810495,2327.3630999999996,SHORT,signal_reverse,2.7379884334854654,1.0,20.0
2024-09-06 14:00:00,2024-09-06 15:00:00,-189.75262691068664,4.296708150094843,2327.3631,2287.8555,LONG,stop_loss,-1.8975262691068664,1.0,20.0
2024-09-07 04:00:00,2024-09-07 06:00:00,-148.79039519759672,4.4466677783336115,2248.875,2277.8383499999995,SHORT,stop_loss,-1.4879039519759674,1.0,20.0
2024-09-07 17:00:00,2024-09-08 02:00:00,17.516174028535932,4.3973121183427155,2274.11649,2282.648105,LONG,signal_reverse,0.17516174028535933,1.0,20.0
2024-09-08 02:00:00,2024-09-08 12:00:00,-0.463129685949851,4.380876744906767,2282.6481049999998,2278.188525,SHORT,signal_reverse,-0.004631296859498511,1.0,20.0
2024-09-08 12:00:00,2024-09-08 15:00:00,-166.04386175634897,4.38945236105954,2278.188525,2244.91698,LONG,stop_loss,-1.6604386175634898,1.0,20.0
2024-09-08 22:00:00,2024-09-09 05:00:00,-7.1344684965392835,4.362424513833145,2292.3032749999998,2289.354105,SHORT,signal_reverse,-0.07134468496539284,1.0,20.0
2024-09-09 05:00:00,2024-09-09 06:00:00,42.478277033513955,4.368044234904413,2289.354105,2303.657595,LONG,signal_reverse,0.42478277033513956,1.0,20.0
2024-09-09 06:00:00,2024-09-09 09:00:00,-84.55425507799757,4.34092289657309,2303.657595,2318.5286849999998,SHORT,stop_loss,-0.8455425507799756,1.0,20.0
2024-09-09 13:00:00,2024-09-09 14:00:00,148.77512484811297,4.310995945920014,2319.649595,2280.49968,SHORT,signal_reverse,1.4877512484811295,1.0,20.0
2024-09-09 14:00:00,2024-09-09 16:00:00,247.8752403946844,4.385003904056675,2280.4996800000004,2341.5886200000004,LONG,signal_reverse,2.478752403946844,1.0,20.0
2024-09-09 16:00:00,2024-09-09 21:00:00,-146.00990091931513,4.270604970739908,2341.58862,2371.0949549999996,SHORT,stop_loss,-1.4600990091931512,1.0,20.0
2024-09-10 07:00:00,2024-09-10 13:00:00,103.06024818671733,4.232932887088236,2362.428195,2333.356095,SHORT,signal_reverse,1.0306024818671733,1.0,20.0
2024-09-10 13:00:00,2024-09-10 17:00:00,50.02133122762877,4.2856724789792535,2333.356095,2349.6945650000002,LONG,signal_reverse,0.5002133122762877,1.0,20.000000000000004
2024-09-10 17:00:00,2024-09-10 18:00:00,-106.52126664812032,4.255872294618854,2349.694565,2370.02442,SHORT,stop_loss,-1.0652126664812032,1.0,19.999999999999996
2024-09-11 01:00:00,2024-09-11 10:00:00,-172.86056258317578,4.252812514094751,2351.385105,2315.4417,LONG,stop_loss,-1.7286056258317577,1.0,20.0
2024-09-11 13:00:00,2024-09-11 16:00:00,226.83071011806774,4.368483334098473,2289.12399,2345.6266000000005,LONG,signal_reverse,2.2683071011806772,1.0,20.0
2024-09-11 16:00:00,2024-09-12 02:00:00,-100.72508215928292,4.263253153762837,2345.6266,2364.56169,SHORT,stop_loss,-1.007250821592829,1.0,20.0
2024-09-12 09:00:00,2024-09-12 15:00:00,-152.8586139487443,4.249051987106447,2353.466145,2322.1983200000004,LONG,stop_loss,-1.528586139487443,1.0,19.999999999999996
2024-09-12 17:00:00,2024-09-13 04:00:00,-24.722430671304394,4.258009567751757,2348.515155,2349.6242249999996,SHORT,signal_reverse,-0.24722430671304396,1.0,20.000000000000004
2024-09-13 04:00:00,2024-09-13 10:00:00,66.82311742849154,4.255999701399061,2349.624225,2370.0243950000004,LONG,signal_reverse,0.6682311742849154,1.0,20.0
2024-09-13 10:00:00,2024-09-13 15:00:00,-186.5373153258186,4.21936585171732,2370.024395,2409.4941449999997,SHORT,stop_loss,-1.865373153258186,1.0,20.0
2024-09-14 03:00:00,2024-09-14 05:00:00,43.52933035058452,4.110603135335823,2432.733025,2417.278035,SHORT,signal_reverse,0.4352933035058453,1.0,20.0
2024-09-14 05:00:00,2024-09-14 18:00:00,-63.90049405301605,4.136884485445631,2417.2780350000003,2406.666065,LONG,stop_loss,-0.6390049405301604,1.0,20.000000000000004
2024-09-15 00:00:00,2024-09-15 04:00:00,-17.514520029301345,4.133854421116172,2419.0498700000003,2418.4486199999997,SHORT,signal_reverse,-0.17514520029301345,1.0,20.000000000000004
2024-09-15 04:00:00,2024-09-15 07:00:00,-3.9995980563749898,4.1348821377896385,2418.4486199999997,2422.318235,LONG,signal_reverse,-0.039995980563749894,1.0,20.0
2024-09-15 07:00:00,2024-09-15 08:00:00,1.3855880914024121,4.128276729089644,2422.318235,2417.137965,SHORT,signal_reverse,0.013855880914024121,1.0,20.000000000000004
2024-09-15 08:00:00,2024-09-15 17:00:00,-163.43324833756355,4.137124212518834,2417.137965,2382.46817,LONG,stop_loss,-1.6343324833756354,1.0,20.0
2024-09-16 08:00:00,2024-09-16 09:00:00,71.92397674855394,4.320527575474535,2314.532155,2293.256055,SHORT,signal_reverse,0.7192397674855394,1.0,20.0
2024-09-16 09:00:00,2024-09-16 17:00:00,29.541175200340735,4.360612055595335,2293.2560550000003,2304.617115,LONG,signal_reverse,0.29541175200340736,1.0,20.0
2024-09-16 17:00:00,2024-09-16 19:00:00,101.70958818901391,4.339115567142701,2304.617115,2276.5677149999997,SHORT,signal_reverse,1.0170958818901392,1.0,20.000000000000004
2024-09-16 19:00:00,2024-09-17 05:00:00,85.03298383110236,4.3925774463510745,2276.5677149999997,2300.479185,LONG,signal_reverse,0.8503298383110236,1.0,20.0
2024-09-17 05:00:00,2024-09-17 14:00:00,-224.80091846603625,4.346920443881347,2300.479185,2347.59321,SHORT,stop_loss,-2.2480091846603623,1.0,20.0
2024-09-17 14:00:00,2024-09-17 15:00:00,-191.94523054863544,4.263943582670888,2345.24679,2385.57219,SHORT,stop_loss,-1.9194523054863541,1.0,20.0
2024-09-18 00:00:00,2024-09-18 10:00:00,-113.92079069832721,4.299425093989678,2325.892365,2304.0474,LONG,stop_loss,-1.1392079069832721,1.0,20.0
2024-09-18 13:00:00,2024-09-18 18:00:00,150.33329726269832,4.354779363165688,2296.32759,2335.4416950000004,LONG,signal_reverse,1.5033329726269833,1.0,20.0
2024-09-18 18:00:00,2024-09-18 23:00:00,-192.5394390545895,4.281845280663279,2335.441695,2375.737275,SHORT,stop_loss,-1.925394390545895,1.0,19.999999999999996
2024-09-19 15:00:00,2024-09-19 16:00:00,-165.3230098084612,4.099738772844872,2439.1798,2474.626695,SHORT,stop_loss,-1.653230098084612,1.0,20.0
2024-09-19 22:00:00,2024-09-20 00:00:00,68.16484612884254,4.046218071586548,2471.44366,2449.6542149999996,SHORT,signal_reverse,0.6816484612884254,1.0,20.0
2024-09-20 00:00:00,2024-09-20 03:00:00,264.5115019631467,4.082208802681974,2449.654215,2519.3496950000003,LONG,signal_reverse,2.6451150196314672,1.0,20.0
2024-09-20 03:00:00,2024-09-20 05:00:00,-123.56795665081259,3.969278270438753,2519.3496950000003,2545.442085,SHORT,stop_loss,-1.235679566508126,1.0,20.0
2024-09-20 12:00:00,2024-09-21 04:00:00,32.19791204042529,3.9175695417367398,2552.60306,2539.279005,SHORT,signal_reverse,0.3219791204042529,1.0,20.0
2024-09-21 04:00:00,2024-09-21 07:00:00,41.17071014809496,3.938125735812949,2539.2790050000003,2554.811955,LONG,signal_reverse,0.41170710148094963,1.0,20.0
2024-09-21 07:00:00,2024-09-21 23:00:00,-253.14663094254914,3.9141824040822604,2554.811955,2614.376535,SHORT,stop_loss,-2.5314663094254914,1.0,20.0
2024-09-22 06:00:00,2024-09-22 17:00:00,-13.506332834799052,3.872515991317594,2582.300505,2583.977365,LONG,signal_reverse,-0.1350633283479905,1.0,20.0
2024-09-22 17:00:00,2024-09-22 21:00:00,114.3021245853688,3.8700029402153837,2583.977365,2549.274,SHORT,signal_reverse,1.1430212458536881,1.0,20.0
2024-09-22 21:00:00,2024-09-22 22:00:00,133.81285024677868,3.922685439070104,2549.274,2588.4851100000005,LONG,signal_reverse,1.3381285024677867,1.0,20.0
2024-09-22 22:00:00,2024-09-23 02:00:00,-209.50466359839106,3.863263482323064,2588.48511,2637.5381099999995,SHORT,stop_loss,-2.095046635983911,1.0,20.0
2024-09-23 09:00:00,2024-09-23 16:00:00,-57.70275379755716,3.7665182777738297,2654.9718500000004,2664.981825,SHORT,stop_loss,-0.5770275379755716,1.0,20.0
2024-09-23 22:00:00,2024-09-24 07:00:00,-27.91870625545967,3.7769725649966457,2647.6231500000004,2645.526575,LONG,signal_reverse,-0.2791870625545967,1.0,20.0
2024-09-24 07:00:00,2024-09-24 12:00:00,23.16788993132709,3.779965808886271,2645.526575,2634.106395,SHORT,signal_reverse,0.2316788993132709,1.0,20.0
2024-09-24 12:00:00,2024-09-24 14:00:00,-103.9868884643116,3.7963538674754256,2634.106395,2611.9833550000003,LONG,stop_loss,-1.039868884643116,1.0,20.0
2024-09-24 14:00:00,2024-09-24 17:00:00,100.55257188628461,3.8246817225606895,2614.596645,2646.11628,LONG,signal_reverse,1.0055257188628461,1.0,20.0
2024-09-24 17:00:00,2024-09-25 04:00:00,52.57232097147514,3.7791234178114044,2646.11628,2626.9127999999996,SHORT,signal_reverse,0.5257232097147515,1.0,20.0
2024-09-25 04:00:00,2024-09-25 17:00:00,-220.46561880546628,3.8067498852645585,2626.9128,2574.25223,LONG,stop_loss,-2.204656188054663,1.0,20.0
2024-09-26 00:00:00,2024-09-26 02:00:00,69.3914085575145,3.88726071621667,2572.5056099999997,2595.5016000000005,LONG,signal_reverse,0.693914085575145,1.0,20.0
2024-09-26 02:00:00,2024-09-26 07:00:00,-155.6697295043083,3.852819817179076,2595.5016,2630.7147,SHORT,stop_loss,-1.556697295043083,1.0,20.0
2024-09-26 15:00:00,2024-09-27 01:00:00,67.93618964674225,3.7723408872824926,2650.8738999999996,2627.5631249999997,SHORT,signal_reverse,0.6793618964674225,1.0,20.0
2024-09-27 01:00:00,2024-09-27 04:00:00,45.13211742534257,3.805807710138267,2627.563125,2644.677,LONG,signal_reverse,0.45132117425342566,1.0,20.0
2024-09-27 04:00:00,2024-09-27 10:00:00,-15.81848747502929,3.781180083617016,2644.677,2643.571125,SHORT,signal_reverse,-0.1581848747502929,1.0,20.0
2024-09-27 10:00:00,2024-09-27 13:00:00,49.78136440342632,3.782761850222585,2643.571125,2662.018325,LONG,signal_reverse,0.49781364403426326,1.0,20.0
2024-09-27 13:00:00,2024-09-27 16:00:00,-239.57485961333538,3.756548144723985,2662.018325,2720.469555,SHORT,stop_loss,-2.3957485961333536,1.0,20.0
2024-09-27 22:00:00,2024-09-28 05:00:00,54.17764714012096,3.6968620101799936,2704.9968249999997,2684.931795,SHORT,signal_reverse,0.5417764714012097,1.0,20.0
2024-09-28 05:00:00,2024-09-28 19:00:00,-47.640255196872594,3.7244893962008447,2684.931795,2677.5105750000002,LONG,signal_reverse,-0.47640255196872594,1.0,20.0
2024-09-28 19:00:00,2024-09-29 00:00:00,7.623364288671784,3.7348125132988508,2677.510575,2670.11439,SHORT,signal_reverse,0.07623364288671784,1.0,20.0
2024-09-29 00:00:00,2024-09-29 15:00:00,-36.69548322235086,3.745157899396213,2670.11439,2665.656505,LONG,signal_reverse,-0.3669548322235086,1.0,20.000000000000004
2024-09-29 15:00:00,2024-09-29 22:00:00,8.991751133367963,3.7514210781632573,2665.656505,2657.9282999999996,SHORT,signal_reverse,0.08991751133367963,1.0,20.0
2024-09-29 22:00:00,2024-09-30 01:00:00,-183.75970337499328,3.7623287279796074,2657.9283,2614.402145,LONG,stop_loss,-1.837597033749933,1.0,20.0
2024-09-30 09:00:00,2024-10-01 00:00:00,8.08697087670206,3.833100994707915,2608.853775,2616.181255,LONG,signal_reverse,0.08086970876702058,1.0,20.0
2024-10-01 00:00:00,2024-10-01 06:00:00,-177.20139772960732,3.8223651289023555,2616.181255,2657.30799,SHORT,stop_loss,-1.7720139772960732,1.0,20.000000000000004
2024-10-01 12:00:00,2024-10-01 13:00:00,-189.5558890069239,3.811860240248438,2623.39104,2578.9099,LONG,stop_loss,-1.895558890069239,1.0,20.0
2024-10-02 09:00:00,2024-10-02 18:00:00,-284.9488915073564,4.075434250255096,2453.72625,2388.715045,LONG,stop_loss,-2.8494889150735636,1.0,20.0
2024-10-02 18:00:00,2024-10-02 22:00:00,-63.89541738037035,4.18216690115972,2391.104955,2380.6091,LONG,stop_loss,-0.6389541738037035,1.0,20.0
2024-10-03 07:00:00,2024-10-03 08:00:00,-143.89850833818545,4.227020997124452,2365.7322750000003,2336.421205,LONG,stop_loss,-1.4389850833818547,1.0,20.0
2024-10-03 11:00:00,2024-10-03 14:00:00,-178.31095030356198,4.249431353844523,2353.2560399999998,2316.00142,LONG,stop_loss,-1.7831095030356199,1.0,20.0
2024-10-03 16:00:00,2024-10-04 01:00:00,194.51928664644208,4.299073731031874,2326.08246,2375.981415,LONG,signal_reverse,1.9451928664644207,1.0,20.0
2024-10-04 01:00:00,2024-10-04 14:00:00,13.325071273759507,4.208787129759599,2375.981415,2368.06344,SHORT,signal_reverse,0.13325071273759506,1.0,20.0
2024-10-04 14:00:00,2024-10-04 15:00:00,179.98723091641648,4.222859840275225,2368.06344,2415.4216850000003,LONG,signal_reverse,1.7998723091641646,1.0,20.0
2024-10-04 15:00:00,2024-10-05 02:00:00,31.215736270086104,4.140063849762117,2415.4216850000003,2403.0509249999996,SHORT,signal_reverse,0.31215736270086103,1.0,20.000000000000004
2024-10-05 02:00:00,2024-10-05 06:00:00,62.341367776050625,4.1613766466476365,2403.050925,2422.8379750000004,LONG,signal_reverse,0.6234136777605063,1.0,20.000000000000004
2024-10-05 06:00:00,2024-10-05 13:00:00,27.477008857765693,4.127391143437893,2422.8379750000004,2411.3350649999998,SHORT,signal_reverse,0.27477008857765695,1.0,20.0
2024-10-05 13:00:00,2024-10-05 22:00:00,2.4603999610478833,4.147080239966567,2411.335065,2416.75102,LONG,signal_reverse,0.024603999610478832,1.0,20.0
2024-10-05 22:00:00,2024-10-06 14:00:00,-174.0719738684547,4.137786605754696,2416.75102,2453.9863800000003,SHORT,stop_loss,-1.7407197386845472,1.0,20.000000000000004
2024-10-06 17:00:00,2024-10-06 21:00:00,68.7508366619278,4.097404978008193,2440.569105,2418.90885,SHORT,signal_reverse,0.6875083666192782,1.0,20.0
2024-10-06 21:00:00,2024-10-07 00:00:00,258.2552968045925,4.134095420751386,2418.90885,2486.2162700000003,LONG,signal_reverse,2.582552968045925,1.0,20.0
2024-10-07 00:00:00,2024-10-07 09:00:00,87.78296049040075,4.022176236502547,2486.21627,2459.4190949999997,SHORT,signal_reverse,0.8778296049040075,1.0,20.0
2024-10-07 09:00:00,2024-10-07 14:00:00,135.3272074599387,4.066000796826374,2459.419095,2497.620565,LONG,signal_reverse,1.3532720745993871,1.0,20.0
2024-10-07 14:00:00,2024-10-07 18:00:00,266.8657713826903,4.003810722947023,2497.6205649999997,2425.97238,SHORT,signal_reverse,2.668657713826903,1.0,20.0
2024-10-07 18:00:00,2024-10-08 13:00:00,64.06453910246127,4.12205847125102,2425.97238,2446.3662050000003,LONG,signal_reverse,0.6406453910246127,1.0,20.0
2024-10-08 13:00:00,2024-10-08 15:00:00,89.61987189485406,4.087695447869383,2446.3662050000003,2419.5491700000002,SHORT,signal_reverse,0.8961987189485406,1.0,20.0
2024-10-08 15:00:00,2024-10-08 21:00:00,123.13875258009257,4.133001355785631,2419.5491700000002,2454.182295,LONG,signal_reverse,1.2313875258009257,1.0,20.0
2024-10-08 21:00:00,2024-10-09 07:00:00,52.26309160542626,4.074676938373072,2454.182295,2436.447615,SHORT,signal_reverse,0.5226309160542626,1.0,20.0
2024-10-09 07:00:00,2024-10-09 15:00:00,69.93663506284894,4.104336140221099,2436.447615,2458.3602050000004,LONG,signal_reverse,0.6993663506284893,1.0,20.000000000000004
2024-10-09 15:00:00,2024-10-09 18:00:00,157.00166522179853,4.067752146191286,2458.360205,2414.8468199999998,SHORT,signal_reverse,1.5700166522179853,1.0,20.0
2024-10-09 18:00:00,2024-10-09 20:00:00,-272.70472435183086,4.141049410330714,2414.8468199999998,2353.8225,LONG,stop_loss,-2.727047243518309,1.0,19.999999999999996
2024-10-10 05:00:00,2024-10-10 08:00:00,66.1064433512769,4.16399714544671,2401.5386299999996,2380.8598349999997,SHORT,signal_reverse,0.6610644335127689,1.0,20.0
2024-10-10 08:00:00,2024-10-10 11:00:00,71.34624256450546,4.200163257405701,2380.859835,2402.608095,LONG,signal_reverse,0.7134624256450546,1.0,20.0
2024-10-10 11:00:00,2024-10-10 13:00:00,66.60501079348874,4.162143639160593,2402.608095,2381.800305,SHORT,signal_reverse,0.6660501079348874,1.0,20.0
2024-10-10 13:00:00,2024-10-10 15:00:00,60.47950098822482,4.198504794464705,2381.800305,2400.9689150000004,LONG,signal_reverse,0.6047950098822482,1.0,19.999999999999996
2024-10-10 15:00:00,2024-10-10 17:00:00,100.63256970571697,4.164985201401493,2400.968915,2372.00541,SHORT,signal_reverse,1.0063256970571697,1.0,20.0
2024-10-10 17:00:00,2024-10-10 18:00:00,-97.70970893358951,4.2158419866335795,2372.00541,2353.5726250000002,LONG,stop_loss,-0.9770970893358951,1.0,19.999999999999996
2024-10-11 01:00:00,2024-10-11 15:00:00,-190.79007572260474,4.160101497823536,2403.787505,2444.84181,SHORT,stop_loss,-1.9079007572260474,1.0,20.0
2024-10-12 02:00:00,2024-10-12 05:00:00,12.770043704955212,4.102247308093523,2437.6882349999996,2445.67655,LONG,signal_reverse,0.1277004370495521,1.0,20.0
2024-10-12 05:00:00,2024-10-12 15:00:00,-135.91821085253375,4.088848134885212,2445.67655,2474.026395,SHORT,stop_loss,-1.3591821085253375,1.0,20.0
2024-10-12 21:00:00,2024-10-13 01:00:00,19.493114469665414,4.035349125674827,2478.10033,2468.3135399999996,SHORT,signal_reverse,0.19493114469665415,1.0,20.000000000000004
2024-10-13 01:00:00,2024-10-13 21:00:00,-41.09014886333981,4.051349165309039,2468.31354,2463.1078300000004,LONG,signal_reverse,-0.41090148863339815,1.0,20.0
2024-10-13 21:00:00,2024-10-14 00:00:00,19.672542472489752,4.059911579266913,2463.10783,2453.336055,SHORT,signal_reverse,0.1967254247248975,1.0,20.0
2024-10-14 00:00:00,2024-10-14 03:00:00,247.24371847215042,4.0760824346177875,2453.336055,2518.89992,LONG,signal_reverse,2.472437184721504,1.0,20.0
2024-10-14 03:00:00,2024-10-14 12:00:00,-165.13149057545743,3.969987025129605,2518.89992,2555.45709,SHORT,stop_loss,-1.6513149057545744,1.0,20.0
2024-10-15 03:00:00,2024-10-15 13:00:00,196.6053850573523,3.827684356378818,2612.54562,2669.134765,LONG,signal_reverse,1.966053850573523,1.0,20.0
2024-10-15 13:00:00,2024-10-15 14:00:00,355.8933655790887,3.7465324460677807,2669.134765,2568.80376,SHORT,signal_reverse,3.558933655790887,1.0,20.0
2024-10-15 14:00:00,2024-10-15 23:00:00,123.69618487322857,3.8928625672830695,2568.80376,2605.7164900000002,LONG,signal_reverse,1.2369618487322858,1.0,20.000000000000004
2024-10-15 23:00:00,2024-10-16 10:00:00,-63.71699700914192,3.8377160517566513,2605.71649,2617.1079,SHORT,stop_loss,-0.6371699700914192,1.0,19.999999999999996
2024-10-16 11:00:00,2024-10-16 13:00:00,60.92307281101735,3.804212389923355,2628.66501,2607.393045,SHORT,signal_reverse,0.6092307281101734,1.0,20.0
2024-10-16 13:00:00,2024-10-16 17:00:00,25.166627342905894,3.835248398463071,2607.3930450000003,2619.16976,LONG,signal_reverse,0.25166627342905895,1.0,20.000000000000004
2024-10-16 17:00:00,2024-10-17 09:00:00,-13.273784590424276,3.8180037631466845,2619.16976,2617.4080499999995,SHORT,signal_reverse,-0.13273784590424276,1.0,20.0
2024-10-17 09:00:00,2024-10-17 15:00:00,22.96985714550629,3.8205735632241216,2617.40805,2628.655015,LONG,signal_reverse,0.2296985714550629,1.0,20.0
2024-10-17 15:00:00,2024-10-17 18:00:00,134.001094738557,3.8042268547742473,2628.655015,2588.17344,SHORT,signal_reverse,1.34001094738557,1.0,20.000000000000004
2024-10-17 18:00:00,2024-10-18 01:00:00,187.1538335545245,3.863728699727326,2588.17344,2641.788445,LONG,signal_reverse,1.871538335545245,1.0,20.0
2024-10-18 01:00:00,2024-10-18 12:00:00,71.71938065616045,3.785314459576266,2641.788445,2617.558125,SHORT,signal_reverse,0.7171938065616045,1.0,20.0
2024-10-18 12:00:00,2024-10-18 14:00:00,67.60443476302895,3.8203545145726228,2617.558125,2640.489095,LONG,signal_reverse,0.6760443476302895,1.0,20.0
2024-10-18 14:00:00,2024-10-18 22:00:00,-10.226053177471174,3.7871771631005355,2640.489095,2637.908295,SHORT,signal_reverse,-0.10226053177471174,1.0,20.0
2024-10-18 22:00:00,2024-10-19 14:00:00,21.0426511813209,3.7908823513517933,2637.908295,2648.73497,LONG,signal_reverse,0.21042651181320898,1.0,20.0
2024-10-19 14:00:00,2024-10-20 01:00:00,7.238927570017494,3.7753871615173336,2648.73497,2641.5200999999997,SHORT,signal_reverse,0.07238927570017495,1.0,20.0
2024-10-20 01:00:00,2024-10-20 06:00:00,9.243067277816818,3.78569899960254,2641.5200999999997,2649.2447150000003,LONG,signal_reverse,0.09243067277816817,1.0,20.0
2024-10-20 06:00:00,2024-10-20 14:00:00,-255.16279808828332,3.7746607338235263,2649.2447150000003,2711.545095,SHORT,stop_loss,-2.5516279808828335,1.0,20.0
2024-10-21 04:00:00,2024-10-21 07:00:00,28.648299016629533,3.6548621897205886,2736.081275,2722.770705,SHORT,signal_reverse,0.2864829901662953,1.0,20.0
2024-10-21 07:00:00,2024-10-21 13:00:00,-214.82446649873074,3.6727293934947784,2722.770705,2669.72447,LONG,stop_loss,-2.1482446649873075,1.0,20.0
2024-10-21 23:00:00,2024-10-22 00:00:00,-138.85695841427727,3.749274152240608,2667.182925,2635.4816000000005,LONG,stop_loss,-1.3885695841427728,1.0,20.0
2024-10-22 08:00:00,2024-10-22 22:00:00,-6.546160008714532,3.8023618762437557,2629.944315,2633.4826000000003,LONG,signal_reverse,-0.06546160008714531,1.0,20.0
2024-10-22 22:00:00,2024-10-23 00:00:00,52.36060720507662,3.797253112665335,2633.4826000000003,2614.42656,SHORT,signal_reverse,0.5236060720507663,1.0,20.0
2024-10-23 00:00:00,2024-10-23 08:00:00,-176.7988966574754,3.824930542321296,2614.42656,2573.43264,LONG,stop_loss,-1.7679889665747541,1.0,20.0
2024-10-24 00:00:00,2024-10-24 08:00:00,85.07014423123312,3.9281980161724035,2545.6965149999996,2518.948845,SHORT,signal_reverse,0.8507014423123311,1.0,20.0
2024-10-24 08:00:00,2024-10-24 19:00:00,52.815591457555286,3.969909916928067,2518.948845,2537.29072,LONG,signal_reverse,0.5281559145755528,1.0,20.0
2024-10-24 19:00:00,2024-10-25 00:00:00,26.816255253557358,3.9412117504611377,2537.29072,2525.4120749999997,SHORT,signal_reverse,0.2681625525355736,1.0,20.0
2024-10-25 00:00:00,2024-10-25 05:00:00,-151.02360730574966,3.959749816275033,2525.412075,2492.3232150000003,LONG,stop_loss,-1.5102360730574966,1.0,20.0
2024-10-25 08:00:00,2024-10-25 13:00:00,-166.8694759947785,3.97663010045932,2514.692025,2551.6251749999997,SHORT,stop_loss,-1.668694759947785,1.0,20.0
2024-10-25 17:00:00,2024-10-25 23:00:00,-225.34691645170585,4.022425165102754,2486.06241,2435.0118850000003,LONG,stop_loss,-2.2534691645170586,1.0,20.0
2024-10-26 05:00:00,2024-10-26 14:00:00,69.06340597175453,4.053168195804081,2467.2057800000002,2445.2320050000003,SHORT,signal_reverse,0.6906340597175453,1.0,20.000000000000004
2024-10-26 14:00:00,2024-10-26 17:00:00,101.46049920526791,4.08959149052198,2445.2320050000003,2474.931915,LONG,signal_reverse,1.0146049920526792,1.0,20.0
2024-10-26 17:00:00,2024-10-27 02:00:00,-6.598722252122508,4.040515191303757,2474.931915,2471.61519,SHORT,signal_reverse,-0.06598722252122508,1.0,19.999999999999996
2024-10-27 02:00:00,2024-10-27 03:00:00,16.024742184888417,4.045937264206569,2471.61519,2480.5191200000004,LONG,signal_reverse,0.1602474218488842,1.0,19.999999999999996
2024-10-27 03:00:00,2024-10-27 08:00:00,7.505895620753647,4.031414198492451,2480.5191200000004,2473.69623,SHORT,signal_reverse,0.07505895620753647,1.0,20.0
2024-10-27 08:00:00,2024-10-27 13:00:00,10.16768958733523,4.042533549076881,2473.69623,2481.1588,LONG,signal_reverse,0.10167689587335231,1.0,20.0
2024-10-27 13:00:00,2024-10-27 22:00:00,-147.42820008134842,4.0303748393694105,2481.1588,2512.77576,SHORT,stop_loss,-1.4742820008134843,1.0,20.0
2024-10-28 01:00:00,2024-10-28 07:00:00,45.7665013745859,4.01479891817389,2490.7847699999998,2507.16579,LONG,signal_reverse,0.45766501374585905,1.0,20.0
2024-10-28 07:00:00,2024-10-28 15:00:00,8.025051346924366,3.9885675051429286,2507.16579,2500.139445,SHORT,signal_reverse,0.08025051346924365,1.0,20.0
2024-10-28 15:00:00,2024-10-28 20:00:00,39.56631750994346,3.9997769004440475,2500.139445,2515.031855,LONG,signal_reverse,0.3956631750994346,1.0,20.0
2024-10-28 20:00:00,2024-10-28 22:00:00,-231.49479635517272,3.976092779946121,2515.031855,2568.22347,SHORT,stop_loss,-2.314947963551727,1.0,20.0
2024-10-29 13:00:00,2024-10-29 17:00:00,-104.6614739181804,3.795481273449325,2634.7119850000004,2657.017845,SHORT,stop_loss,-1.046614739181804,1.0,20.0
2024-10-29 19:00:00,2024-10-30 03:00:00,32.808406169466515,3.8081712776518604,2625.9323099999997,2639.7994400000002,LONG,signal_reverse,0.32808406169466514,1.0,20.0
2024-10-30 03:00:00,2024-10-30 06:00:00,-89.01624693124482,3.7881665737454666,2639.79944,2658.018345,SHORT,stop_loss,-0.8901624693124481,1.0,20.0
2024-10-30 12:00:00,2024-10-30 18:00:00,38.29392064831817,3.7262440368008405,2683.667495,2668.023345,SHORT,signal_reverse,0.3829392064831817,1.0,20.0
2024-10-30 18:00:00,2024-10-31 08:00:00,-143.95498735787885,3.7480931412164984,2668.023345,2634.951865,LONG,stop_loss,-1.4395498735787886,1.0,20.0
2024-10-31 13:00:00,2024-10-31 14:00:00,-215.03205497626985,3.840066734830155,2604.12141,2553.332695,LONG,stop_loss,-2.1503205497626987,1.0,20.0
2024-11-01 06:00:00,2024-11-01 10:00:00,43.17925099922467,4.00059338401309,2499.62919,2515.42166,LONG,signal_reverse,0.4317925099922467,1.0,20.0
2024-11-01 10:00:00,2024-11-01 13:00:00,-250.0383308299893,3.975476620488352,2515.42166,2573.286,SHORT,stop_loss,-2.500383308299893,1.0,20.0
2024-11-01 15:00:00,2024-11-03 02:00:00,-292.396559713093,3.9989767498272077,2500.639695,2432.52313,LONG,stop_loss,-2.9239655971309295,1.0,20.0
2024-11-03 07:00:00,2024-11-03 15:00:00,-60.22176137841766,4.081225346771617,2450.24451,2440.389195,LONG,stop_loss,-0.6022176137841766,1.0,20.0
2024-11-03 18:00:00,2024-11-03 20:00:00,145.9428330389278,4.123350865821215,2425.212,2465.4566550000004,LONG,signal_reverse,1.459428330389278,1.0,20.0
2024-11-03 20:00:00,2024-11-04 14:00:00,42.95912754548137,4.056043727120403,2465.456655,2449.934355,SHORT,signal_reverse,0.42959127545481374,1.0,20.000000000000004
2024-11-04 14:00:00,2024-11-04 16:00:00,-174.98758128970238,4.081742018757071,2449.934355,2411.963415,LONG,stop_loss,-1.7498758128970238,1.0,20.000000000000004
2024-11-04 23:00:00,2024-11-05 04:00:00,96.15531591433064,4.16958787993535,2398.3185599999997,2426.176305,LONG,signal_reverse,0.9615531591433064,1.0,20.000000000000004
2024-11-05 04:00:00,2024-11-05 14:00:00,-202.4199457755385,4.121712003942764,2426.176305,2470.4345999999996,SHORT,stop_loss,-2.024199457755385,1.0,20.0
2024-11-05 16:00:00,2024-11-05 19:00:00,188.34010452483784,4.063984898167095,2460.639065,2409.374085,SHORT,signal_reverse,1.8834010452483785,1.0,20.0
2024-11-05 19:00:00,2024-11-06 00:00:00,290.9651816479972,4.150455532105552,2409.374085,2484.29723,LONG,signal_reverse,2.9096518164799723,1.0,20.000000000000004
2024-11-06 00:00:00,2024-11-06 02:00:00,-365.2371115834632,4.0252832387531985,2484.29723,2570.06439,SHORT,stop_loss,-3.652371115834632,1.0,20.0
2024-11-06 15:00:00,2024-11-06 18:00:00,-199.0732954540495,3.795682862809383,2634.572055,2681.750205,SHORT,stop_loss,-1.9907329545404948,1.0,20.0
2024-11-07 08:00:00,2024-11-07 11:00:00,71.81474078462404,3.544718176818018,2821.0987450000002,2795.1969,SHORT,signal_reverse,0.7181474078462403,1.0,20.0
2024-11-07 11:00:00,2024-11-07 15:00:00,168.7109097752633,3.57756550173621,2795.1969000000004,2847.945315,LONG,signal_reverse,1.6871090977526328,1.0,20.0
2024-11-07 15:00:00,2024-11-07 18:00:00,-143.9335067780271,3.511303376272869,2847.945315,2883.2409000000002,SHORT,stop_loss,-1.439335067780271,1.0,20.0
2024-11-08 05:00:00,2024-11-08 18:00:00,-150.50197898908488,3.4185852429400936,2925.186675,2963.36094,SHORT,stop_loss,-1.5050197898908486,1.0,20.0
2024-11-08 18:00:00,2024-11-09 05:00:00,-299.42766607958424,3.3779229750194557,2960.39906,3043.1207999999997,SHORT,stop_loss,-2.994276660795842,1.0,20.0
2024-11-09 05:00:00,2024-11-09 19:00:00,-130.57896123232442,3.289387986997181,3040.0792,3073.6960799999997,SHORT,stop_loss,-1.3057896123232442,1.0,20.0
2024-11-10 15:00:00,2024-11-10 19:00:00,110.39629810016876,3.115008546812488,3210.264065,3168.40341,SHORT,signal_reverse,1.1039629810016878,1.0,20.0
2024-11-10 19:00:00,2024-11-10 20:00:00,-179.1122672096855,3.156163753781593,3168.4034100000003,3117.9902250000005,LONG,stop_loss,-1.7911226720968552,1.0,20.0
2024-11-11 02:00:00,2024-11-11 05:00:00,195.83765589420943,3.1216953878953215,3203.3875049999997,3134.2463399999997,SHORT,signal_reverse,1.9583765589420943,1.0,20.0
2024-11-11 05:00:00,2024-11-11 10:00:00,163.98970197090665,3.1905596801303115,3134.2463399999997,3191.913245,LONG,signal_reverse,1.6398970197090665,1.0,19.999999999999996
2024-11-11 10:00:00,2024-11-11 13:00:00,92.36524067871602,3.1329172293966905,3191.913245,3156.0472349999995,SHORT,signal_reverse,0.9236524067871602,1.0,20.0
2024-11-11 13:00:00,2024-11-11 15:00:00,246.5735292773598,3.1685203849618557,3156.047235,3240.1791000000003,LONG,signal_reverse,2.465735292773598,1.0,20.0
2024-11-11 15:00:00,2024-11-11 16:00:00,-151.63314027918892,3.0862491520916233,3240.1791000000003,3282.830595,SHORT,stop_loss,-1.5163314027918893,1.0,20.0
2024-11-12 06:00:00,2024-11-12 09:00:00,33.656894587126665,2.956788199226485,3382.0481299999997,3363.90111,SHORT,stop_loss,0.3365689458712667,1.0,20.0
2024-11-12 10:00:00,2024-11-12 12:00:00,-123.40956900736663,3.0433506075283323,3285.852105,3251.87325,LONG,stop_loss,-1.2340956900736662,1.0,20.0
2024-11-12 15:00:00,2024-11-12 16:00:00,-53.19063744251213,3.061640971377914,3266.222295,3255.3814950000005,LONG,stop_loss,-0.5319063744251212,1.0,19.999999999999996
2024-11-12 23:00:00,2024-11-13 04:00:00,-193.43022673256266,3.0776770699261062,3249.20379,3192.852775,LONG,stop_loss,-1.9343022673256265,1.0,20.0
2024-11-13 12:00:00,2024-11-13 13:00:00,135.4976065841475,3.1532164688876274,3171.3648900000003,3220.678855,LONG,signal_reverse,1.354976065841475,1.0,20.0
2024-11-13 13:00:00,2024-11-13 14:00:00,-350.8741411288574,3.1049354655386776,3220.678855,3327.24279,SHORT,stop_loss,-3.508741411288574,1.0,20.0
2024-11-13 19:00:00,2024-11-14 04:00:00,209.39472657813772,3.159755723203136,3164.80161,3237.40049,LONG,signal_reverse,2.0939472657813774,1.0,20.0
2024-11-14 04:00:00,2024-11-14 06:00:00,133.57211798037451,3.0888980312719974,3237.40049,3187.6830449999998,SHORT,signal_reverse,1.3357211798037452,1.0,20.0
2024-11-14 06:00:00,2024-11-14 14:00:00,-264.37409209233283,3.1370747526751046,3187.683045,3109.7843300000004,LONG,stop_loss,-2.6437409209233285,1.0,20.0
2024-11-14 20:00:00,2024-11-14 23:00:00,-162.43458878263465,3.223986355315988,3101.7500999999997,3057.57045,LONG,stop_loss,-1.6243458878263464,1.0,20.000000000000004
2024-11-15 04:00:00,2024-11-15 09:00:00,201.4196681271723,3.3019172253828417,3028.5435150000003,3095.6014250000003,LONG,signal_reverse,2.0141966812717227,1.0,20.0
2024-11-15 09:00:00,2024-11-15 14:00:00,91.71231451413577,3.2303900364046383,3095.6014250000003,3061.0197449999996,SHORT,signal_reverse,0.9171231451413577,1.0,20.000000000000004
2024-11-15 14:00:00,2024-11-15 15:00:00,-147.87058974034625,3.266885166727339,3061.0197449999996,3021.878305,LONG,stop_loss,-1.4787058974034624,1.0,20.0
2024-11-15 20:00:00,2024-11-16 03:00:00,-238.62771019135258,3.2358542592468837,3090.37404,3157.93818,SHORT,stop_loss,-2.386277101913526,1.0,20.0
2024-11-16 10:00:00,2024-11-16 11:00:00,-247.60198098070703,3.1983563876805365,3126.605915,3197.7680849999997,SHORT,stop_loss,-2.4760198098070703,1.0,19.999999999999996
2024-11-16 17:00:00,2024-11-16 22:00:00,77.27415889568977,3.1574072032576437,3167.1556299999997,3136.34739,SHORT,signal_reverse,0.7727415889568977,1.0,20.0
2024-11-16 22:00:00,2024-11-17 01:00:00,-183.40890732770598,3.188422313129031,3136.3473900000004,3085.09668,LONG,stop_loss,-1.8340890732770596,1.0,20.0
2024-11-17 01:00:00,2024-11-17 02:00:00,-92.33058301733116,3.2381497352300963,3088.18332,3065.8463100000004,LONG,stop_loss,-0.9233058301733117,1.0,20.0
2024-11-17 08:00:00,2024-11-17 11:00:00,95.87758355673805,3.181281320350855,3143.38752,3106.9627049999995,SHORT,signal_reverse,0.9587758355673804,1.0,20.0
2024-11-17 11:00:00,2024-11-17 20:00:00,-132.84147358311938,3.2185774177163804,3106.962705,3071.9032800000004,LONG,stop_loss,-1.328414735831194,1.0,20.0
2024-11-17 20:00:00,2024-11-18 00:00:00,50.7782106395911,3.2520571407773127,3074.97672,3096.740855,LONG,signal_reverse,0.507782106395911,1.0,20.0
2024-11-18 00:00:00,2024-11-18 06:00:00,-185.40725362051583,3.2292014308701336,3096.740855,3147.963195,SHORT,stop_loss,-1.8540725362051584,1.0,20.0
2024-11-18 11:00:00,2024-11-18 15:00:00,255.67558383672514,3.2701772663846227,3057.938205,3142.238095,LONG,signal_reverse,2.5567558383672515,1.0,20.0
2024-11-18 15:00:00,2024-11-18 17:00:00,-135.0463583823353,3.1824450272919247,3142.238095,3178.3884,SHORT,stop_loss,-1.3504635838233532,1.0,20.000000000000004
2024-11-18 23:00:00,2024-11-19 04:00:00,211.38631086095486,3.117192222521864,3208.01519,3133.7861099999996,SHORT,signal_reverse,2.1138631086095487,1.0,20.0
2024-11-19 04:00:00,2024-11-19 13:00:00,-181.87578928288667,3.191028247936168,3133.78611,3083.0577000000003,LONG,stop_loss,-1.8187578928288668,1.0,19.999999999999996
2024-11-19 13:00:00,2024-11-19 18:00:00,163.41843796379862,3.2402912853370376,3086.1423,3142.7478400000005,LONG,signal_reverse,1.6341843796379862,1.0,20.000000000000004
2024-11-19 18:00:00,2024-11-19 20:00:00,97.68597699521513,3.1819288435180337,3142.74784,3105.762105,SHORT,signal_reverse,0.9768597699521512,1.0,19.999999999999996
2024-11-19 20:00:00,2024-11-20 08:00:00,40.67692683113619,3.2198216289331665,3105.7621050000002,3124.6069150000003,LONG,signal_reverse,0.4067692683113619,1.0,20.0
2024-11-20 08:00:00,2024-11-20 11:00:00,42.712480427319875,3.200402569678112,3124.6069150000003,3105.0117299999997,SHORT,signal_reverse,0.4271248042731987,1.0,20.0
2024-11-20 11:00:00,2024-11-20 15:00:00,66.34935173014537,3.2205997495539247,3105.01173,3131.823305,LONG,signal_reverse,0.6634935173014538,1.0,19.999999999999996
2024-11-20 15:00:00,2024-11-20 16:00:00,101.32601778439022,3.193028158400527,3131.823305,3093.82614,SHORT,signal_reverse,1.013260177843902,1.0,20.000000000000004
2024-11-20 16:00:00,2024-11-20 18:00:00,-159.47855518474722,3.2322436838677686,3093.82614,3050.6739,LONG,stop_loss,-1.5947855518474723,1.0,20.0
2024-11-21 02:00:00,2024-11-21 04:00:00,208.14214081012204,3.266917200666334,3060.9897300000002,3130.823805,LONG,signal_reverse,2.0814214081012206,1.0,19.999999999999996
2024-11-21 04:00:00,2024-11-21 12:00:00,-519.0344865478615,3.194047516832395,3130.823805,3287.0627099999997,SHORT,stop_loss,-5.1903448654786155,1.0,20.0
2024-11-22 03:00:00,2024-11-22 04:00:00,-103.34892733484257,2.9691077844468725,3368.0151499999997,3396.0871949999996,SHORT,stop_loss,-1.0334892733484258,1.0,20.0
2024-11-22 10:00:00,2024-11-22 13:00:00,-115.92380960866512,3.0060067484761324,3326.672505,3294.761795,LONG,stop_loss,-1.1592380960866513,1.0,20.0
2024-11-22 13:00:00,2024-11-22 23:00:00,77.25690999440808,3.032087179310409,3298.058205,3330.1341,LONG,signal_reverse,0.7725690999440807,1.0,20.0
2024-11-22 23:00:00,2024-11-23 08:00:00,-152.10314863896753,3.0028820761302075,3330.1341,3374.1262199999996,SHORT,stop_loss,-1.5210314863896752,1.0,20.0
2024-11-23 08:00:00,2024-11-23 12:00:00,-123.71040806190197,2.966695479015379,3370.75378,3405.712005,SHORT,stop_loss,-1.2371040806190199,1.0,20.0
2024-11-23 12:00:00,2024-11-23 14:00:00,-246.40750077066266,2.9391812894940452,3402.307995,3479.3387999999995,SHORT,stop_loss,-2.4640750077066267,1.0,20.0
2024-11-23 23:00:00,2024-11-24 01:00:00,87.80742955575936,2.942120887066335,3398.908605,3435.5513650000003,LONG,signal_reverse,0.8780742955575935,1.0,20.0
2024-11-24 01:00:00,2024-11-24 08:00:00,84.96850772597851,2.910740937211981,3435.551365,3399.488895,SHORT,signal_reverse,0.849685077259785,1.0,20.0
2024-11-24 08:00:00,2024-11-24 11:00:00,-173.59182398505803,2.941618669414715,3399.488895,3347.275525,LONG,stop_loss,-1.7359182398505801,1.0,20.0
2024-11-24 22:00:00,2024-11-25 01:00:00,62.601125110917074,2.9752442201325184,3361.068625,3333.3058199999996,SHORT,signal_reverse,0.6260112511091707,1.0,20.0
2024-11-25 01:00:00,2024-11-25 03:00:00,73.9938358251225,3.0000247622043874,3333.30582,3364.6368400000006,LONG,signal_reverse,0.7399383582512251,1.0,20.0
2024-11-25 03:00:00,2024-11-25 07:00:00,-140.26516359489065,2.9720889580463608,3364.63684,3405.1016999999997,SHORT,stop_loss,-1.4026516359489065,1.0,20.0
2024-11-25 14:00:00,2024-11-25 15:00:00,290.50371142975837,2.932410090994357,3410.16423,3516.0510950000003,LONG,signal_reverse,2.9050371142975835,1.0,20.0
2024-11-25 15:00:00,2024-11-25 23:00:00,262.7707343086836,2.844099738544897,3516.051095,3416.6274599999997,SHORT,signal_reverse,2.627707343086836,1.0,19.999999999999996
2024-11-25 23:00:00,2024-11-26 08:00:00,-150.22891878296818,2.9268628544008717,3416.62746,3372.1330900000003,LONG,stop_loss,-1.5022891878296818,1.0,20.0
2024-11-26 15:00:00,2024-11-27 01:00:00,104.42319113734449,3.0316825147491167,3298.4984249999998,3339.5393950000002,LONG,signal_reverse,1.0442319113734448,1.0,20.0
2024-11-27 01:00:00,2024-11-27 04:00:00,-204.9069368442048,2.994424924279116,3339.5393950000002,3401.289795,SHORT,stop_loss,-2.049069368442048,1.0,20.0
2024-11-28 03:00:00,2024-11-28 08:00:00,47.759880122116755,2.7743858598652706,3604.4013,3628.82468,LONG,signal_reverse,0.47759880122116755,1.0,20.0
2024-11-28 08:00:00,2024-11-28 13:00:00,82.64973726975383,2.7557131803898556,3628.8246799999997,3591.57489,SHORT,signal_reverse,0.8264973726975383,1.0,20.0
2024-11-28 13:00:00,2024-11-28 16:00:00,-162.98987651069248,2.7842938839568507,3591.5748900000003,3540.219005,LONG,stop_loss,-1.6298987651069248,1.0,20.0
2024-11-28 20:00:00,2024-11-28 22:00:00,72.1673954360279,2.8103795624724093,3558.23823,3591.033585,LONG,signal_reverse,0.721673954360279,1.0,20.0
2024-11-28 22:00:00,2024-11-29 00:00:00,63.63601812429369,2.7847135826773393,3591.033585,3560.9996099999994,SHORT,signal_reverse,0.6363601812429369,1.0,20.0
2024-11-29 00:00:00,2024-11-29 02:00:00,84.7468241649154,2.808200251389525,3560.99961,3598.29995,LONG,signal_reverse,0.847468241649154,1.0,20.0
2024-11-29 02:00:00,2024-11-29 06:00:00,75.43078808646926,2.7790901645094928,3598.29995,3563.96109,SHORT,signal_reverse,0.7543078808646926,1.0,20.0
2024-11-29 06:00:00,2024-11-29 10:00:00,36.8073261428355,2.805866772243577,3563.96109,3584.2070000000003,LONG,signal_reverse,0.36807326142835495,1.0,20.0
2024-11-29 10:00:00,2024-11-29 14:00:00,-168.65445829440102,2.7900174292388806,3584.207,3637.487835,SHORT,stop_loss,-1.6865445829440102,1.0,20.0
2024-11-29 18:00:00,2024-11-30 01:00:00,38.56913981246945,2.794233870956644,3578.798505,3599.7592200000004,LONG,signal_reverse,0.3856913981246945,1.0,20.0
2024-11-30 01:00:00,2024-11-30 03:00:00,-188.20575016125574,2.7779635772417026,3599.75922,3660.3092399999996,SHORT,stop_loss,-1.8820575016125571,1.0,20.000000000000004
2024-11-30 10:00:00,2024-11-30 19:00:00,102.0098725090617,2.743475497778218,3645.011595,3689.484335,LONG,signal_reverse,1.0200987250906168,1.0,20.0
2024-11-30 19:00:00,2024-12-01 02:00:00,37.0297312293652,2.7104058703097866,3689.484335,3668.443305,SHORT,signal_reverse,0.370297312293652,1.0,20.0
2024-12-01 02:00:00,2024-12-01 14:00:00,84.43773234216589,2.72595190073409,3668.4433050000002,3706.7556950000003,LONG,signal_reverse,0.8443773234216588,1.0,19.999999999999996
2024-12-01 14:00:00,2024-12-01 20:00:00,13.909774569053,2.6977769302381818,3706.7556950000003,3694.18617,SHORT,signal_reverse,0.13909774569053002,1.0,19.999999999999996
2024-12-01 20:00:00,2024-12-01 22:00:00,54.473913154193504,2.7069561575452488,3694.18617,3721.69822,LONG,signal_reverse,0.5447391315419351,1.0,19.999999999999996
2024-12-01 22:00:00,2024-12-02 03:00:00,66.0744426505382,2.686945423533024,3721.6982199999998,3689.6639099999998,SHORT,signal_reverse,0.660744426505382,1.0,20.0
2024-12-02 03:00:00,2024-12-02 08:00:00,-258.4110372806282,2.7102739555484336,3689.66391,3601.6982500000004,LONG,stop_loss,-2.5841103728062818,1.0,20.0
2024-12-02 15:00:00,2024-12-02 17:00:00,262.5104447101637,2.7227534231711905,3672.7527050000003,3568.9936049999997,SHORT,signal_reverse,2.625104447101637,1.0,20.0
2024-12-02 17:00:00,2024-12-02 23:00:00,186.9044475074081,2.8019103161155705,3568.993605,3642.83767,LONG,signal_reverse,1.8690444750740811,1.0,20.0
2024-12-02 23:00:00,2024-12-03 07:00:00,45.303623589684456,2.745112713188782,3642.83767,3619.0486199999996,SHORT,signal_reverse,0.45303623589684455,1.0,20.0
2024-12-03 07:00:00,2024-12-03 13:00:00,-230.25134776995446,2.763157130505752,3619.0486199999996,3542.957635,LONG,stop_loss,-2.3025134776995446,1.0,20.0
2024-12-03 15:00:00,2024-12-03 20:00:00,68.47331478794611,2.7972054535699344,3574.996605,3606.625785,LONG,signal_reverse,0.6847331478794612,1.0,20.0
2024-12-03 20:00:00,2024-12-04 00:00:00,-268.29684402647246,2.7726746815791428,3606.6257849999997,3696.1771649999996,SHORT,stop_loss,-2.682968440264725,1.0,20.0
2024-12-04 00:00:00,2024-12-04 11:00:00,-130.0690153919164,2.708204871045799,3692.482835,3733.12563,SHORT,stop_loss,-1.300690153919164,1.0,20.0
2024-12-04 14:00:00,2024-12-04 15:00:00,-147.24625893680218,2.6458041341837877,3779.56927,3827.662875,SHORT,stop_loss,-1.4724625893680217,1.0,20.0
2024-12-04 17:00:00,2024-12-04 20:00:00,-225.2091161335297,2.623457850640099,3811.7631650000003,3889.98402,SHORT,stop_loss,-2.252091161335297,1.0,20.000000000000004
2024-12-05 02:00:00,2024-12-05 08:00:00,-164.9304453849998,2.592426256763011,3857.3903400000004,3913.29567,SHORT,stop_loss,-1.6493044538499984,1.0,20.0
2024-12-05 08:00:00,2024-12-05 18:00:00,70.18871521388813,2.5579475323675833,3909.3843300000003,3874.1260949999996,SHORT,signal_reverse,0.7018871521388813,1.0,19.999999999999996
2024-12-05 18:00:00,2024-12-05 20:00:00,-142.48024157303408,2.5812272896605344,3874.126095,3826.6757050000006,LONG,stop_loss,-1.4248024157303407,1.0,20.0
2024-12-05 22:00:00,2024-12-06 03:00:00,226.1730858515039,2.622492954757908,3813.1656300000004,3907.035505,LONG,signal_reverse,2.261730858515039,1.0,20.000000000000004
2024-12-06 03:00:00,2024-12-06 10:00:00,75.67777142583297,2.5594853149408476,3907.035505,3869.6538599999994,SHORT,signal_reverse,0.7567777142583297,1.0,19.999999999999996
2024-12-06 10:00:00,2024-12-06 14:00:00,279.9035422770348,2.584210464757176,3869.65386,3985.70615,LONG,signal_reverse,2.7990354227703476,1.0,20.0
2024-12-06 14:00:00,2024-12-06 17:00:00,-115.07636432254259,2.5089656948242407,3985.70615,4023.600795,SHORT,stop_loss,-1.1507636432254258,1.0,20.0
2024-12-07 01:00:00,2024-12-07 11:00:00,7.709085456570336,2.5065082677764243,3989.61381,4000.668665,LONG,signal_reverse,0.07709085456570336,1.0,20.0
2024-12-07 11:00:00,2024-12-07 22:00:00,-18.826283705750647,2.4995821542247114,4000.668665,4000.1991,SHORT,signal_reverse,-0.1882628370575065,1.0,20.0
2024-12-07 22:00:00,2024-12-08 08:00:00,-168.44384870742917,2.4998755686935685,4000.1991,3940.8186050000004,LONG,stop_loss,-1.6844384870742917,1.0,20.0
2024-12-08 12:00:00,2024-12-08 18:00:00,15.847751278560297,2.5084750334088737,3986.48576,3972.195105,SHORT,signal_reverse,0.15847751278560296,1.0,20.0
2024-12-08 18:00:00,2024-12-08 22:00:00,78.65628188975892,2.517499703731194,3972.1951050000002,4011.3833050000003,LONG,signal_reverse,0.7865628188975892,1.0,20.0
2024-12-08 22:00:00,2024-12-09 00:00:00,67.19210392186639,2.4929056237371965,4011.383305,3976.40721,SHORT,signal_reverse,0.671921039218664,1.0,20.000000000000004
2024-12-09 00:00:00,2024-12-09 03:00:00,-136.74655674915056,2.51483298160502,3976.40721,3929.984025,LONG,stop_loss,-1.3674655674915057,1.0,19.999999999999996
2024-12-09 14:00:00,2024-12-09 15:00:00,247.94460761444276,2.54475318094084,3929.6541899999997,3824.3612249999996,SHORT,signal_reverse,2.4794460761444275,1.0,20.0
2024-12-09 15:00:00,2024-12-09 20:00:00,-241.14034220185266,2.6148157591991064,3824.3612249999996,3739.78917,LONG,stop_loss,-2.4114034220185268,1.0,19.999999999999996
2024-12-10 02:00:00,2024-12-10 03:00:00,-43.07400883823156,2.7092234190555327,3691.094625,3682.5777900000003,LONG,stop_loss,-0.43074008838231564,1.0,20.0
2024-12-10 05:00:00,2024-12-10 09:00:00,99.46446482059591,2.697859392502848,3706.642395,3750.9236000000005,LONG,signal_reverse,0.9946446482059591,1.0,20.0
2024-12-10 09:00:00,2024-12-10 12:00:00,170.07239976842038,2.6660100461656966,3750.9236,3679.628895,SHORT,signal_reverse,1.700723997684204,1.0,20.000000000000004
2024-12-10 12:00:00,2024-12-10 15:00:00,-326.67000183995293,2.7176653639143686,3679.628895,3566.7857150000004,LONG,stop_loss,-3.266700018399529,1.0,20.0
2024-12-11 01:00:00,2024-12-11 03:00:00,242.81204781610407,2.7999950972085847,3571.4348250000003,3665.296435,LONG,signal_reverse,2.4281204781610404,1.0,20.0
2024-12-11 03:00:00,2024-12-11 11:00:00,-170.17286043877536,2.7282922888609416,3665.296435,3720.33924,SHORT,stop_loss,-1.7017286043877538,1.0,20.0
2024-12-11 18:00:00,2024-12-11 23:00:00,-138.17962877631606,2.6370869754163526,3792.06302,3836.8774799999997,SHORT,stop_loss,-1.3817962877631607,1.0,20.0
2024-12-12 02:00:00,2024-12-12 03:00:00,-169.3017139490814,2.576371167632913,3881.428315,3939.3787049999996,SHORT,stop_loss,-1.6930171394908142,1.0,20.0
2024-12-12 08:00:00,2024-12-12 13:00:00,-108.74719275469307,2.5569473305401473,3910.913565,3945.6218249999997,SHORT,stop_loss,-1.0874719275469307,1.0,20.0
2024-12-12 17:00:00,2024-12-12 19:00:00,204.21508559210565,2.5237498552724102,3962.35783,3873.51579,SHORT,signal_reverse,2.0421508559210566,1.0,20.000000000000004
2024-12-12 19:00:00,2024-12-13 03:00:00,130.2701115876959,2.581633983735484,3873.51579,3931.723155,LONG,signal_reverse,1.302701115876959,1.0,20.0
2024-12-13 03:00:00,2024-12-13 06:00:00,86.51615932505854,2.5434140720927743,3931.723155,3889.84395,SHORT,signal_reverse,0.8651615932505854,1.0,20.0
2024-12-13 06:00:00,2024-12-13 12:00:00,80.72526174218355,2.5707972166852606,3889.84395,3929.024505,LONG,signal_reverse,0.8072526174218355,1.0,20.0
2024-12-13 12:00:00,2024-12-13 15:00:00,81.93621838965785,2.545161015736653,3929.024505,3888.973515,SHORT,signal_reverse,0.8193621838965786,1.0,20.0
2024-12-13 15:00:00,2024-12-13 17:00:00,106.45091258740572,2.571372615789079,3888.973515,3938.1499400000002,LONG,signal_reverse,1.0645091258740573,1.0,20.0
2024-12-13 17:00:00,2024-12-13 22:00:00,78.32332590160331,2.5392633983865025,3938.14994,3899.42874,SHORT,signal_reverse,0.7832332590160331,1.0,20.0
2024-12-13 22:00:00,2024-12-14 01:00:00,41.159317402990055,2.5644782009787415,3899.42874,3923.27738,LONG,signal_reverse,0.4115931740299006,1.0,20.0
2024-12-14 01:00:00,2024-12-14 10:00:00,39.07893517332673,2.548889367592969,3923.27738,3900.099075,SHORT,signal_reverse,0.39078935173326723,1.0,20.0
2024-12-14 10:00:00,2024-12-14 18:00:00,-195.8309050136111,2.5640374276902183,3900.099075,3831.5232800000003,LONG,stop_loss,-1.958309050136111,1.0,20.0
2024-12-14 20:00:00,2024-12-15 01:00:00,118.2879234181106,2.6077887936209314,3834.666375,3887.69518,LONG,signal_reverse,1.182879234181106,1.0,20.0
2024-12-15 01:00:00,2024-12-15 07:00:00,85.26225206781788,2.5722181233354826,3887.6951799999997,3846.7724249999997,SHORT,signal_reverse,0.8526225206781788,1.0,20.0
2024-12-15 07:00:00,2024-12-15 12:00:00,70.03885900528732,2.5995819079419547,3846.772425,3881.4083250000003,LONG,signal_reverse,0.7003885900528732,1.0,20.0
2024-12-15 12:00:00,2024-12-15 21:00:00,41.47385949145225,2.576384436440348,3881.408325,3857.5478099999996,SHORT,signal_reverse,0.41473859491452253,1.0,20.0
2024-12-15 21:00:00,2024-12-15 23:00:00,235.71453643240807,2.592320430631293,3857.54781,3956.190915,LONG,signal_reverse,2.3571453643240807,1.0,20.0
2024-12-15 23:00:00,2024-12-16 00:00:00,-132.17449044670258,2.527683879482343,3956.190915,4000.569285,SHORT,stop_loss,-1.3217449044670257,1.0,20.000000000000004
2024-12-16 07:00:00,2024-12-16 11:00:00,132.31681510097567,2.5184833476187376,3970.643685,3910.164105,SHORT,signal_reverse,1.3231681510097566,1.0,20.0
2024-12-16 11:00:00,2024-12-16 16:00:00,109.57126258515464,2.557437419880361,3910.164105,3960.828595,LONG,signal_reverse,1.0957126258515464,1.0,20.0
2024-12-16 16:00:00,2024-12-16 17:00:00,-211.69921944072263,2.5247242490179,3960.828595,4036.7573699999994,SHORT,stop_loss,-2.116992194407226,1.0,19.999999999999996
2024-12-16 23:00:00,2024-12-17 03:00:00,90.29134019008126,2.506696853713929,3989.3136600000003,4033.312335,LONG,signal_reverse,0.9029134019008126,1.0,20.0
2024-12-17 03:00:00,2024-12-17 15:00:00,209.14881696113477,2.4793517509721945,4033.312335,3940.88946,SHORT,signal_reverse,2.0914881696113476,1.0,20.0
2024-12-17 15:00:00,2024-12-17 22:00:00,-170.85718745331013,2.5374982225459326,3940.88946,3881.4383100000005,LONG,stop_loss,-1.708571874533101,1.0,20.0
2024-12-18 08:00:00,2024-12-18 10:00:00,52.6229007987607,2.6018014766750635,3843.490785,3871.4033300000006,LONG,signal_reverse,0.5262290079876071,1.0,19.999999999999996
2024-12-18 10:00:00,2024-12-18 14:00:00,64.58162895675467,2.5830426715058903,3871.40333,3838.6583699999996,SHORT,signal_reverse,0.6458162895675467,1.0,20.0
2024-12-18 14:00:00,2024-12-18 17:00:00,80.19672576385237,2.605076835738316,3838.6583699999996,3877.1204700000003,LONG,signal_reverse,0.8019672576385237,1.0,20.0
2024-12-18 17:00:00,2024-12-18 19:00:00,256.84597584866856,2.5792337579853433,3877.12047,3769.78395,SHORT,signal_reverse,2.5684597584866857,1.0,20.0
2024-12-18 19:00:00,2024-12-18 20:00:00,-229.11105529005113,2.6526719124049536,3769.78395,3690.9536000000003,LONG,stop_loss,-2.2911105529005114,1.0,20.0
2024-12-19 04:00:00,2024-12-19 10:00:00,117.74915066570139,2.7368646953443534,3653.815995,3704.1470000000004,LONG,signal_reverse,1.177491506657014,1.0,20.0
2024-12-19 10:00:00,2024-12-19 14:00:00,155.6905840939899,2.6996768756747502,3704.147,3639.068625,SHORT,signal_reverse,1.5569058409398993,1.0,19.999999999999996
2024-12-19 14:00:00,2024-12-19 15:00:00,-101.46106340602364,2.7479558729123994,3639.068625,3609.4243850000003,LONG,stop_loss,-1.0146106340602363,1.0,20.0
2024-12-20 04:00:00,2024-12-20 06:00:00,-132.30084521037728,2.947222033464931,3393.025665,3354.9217,LONG,stop_loss,-1.3230084521037728,1.0,20.0
2024-12-20 08:00:00,2024-12-20 10:00:00,-347.05021755548086,3.040776667635322,3288.6334949999996,3181.0786650000005,LONG,stop_loss,-3.4705021755548087,1.0,20.0
2024-12-20 15:00:00,2024-12-20 16:00:00,-58.61934941007849,2.966809842882364,3370.623845,3383.640975,SHORT,stop_loss,-0.5861934941007849,1.0,20.0
2024-12-21 10:00:00,2024-12-21 12:00:00,-210.79483089558119,2.884552280873828,3466.742505,3400.5988500000003,LONG,stop_loss,-2.1079483089558115,1.0,19.999999999999996
2024-12-22 02:00:00,2024-12-22 09:00:00,110.43036420596928,2.997559515937183,3336.0471900000002,3379.5593750000003,LONG,signal_reverse,1.1043036420596928,1.0,20.0
2024-12-22 09:00:00,2024-12-22 14:00:00,283.38771603916575,2.9589656195935303,3379.559375,3277.0276949999998,SHORT,signal_reverse,2.8338771603916575,1.0,19.999999999999996
2024-12-22 14:00:00,2024-12-22 20:00:00,3.6467180665697128,3.0515457697405886,3277.0276949999998,3284.7767900000003,LONG,stop_loss,0.036467180665697124,1.0,20.000000000000004
2024-12-23 00:00:00,2024-12-23 03:00:00,260.97691138997266,3.0728042286788715,3254.356365,3345.796265,LONG,signal_reverse,2.609769113899727,1.0,20.000000000000004
2024-12-23 03:00:00,2024-12-23 06:00:00,187.63045474916345,2.9888251429439623,3345.796265,3276.3273449999997,SHORT,signal_reverse,1.8763045474916344,1.0,20.0
2024-12-23 06:00:00,2024-12-23 09:00:00,150.02515052414597,3.052198070275545,3276.327345,3332.03315,LONG,signal_reverse,1.5002515052414598,1.0,20.0
2024-12-23 09:00:00,2024-12-23 14:00:00,44.34113658202875,3.001170621606811,3332.0331499999998,3310.59447,SHORT,stop_loss,0.4434113658202875,1.0,20.0
2024-12-23 15:00:00,2024-12-23 16:00:00,267.746753771117,3.053410225714206,3275.026695,3369.264525,LONG,signal_reverse,2.6774675377111703,1.0,20.0
2024-12-23 16:00:00,2024-12-23 21:00:00,-171.29337462751033,2.968006793708191,3369.2645249999996,3420.239265,SHORT,stop_loss,-1.7129337462751033,1.0,20.0
2024-12-24 05:00:00,2024-12-24 15:00:00,-236.9549073411876,2.926106685516178,3417.51039,3491.6549549999995,SHORT,stop_loss,-2.3695490734118763,1.0,20.0
2024-12-24 21:00:00,2024-12-25 10:00:00,-102.63904803521797,2.8694761525943226,3484.9566499999996,3513.756,SHORT,stop_loss,-1.0263904803521797,1.0,19.999999999999996
2024-12-25 11:00:00,2024-12-25 23:00:00,42.053494423436646,2.881076706306263,3470.924595,3492.462895,LONG,signal_reverse,0.4205349442343665,1.0,20.0
2024-12-25 23:00:00,2024-12-26 02:00:00,72.86782988141172,2.8633088741806088,3492.462895,3460.02915,SHORT,signal_reverse,0.7286782988141173,1.0,20.0
2024-12-26 02:00:00,2024-12-26 08:00:00,-303.00641628987444,2.890149061316434,3460.0291500000003,3362.1081050000003,LONG,stop_loss,-3.030064162898744,1.0,20.0
2024-12-26 23:00:00,2024-12-27 01:00:00,56.054368036348784,3.0007813434462065,3332.4654,3357.810255,LONG,signal_reverse,0.5605436803634878,1.0,20.0
2024-12-27 01:00:00,2024-12-27 07:00:00,83.93568233354475,2.9781313536431497,3357.810255,3322.910625,SHORT,signal_reverse,0.8393568233354475,1.0,20.0
2024-12-27 07:00:00,2024-12-27 09:00:00,263.125354898765,3.009409860369025,3322.910625,3416.99065,LONG,signal_reverse,2.63125354898765,1.0,20.0
2024-12-27 09:00:00,2024-12-27 14:00:00,158.2370841430307,2.926551759806542,3416.9906499999997,3356.087205,SHORT,signal_reverse,1.582370841430307,1.0,20.0
2024-12-27 14:00:00,2024-12-27 15:00:00,-128.90004570068882,2.979660357186696,3356.087205,3319.5394,LONG,stop_loss,-1.289000457006888,1.0,20.0
2024-12-27 20:00:00,2024-12-28 09:00:00,4.4553565846336785,2.9971819895497855,3336.4674,3344.6268500000006,LONG,signal_reverse,0.04455356584633679,1.0,20.0
2024-12-28 09:00:00,2024-12-28 17:00:00,-157.19784615135666,2.989870155470408,3344.62685,3390.5144099999998,SHORT,stop_loss,-1.5719784615135666,1.0,20.000000000000004
2024-12-29 01:00:00,2024-12-29 06:00:00,25.01231922422389,2.9636423878591875,3374.22627,3389.4144450000003,LONG,signal_reverse,0.2501231922422389,1.0,20.0
2024-12-29 06:00:00,2024-12-29 14:00:00,47.834947224934496,2.9503621236853492,3389.4144450000003,3366.42237,SHORT,signal_reverse,0.478349472249345,1.0,20.0
2024-12-29 14:00:00,2024-12-30 00:00:00,12.551159051383122,2.9705125800955274,3366.42237,3377.380465,LONG,signal_reverse,0.1255115905138312,1.0,20.0
2024-12-30 00:00:00,2024-12-30 01:00:00,-132.88759260351696,2.9608745901240945,3377.380465,3415.5069,SHORT,stop_loss,-1.3288759260351697,1.0,20.0
2024-12-30 05:00:00,2024-12-30 13:00:00,176.6105107056807,2.9421891591165568,3398.8297350000003,3332.00517,SHORT,signal_reverse,1.766105107056807,1.0,20.0
2024-12-30 13:00:00,2024-12-30 17:00:00,136.36809471096893,3.0011958234746676,3332.0051700000004,3384.1071,LONG,signal_reverse,1.3636809471096891,1.0,20.000000000000004
2024-12-30 17:00:00,2024-12-30 21:00:00,181.08672092558896,2.9549892200515755,3384.1071,3316.0571999999997,SHORT,signal_reverse,1.8108672092558897,1.0,20.0
2024-12-30 21:00:00,2024-12-31 08:00:00,150.91258256944508,3.0156295253290564,3316.0572,3372.7327900000005,LONG,signal_reverse,1.5091258256944506,1.0,20.0
2024-12-31 08:00:00,2024-12-31 13:00:00,-175.71639756258259,2.9649547185147744,3372.73279,3425.25177,SHORT,stop_loss,-1.7571639756258257,1.0,20.0
2024-12-31 17:00:00,2025-01-01 09:00:00,-120.39353867768536,2.9761026014467,3360.09921,3326.3659850000004,LONG,stop_loss,-1.2039353867768534,1.0,20.000000000000004
2025-01-01 15:00:00,2025-01-02 00:00:00,-142.5334466845442,2.99048678753669,3343.937195,3384.9116099999997,SHORT,stop_loss,-1.4253344668454422,1.0,20.0
2025-01-02 00:00:00,2025-01-02 08:00:00,-176.72799068234252,2.9572426567739094,3381.52839,3434.5264049999996,SHORT,stop_loss,-1.767279906823425,1.0,20.0
2025-01-02 22:00:00,2025-01-03 03:00:00,55.16062642924784,2.907789352969937,3439.03866,3464.8866900000003,LONG,signal_reverse,0.5516062642924784,1.0,20.0
2025-01-03 03:00:00,2025-01-03 06:00:00,47.929710567244506,2.8860972651316343,3464.88669,3441.349815,SHORT,signal_reverse,0.47929710567244505,1.0,20.0
2025-01-03 06:00:00,2025-01-03 11:00:00,38.78080139318914,2.905836528565754,3441.349815,3461.5783450000004,LONG,signal_reverse,0.3878080139318914,1.0,20.0
2025-01-03 11:00:00,2025-01-03 14:00:00,-207.324909440985,2.8888556038156055,3461.578345,3526.42233,SHORT,stop_loss,-2.07324909440985,1.0,19.999999999999996
2025-01-04 06:00:00,2025-01-04 08:00:00,11.742637846385879,2.7799318427152535,3597.2104950000003,3585.792,SHORT,signal_reverse,0.11742637846385878,1.0,20.0
2025-01-04 08:00:00,2025-01-04 11:00:00,18.19896692278929,2.788784179338902,3585.792,3599.489355,LONG,signal_reverse,0.18198966922789286,1.0,20.0
2025-01-04 11:00:00,2025-01-04 15:00:00,-48.099944193333805,2.778171849878967,3599.489355,3609.6039,SHORT,stop_loss,-0.48099944193333805,1.0,20.0
2025-01-04 17:00:00,2025-01-05 05:00:00,-24.604971177996543,2.7537411514930543,3631.4233799999997,3633.09564,SHORT,signal_reverse,-0.24604971177996543,1.0,19.999999999999996
2025-01-05 05:00:00,2025-01-05 15:00:00,-36.98278991631451,2.7524736453125684,3633.09564,3626.92563,LONG,signal_reverse,-0.36982789916314507,1.0,19.999999999999996
2025-01-05 15:00:00,2025-01-06 00:00:00,-9.233236635182886,2.757156065535317,3626.9256299999997,3623.0206049999997,SHORT,signal_reverse,-0.09233236635182886,1.0,20.0
2025-01-06 00:00:00,2025-01-06 01:00:00,42.83593852207742,2.760127829855387,3623.020605,3645.786195,LONG,signal_reverse,0.4283593852207742,1.0,20.000000000000004
2025-01-06 01:00:00,2025-01-06 08:00:00,-7.913676874295205,2.742892606734444,3645.786195,3641.3797799999998,SHORT,signal_reverse,-0.07913676874295204,1.0,20.0
2025-01-06 08:00:00,2025-01-06 14:00:00,95.55391786132463,2.746211767013217,3641.3797799999998,3683.4573500000006,LONG,signal_reverse,0.9555391786132463,1.0,20.0
2025-01-06 14:00:00,2025-01-06 16:00:00,-99.94710458640166,2.7148407188697328,3683.45735,3712.905525,SHORT,stop_loss,-0.9994710458640166,1.0,20.000000000000004
2025-01-07 01:00:00,2025-01-07 05:00:00,40.65927330243489,2.707127685819207,3693.9521,3671.5448549999996,SHORT,signal_reverse,0.40659273302434895,1.0,20.0
2025-01-07 05:00:00,2025-01-07 14:00:00,-304.37434138333543,2.723649143597348,3671.544855,3567.13554,LONG,stop_loss,-3.0437434138333543,1.0,20.0
2025-01-08 01:00:00,2025-01-08 05:00:00,-146.99240670754946,2.9477696342202573,3392.39535,3349.314505,LONG,stop_loss,-1.4699240670754945,1.0,20.000000000000004
2025-01-08 12:00:00,2025-01-08 17:00:00,-256.99840499883925,2.993896137365919,3340.12923,3260.9687,LONG,stop_loss,-2.569984049988393,1.0,20.000000000000004
2025-01-08 22:00:00,2025-01-09 06:00:00,22.777896934519205,3.002647761820203,3330.39397,3316.1472449999997,SHORT,signal_reverse,0.22777896934519207,1.0,20.0
2025-01-09 06:00:00,2025-01-09 08:00:00,-49.10401525309678,3.0155476404365755,3316.1472449999997,3306.495925,LONG,stop_loss,-0.49104015253096783,1.0,20.0
2025-01-09 11:00:00,2025-01-09 13:00:00,-272.85535396948586,3.0293210621111055,3301.06971,3217.6003950000004,LONG,stop_loss,-2.728553539694859,1.0,20.0
2025-01-09 15:00:00,2025-01-09 17:00:00,178.14978883585732,3.0139180929180096,3317.9402,3252.195285,SHORT,signal_reverse,1.781497888358573,1.0,20.0
2025-01-09 17:00:00,2025-01-09 19:00:00,-201.30122834859233,3.0748461035297265,3252.1952850000002,3193.232585,LONG,stop_loss,-2.0130122834859234,1.0,20.0
2025-01-09 19:00:00,2025-01-10 03:00:00,153.9622014848726,3.128492751961959,3196.427415,3252.03317,LONG,signal_reverse,1.5396220148487259,1.0,20.000000000000004
2025-01-10 03:00:00,2025-01-10 07:00:00,-159.95792053990775,3.0749993856919984,3252.0331699999997,3297.54795,SHORT,stop_loss,-1.5995792053990776,1.0,20.000000000000004
2025-01-10 13:00:00,2025-01-10 15:00:00,-28.547666612424837,3.0809785452823975,3245.72205,3242.9477150000002,LONG,stop_loss,-0.2854766661242484,1.0,20.0
2025-01-10 17:00:00,2025-01-11 01:00:00,181.97271098447234,3.0185464823610806,3312.852745,3245.94216,SHORT,signal_reverse,1.8197271098447234,1.0,20.0
2025-01-11 01:00:00,2025-01-11 10:00:00,2.5216582417485207,3.0807696216004046,3245.94216,3253.2525600000004,LONG,signal_reverse,0.025216582417485207,1.0,20.0
2025-01-11 10:00:00,2025-01-11 21:00:00,-186.69580366056698,3.073846808868722,3253.25256,3307.4829149999996,SHORT,stop_loss,-1.8669580366056697,1.0,20.0
2025-01-12 05:00:00,2025-01-12 09:00:00,-152.8430418425225,3.049106774765978,3279.649005,3236.08115,LONG,stop_loss,-1.528430418425225,1.0,20.0
2025-01-12 13:00:00,2025-01-12 21:00:00,-29.33061019494275,3.0638876303034257,3263.82727,3266.8726199999996,SHORT,signal_reverse,-0.2933061019494275,1.0,20.0
2025-01-12 21:00:00,2025-01-13 00:00:00,99.6360542517895,3.061031501130277,3266.8726199999996,3305.956195,LONG,signal_reverse,0.996360542517895,1.0,20.0
2025-01-13 00:00:00,2025-01-13 03:00:00,165.25547946650906,3.0248434674132154,3305.956195,3244.711545,SHORT,signal_reverse,1.6525547946650905,1.0,20.0
2025-01-13 03:00:00,2025-01-13 06:00:00,-195.6587579805959,3.081938058688049,3244.711545,3187.715345,LONG,stop_loss,-1.956587579805959,1.0,20.000000000000004
2025-01-13 20:00:00,2025-01-13 22:00:00,-160.11022543618375,3.2372467720566704,3089.0447050000002,3132.32538,SHORT,stop_loss,-1.6011022543618376,1.0,20.0
2025-01-14 18:00:00,2025-01-15 09:00:00,47.44532860222274,3.1039144062080215,3221.738325,3200.009205,SHORT,signal_reverse,0.47445328602222736,1.0,20.0
2025-01-15 09:00:00,2025-01-15 13:00:00,282.94130044541555,3.1249910107680456,3200.009205,3296.9507,LONG,signal_reverse,2.8294130044541554,1.0,20.0
2025-01-15 13:00:00,2025-01-15 15:00:00,-139.43348136810098,3.0331057118931137,3296.9507,3336.3273299999996,SHORT,stop_loss,-1.3943348136810099,1.0,20.0
2025-01-16 03:00:00,2025-01-16 08:00:00,-168.39767068203923,2.9721378865713,3364.58145,3314.6518450000003,LONG,stop_loss,-1.6839767068203924,1.0,20.0
2025-01-16 08:00:00,2025-01-16 14:00:00,-150.24944177018526,3.0138926996422604,3317.968155,3274.751805,LONG,stop_loss,-1.5024944177018524,1.0,20.0
2025-01-16 22:00:00,2025-01-17 01:00:00,237.81218652746776,3.031351505894567,3298.858605,3383.9072,LONG,signal_reverse,2.378121865274678,1.0,20.0
2025-01-17 01:00:00,2025-01-17 10:00:00,-152.6464862866203,2.9551637822692065,3383.9072,3428.7935399999997,SHORT,stop_loss,-1.526464862866203,1.0,20.0
2025-01-17 14:00:00,2025-01-17 20:00:00,-283.69294804315075,2.9175142671662724,3427.575355,3517.9581,SHORT,stop_loss,-2.836929480431507,1.0,20.0
2025-01-18 03:00:00,2025-01-18 05:00:00,-295.49723651671013,2.9537979711301046,3385.4718900000003,3292.203075,LONG,stop_loss,-2.954972365167101,1.0,20.000000000000004
2025-01-18 12:00:00,2025-01-18 23:00:00,18.157725706046485,3.0395467894701924,3289.96416,3302.5179150000004,LONG,signal_reverse,0.18157725706046485,1.0,19.999999999999996
2025-01-18 23:00:00,2025-01-19 01:00:00,-168.51404674363354,3.0279926581412653,3302.517915,3351.5649449999996,SHORT,stop_loss,-1.6851404674363353,1.0,19.999999999999996
2025-01-19 04:00:00,2025-01-19 08:00:00,-219.52883863418842,3.0477121578377937,3281.1497550000004,3215.681355,LONG,stop_loss,-2.1952883863418844,1.0,20.0
2025-01-19 13:00:00,2025-01-19 14:00:00,-350.0865012974152,3.0582309342046847,3269.86425,3377.7980549999997,SHORT,stop_loss,-3.5008650129741525,1.0,20.000000000000004
2025-01-19 21:00:00,2025-01-19 22:00:00,76.4086991439863,3.0955780781561644,3230.4144,3261.558405,LONG,stop_loss,0.764086991439863,1.0,20.0
2025-01-20 06:00:00,2025-01-20 12:00:00,291.56503579226336,2.934173211855941,3408.1150900000002,3301.93014,SHORT,signal_reverse,2.9156503579226336,1.0,20.0
2025-01-20 12:00:00,2025-01-20 16:00:00,198.03021853151532,3.028531669661551,3301.9301400000004,3373.922195,LONG,signal_reverse,1.9803021853151532,1.0,20.0
2025-01-20 16:00:00,2025-01-20 17:00:00,226.26412583886005,2.9639094863596878,3373.922195,3290.834595,SHORT,signal_reverse,2.2626412583886,1.0,20.0
2025-01-20 17:00:00,2025-01-21 00:00:00,-235.28093544306586,3.0387428208010556,3290.8345950000003,3219.9892,LONG,stop_loss,-2.3528093544306588,1.0,20.0
2025-01-21 04:00:00,2025-01-21 09:00:00,62.849883495116465,3.0819950782911736,3244.651515,3271.5334150000003,LONG,signal_reverse,0.6284988349511647,1.0,20.0
2025-01-21 09:00:00,2025-01-21 12:00:00,-123.95287373214744,3.056670597998462,3271.533415,3305.5419449999995,SHORT,stop_loss,-1.2395287373214743,1.0,20.0
2025-01-21 16:00:00,2025-01-21 18:00:00,-131.06548981297544,3.0206334426006203,3310.56389,3347.33283,SHORT,stop_loss,-1.3106548981297543,1.0,20.0
2025-01-21 21:00:00,2025-01-22 05:00:00,13.068031963507469,3.00219726013954,3330.89372,3319.8791099999994,SHORT,signal_reverse,0.1306803196350747,1.0,20.0
2025-01-22 05:00:00,2025-01-22 11:00:00,-6.6022380555891855,3.012157873423289,3319.87911,3324.327005,LONG,signal_reverse,-0.06602238055589185,1.0,20.0
2025-01-22 11:00:00,2025-01-22 13:00:00,98.74704245589044,3.0081276556004757,3324.3270049999996,3284.851605,SHORT,signal_reverse,0.9874704245589043,1.0,20.0
2025-01-22 13:00:00,2025-01-22 22:00:00,-166.67557562314764,3.044277551162011,3284.851605,3236.6708550000003,LONG,stop_loss,-1.6667557562314763,1.0,20.0
2025-01-23 01:00:00,2025-01-23 04:00:00,-148.8085211484684,3.0908204661279637,3235.386885,3193.712345,LONG,stop_loss,-1.488085211484684,1.0,20.0
2025-01-23 08:00:00,2025-01-23 13:00:00,45.639202964985834,3.115357821510028,3209.9041500000003,3230.9737050000003,LONG,signal_reverse,0.45639202964985837,1.0,19.999999999999996
2025-01-23 13:00:00,2025-01-23 14:00:00,-162.13648637539623,3.095042211121925,3230.9737050000003,3276.89763,SHORT,stop_loss,-1.6213648637539622,1.0,20.0
2025-01-23 19:00:00,2025-01-23 22:00:00,333.74017370546784,3.117330261877704,3207.873135,3321.348495,LONG,signal_reverse,3.3374017370546785,1.0,20.0
2025-01-23 22:00:00,2025-01-24 05:00:00,-290.2101274079027,3.0108252762557517,3321.348495,3411.094695,SHORT,stop_loss,-2.902101274079027,1.0,20.0
2025-01-24 14:00:00,2025-01-24 19:00:00,59.70362628041212,2.942691069354145,3398.250025,3371.1647399999997,SHORT,signal_reverse,0.5970362628041211,1.0,20.0
2025-01-24 19:00:00,2025-01-24 23:00:00,-206.61115623794842,2.966333825620162,3371.16474,3308.255045,LONG,stop_loss,-2.066111562379484,1.0,20.0
2025-01-25 04:00:00,2025-01-25 13:00:00,-7.25907059561792,3.028935493463509,3301.48992,3305.696325,LONG,signal_reverse,-0.0725907059561792,1.0,20.0
2025-01-25 13:00:00,2025-01-25 23:00:00,-64.6292355665784,3.0250812587874356,3305.696325,3320.4493949999996,SHORT,signal_reverse,-0.646292355665784,1.0,20.0
2025-01-25 23:00:00,2025-01-26 03:00:00,28.251104275600195,3.011640537289381,3320.449395,3336.47093,LONG,signal_reverse,0.282511042756002,1.0,20.0
2025-01-26 03:00:00,2025-01-26 09:00:00,90.30193510482746,2.9971788185188837,3336.47093,3299.6690099999996,SHORT,signal_reverse,0.9030193510482747,1.0,20.000000000000004
2025-01-26 09:00:00,2025-01-26 17:00:00,88.38190100770129,3.030607000185149,3299.66901,3335.43145,LONG,signal_reverse,0.8838190100770129,1.0,20.0
2025-01-26 17:00:00,2025-01-26 21:00:00,92.3791646205167,2.998112882817604,3335.43145,3297.94815,SHORT,signal_reverse,0.923791646205167,1.0,20.0
2025-01-26 21:00:00,2025-01-26 23:00:00,-225.83704446657316,3.032188362330681,3297.94815,3230.06416,LONG,stop_loss,-2.2583704446657316,1.0,20.0
2025-01-27 14:00:00,2025-01-27 16:00:00,145.07126967206673,3.188571023768672,3136.201115,3084.4314449999997,SHORT,signal_reverse,1.4507126967206674,1.0,20.0
2025-01-27 16:00:00,2025-01-27 20:00:00,170.62234336675448,3.2420885917923203,3084.4314449999997,3143.2276,LONG,signal_reverse,1.7062234336675446,1.0,20.0
2025-01-27 20:00:00,2025-01-27 21:00:00,-72.11654097208816,3.1814431764343123,3143.2276,3159.609015,SHORT,stop_loss,-0.7211654097208816,1.0,20.0
2025-01-28 07:00:00,2025-01-28 12:00:00,38.857819336697474,3.1299867045989753,3194.90175,3176.097255,SHORT,signal_reverse,0.38857819336697474,1.0,20.0
2025-01-28 12:00:00,2025-01-28 19:00:00,-118.80176040138295,3.1485181961155027,3176.097255,3144.716855,LONG,stop_loss,-1.1880176040138295,1.0,20.0
2025-01-29 03:00:00,2025-01-29 12:00:00,9.015245710408747,3.1967826096509344,3128.145145,3119.0687550000002,SHORT,signal_reverse,0.09015245710408748,1.0,20.0
2025-01-29 12:00:00,2025-01-29 16:00:00,-135.42246365133445,3.206085144474476,3119.0687550000002,3083.067695,LONG,stop_loss,-1.3542246365133446,1.0,20.0
2025-01-29 18:00:00,2025-01-29 20:00:00,-58.812522389752196,3.199235925204289,3125.746345,3137.878155,SHORT,stop_loss,-0.588125223897522,1.0,20.0
2025-01-29 20:00:00,2025-01-30 03:00:00,-237.1750286505642,3.190055352069989,3134.741845,3202.8206099999998,SHORT,stop_loss,-2.371750286505642,1.0,20.000000000000004
2025-01-30 20:00:00,2025-01-31 00:00:00,88.28422371094157,3.092197423762619,3233.946165,3268.9647,LONG,signal_reverse,0.8828422371094158,1.0,20.0
2025-01-31 00:00:00,2025-01-31 03:00:00,93.03119914387626,3.05907249472593,3268.9647,3232.0152,SHORT,signal_reverse,0.9303119914387626,1.0,20.000000000000004
2025-01-31 03:00:00,2025-01-31 06:00:00,69.86175250660948,3.0940448547395443,3232.0152000000003,3261.0586550000003,LONG,signal_reverse,0.6986175250660948,1.0,20.0
2025-01-31 06:00:00,2025-01-31 11:00:00,-252.16048225296117,3.066488848542345,3261.0586550000003,3336.7675499999996,SHORT,stop_loss,-2.5216048225296115,1.0,19.999999999999996
2025-01-31 18:00:00,2025-02-01 08:00:00,-170.4441207079849,3.016084522390725,3315.55695,3265.6763450000003,LONG,stop_loss,-1.7044412070798491,1.0,20.0
2025-02-01 13:00:00,2025-02-01 19:00:00,-180.5280171196254,3.0799247194328334,3246.832605,3194.7118450000003,LONG,stop_loss,-1.8052801711962538,1.0,20.0
2025-02-01 19:00:00,2025-02-01 21:00:00,-176.92384698896996,3.1270441536492473,3197.908155,3147.72535,LONG,stop_loss,-1.7692384698896995,1.0,20.000000000000004
2025-02-02 07:00:00,2025-02-02 11:00:00,-149.81964477994447,3.2235704375767997,3102.1503,3061.878295,LONG,stop_loss,-1.4981964477994447,1.0,20.0
2025-02-02 16:00:00,2025-02-02 17:00:00,-176.2031297759204,3.31553191095025,3016.1073,2968.99476,LONG,stop_loss,-1.7620312977592039,1.0,19.999999999999996
2025-02-03 15:00:00,2025-02-03 19:00:00,-269.92207470472397,3.699431866964923,2703.117765,2770.6746449999996,SHORT,stop_loss,-2.6992207470472396,1.0,20.0
2025-02-03 21:00:00,2025-02-03 22:00:00,-218.99156833864703,3.5479361340628826,2818.540025,2874.6265949999997,SHORT,stop_loss,-2.18991568338647,1.0,20.0
2025-02-04 05:00:00,2025-02-04 12:00:00,392.45377927337233,3.7107999282531683,2694.8367449999996,2805.986305,LONG,signal_reverse,3.924537792733723,1.0,20.0
2025-02-04 12:00:00,2025-02-04 19:00:00,94.57675307506658,3.5638092681282707,2805.986305,2773.8362249999996,SHORT,stop_loss,0.9457675307506658,1.0,20.0
2025-02-04 20:00:00,2025-02-04 21:00:00,-374.2347817719728,3.6554020936728553,2735.677155,2638.769955,LONG,stop_loss,-3.742347817719728,1.0,20.0
2025-02-05 05:00:00,2025-02-05 14:00:00,-38.30508310593268,3.5913128304601494,2784.497055,2789.5941,SHORT,stop_loss,-0.38305083105932686,1.0,20.0
2025-02-05 17:00:00,2025-02-06 02:00:00,215.4900160967008,3.6456556702791145,2742.99081,2807.585505,LONG,signal_reverse,2.154900160967008,1.0,20.0
2025-02-06 02:00:00,2025-02-06 05:00:00,-114.81773556884121,3.561779323262321,2807.5855049999996,2834.2063949999997,SHORT,stop_loss,-1.148177355688412,1.0,20.0
2025-02-06 09:00:00,2025-02-06 11:00:00,136.69917256432703,3.5070693461010816,2851.383595,2806.70265,SHORT,signal_reverse,1.3669917256432704,1.0,20.0
2025-02-06 11:00:00,2025-02-06 14:00:00,-229.0971232738184,3.562899689427378,2806.70265,2748.015305,LONG,stop_loss,-2.2909712327381837,1.0,20.0
2025-02-06 14:00:00,2025-02-06 15:00:00,-186.96371770177797,3.6353527505194334,2750.764695,2704.836905,LONG,stop_loss,-1.8696371770177795,1.0,20.0
2025-02-06 21:00:00,2025-02-06 22:00:00,-62.47784762015207,3.6888870225579815,2710.844745,2699.32966,LONG,stop_loss,-0.6247784762015207,1.0,20.0
2025-02-07 02:00:00,2025-02-07 06:00:00,73.03111778929669,3.671466238023473,2723.707465,2698.36851,SHORT,signal_reverse,0.730311177892967,1.0,20.0
2025-02-07 06:00:00,2025-02-07 08:00:00,93.72160580098215,3.705943040374423,2698.36851,2729.05479,LONG,signal_reverse,0.9372160580098216,1.0,20.0
2025-02-07 08:00:00,2025-02-07 12:00:00,-131.9960292185988,3.6642723468369796,2729.05479,2759.61912,SHORT,stop_loss,-1.3199602921859879,1.0,20.000000000000004
2025-02-07 15:00:00,2025-02-07 17:00:00,-184.88391990703568,3.670450038100189,2724.46155,2679.53956,LONG,stop_loss,-1.8488391990703568,1.0,20.0
2025-02-08 05:00:00,2025-02-08 17:00:00,5.424868666346701,3.814595259427,2621.5101,2628.175255,LONG,signal_reverse,0.054248686663467015,1.0,20.0
2025-02-08 17:00:00,2025-02-09 03:00:00,-219.24221149399705,3.8049212970007975,2628.1752549999997,2680.5395999999996,SHORT,stop_loss,-2.1924221149399705,1.0,20.0
2025-02-09 03:00:00,2025-02-09 13:00:00,196.370857121604,3.7343246122912155,2677.8604,2619.919305,SHORT,signal_reverse,1.9637085712160398,1.0,20.0
2025-02-09 13:00:00,2025-02-09 16:00:00,128.70912216893518,3.8169114525456727,2619.9193050000003,2658.879895,LONG,signal_reverse,1.287091221689352,1.0,20.0
2025-02-09 16:00:00,2025-02-09 19:00:00,105.08176868966851,3.7609822161598614,2658.879895,2625.622155,SHORT,signal_reverse,1.0508176868966852,1.0,20.0
2025-02-09 19:00:00,2025-02-09 21:00:00,-301.49004554693937,3.8086211227906097,2625.622155,2551.7135049999997,LONG,stop_loss,-3.0149004554693937,1.0,20.0
2025-02-09 21:00:00,2025-02-10 08:00:00,331.6109426162305,3.915018272202643,2554.266495,2644.0773000000004,LONG,signal_reverse,3.316109426162305,1.0,20.0
2025-02-10 08:00:00,2025-02-10 13:00:00,-154.0800248162183,3.7820376885350515,2644.0773,2679.529095,SHORT,stop_loss,-1.540800248162183,1.0,20.0
2025-02-10 13:00:00,2025-02-11 00:00:00,-134.24668793796587,3.7357329021655015,2676.8509050000002,2707.43304,SHORT,stop_loss,-1.3424668793796586,1.0,20.0
2025-02-11 00:00:00,2025-02-11 12:00:00,40.98033274308811,3.6972308657728616,2704.72696,2688.233445,SHORT,signal_reverse,0.4098033274308811,1.0,20.0
2025-02-11 12:00:00,2025-02-11 13:00:00,-223.48258854431324,3.7199150314120133,2688.233445,2633.532575,LONG,stop_loss,-2.2348258854431324,1.0,20.0
2025-02-11 22:00:00,2025-02-12 07:00:00,95.65766140329552,3.86579094904298,2586.79275,2616.71099,LONG,signal_reverse,0.9565766140329551,1.0,20.0
2025-02-12 07:00:00,2025-02-12 13:00:00,54.91497943378222,3.8215913175799363,2616.71099,2597.107905,SHORT,signal_reverse,0.5491497943378223,1.0,20.0
2025-02-12 13:00:00,2025-02-12 14:00:00,-15.79399455102549,3.8504368573780923,2597.107905,2598.2002500000003,LONG,stop_loss,-0.1579399455102549,1.0,20.0
2025-02-12 16:00:00,2025-02-12 20:00:00,-140.85898488480163,3.777653702420879,2647.1457649999998,2679.1389,SHORT,stop_loss,-1.4085898488480164,1.0,20.0
2025-02-13 06:00:00,2025-02-13 12:00:00,-141.97398049182036,3.7208567084295807,2687.553105,2654.77195,LONG,stop_loss,-1.4197398049182037,1.0,20.0
2025-02-13 21:00:00,2025-02-14 02:00:00,-117.8117347666605,3.7505491811961362,2666.276195,2692.355505,SHORT,stop_loss,-1.1781173476666051,1.0,20.0
2025-02-14 11:00:00,2025-02-14 14:00:00,103.1038821987763,3.721785003668024,2686.88277,2719.9593400000003,LONG,signal_reverse,1.031038821987763,1.0,20.0
2025-02-14 14:00:00,2025-02-14 17:00:00,-227.79062454661488,3.676525546885564,2719.9593400000003,2776.477545,SHORT,stop_loss,-2.277906245466149,1.0,20.0
2025-02-15 06:00:00,2025-02-15 14:00:00,-105.7533821562425,3.688383347756203,2711.21493,2687.965345,LONG,stop_loss,-1.057533821562425,1.0,20.0
2025-02-15 14:00:00,2025-02-16 04:00:00,23.01389990162226,3.7165676321252015,2690.654655,2702.22821,LONG,signal_reverse,0.23013899901622262,1.0,20.0
2025-02-16 04:00:00,2025-02-16 13:00:00,9.537697706144765,3.7006496945718736,2702.2282099999998,2694.24645,SHORT,signal_reverse,0.09537697706144765,1.0,20.0
2025-02-16 13:00:00,2025-02-16 23:00:00,-145.3684494972605,3.711612944688115,2694.24645,2660.4691000000003,LONG,stop_loss,-1.453684494972605,1.0,20.0
2025-02-16 23:00:00,2025-02-17 06:00:00,61.88091693127116,3.7549787732927435,2663.1309,2684.9368600000003,LONG,signal_reverse,0.6188091693127116,1.0,20.0
2025-02-17 06:00:00,2025-02-17 09:00:00,-204.994145448915,3.7244823701366294,2684.9368600000003,2734.6066199999996,SHORT,stop_loss,-2.04994145448915,1.0,20.0
2025-02-17 18:00:00,2025-02-17 21:00:00,249.2043893273103,3.700345229258682,2702.45055,2775.2017050000004,LONG,signal_reverse,2.4920438932731033,1.0,20.0
2025-02-17 21:00:00,2025-02-18 02:00:00,196.72246342180907,3.6033416893565944,2775.201705,2715.0568499999995,SHORT,signal_reverse,1.9672246342180906,1.0,20.0
2025-02-18 02:00:00,2025-02-18 05:00:00,-160.35063391029877,3.6831641296940063,2715.05685,2676.950855,LONG,stop_loss,-1.6035063391029878,1.0,20.0
2025-02-18 15:00:00,2025-02-18 16:00:00,-173.64950969949095,3.7389794585310523,2674.5265950000003,2633.4326250000004,LONG,stop_loss,-1.7364950969949093,1.0,20.0
2025-02-18 23:00:00,2025-02-19 07:00:00,-172.20120031514915,3.7470375756993626,2668.774945,2709.3940199999997,SHORT,stop_loss,-1.7220120031514914,1.0,20.0
2025-02-19 14:00:00,2025-02-19 20:00:00,83.36912646858175,3.715061886243913,2691.7452000000003,2719.569535,LONG,signal_reverse,0.8336912646858174,1.0,20.0
2025-02-19 20:00:00,2025-02-20 14:00:00,-62.379243669533146,3.6770525155923255,2719.5695349999996,2731.094865,SHORT,signal_reverse,-0.6237924366953315,1.0,20.0
2025-02-20 14:00:00,2025-02-20 18:00:00,4.698995580295028,3.6615352063210005,2731.094865,2737.840395,LONG,signal_reverse,0.046989955802950276,1.0,20.0
2025-02-20 18:00:00,2025-02-21 09:00:00,-189.37077517259627,3.6525138639427515,2737.840395,2784.21141,SHORT,stop_loss,-1.8937077517259628,1.0,20.0
2025-02-21 09:00:00,2025-02-21 13:00:00,-226.00947730964361,3.59527475771003,2781.42859,2838.728655,SHORT,stop_loss,-2.2600947730964362,1.0,20.0
2025-02-21 15:00:00,2025-02-21 17:00:00,-215.81070167442263,3.669008358050571,2725.5320850000003,2672.16325,LONG,stop_loss,-2.1581070167442262,1.0,20.0
2025-02-22 05:00:00,2025-02-22 10:00:00,-184.76629439706008,3.718364180789618,2689.3546499999998,2733.66615,SHORT,stop_loss,-1.847662943970601,1.0,20.0
2025-02-22 14:00:00,2025-02-22 15:00:00,-171.49524565000527,3.655196003671864,2735.8314,2777.277945,SHORT,stop_loss,-1.714952456500053,1.0,20.0
2025-02-22 19:00:00,2025-02-23 02:00:00,38.29184401955274,3.611783871069862,2768.71495,2752.5755999999997,SHORT,signal_reverse,0.3829184401955274,1.0,20.0
2025-02-23 02:00:00,2025-02-23 05:00:00,83.9866261983888,3.6329610710783022,2752.5755999999997,2781.1987050000002,LONG,signal_reverse,0.8398662619838881,1.0,20.0
2025-02-23 05:00:00,2025-02-23 07:00:00,-186.16682194233857,3.5955719316358588,2781.1987050000002,2827.413,SHORT,stop_loss,-1.8616682194233858,1.0,20.0
2025-02-23 13:00:00,2025-02-23 15:00:00,75.29754122691267,3.5569421685967506,2811.4035949999998,2784.6116099999995,SHORT,signal_reverse,0.7529754122691267,1.0,20.0
2025-02-23 15:00:00,2025-02-23 17:00:00,82.85477478132013,3.591165088908036,2784.61161,2813.25267,LONG,signal_reverse,0.8285477478132013,1.0,20.0
2025-02-23 17:00:00,2025-02-23 23:00:00,-49.31615452798956,3.5546042865747998,2813.25267,2821.500045,SHORT,stop_loss,-0.4931615452798956,1.0,20.0
2025-02-23 23:00:00,2025-02-24 01:00:00,72.15058259425665,3.5477600010108277,2818.679955,2792.7056549999998,SHORT,signal_reverse,0.7215058259425665,1.0,20.0
2025-02-24 01:00:00,2025-02-24 03:00:00,-292.6911440296403,3.580756884312608,2792.7056549999998,2716.551045,LONG,stop_loss,-2.9269114402964034,1.0,20.0
2025-02-25 13:00:00,2025-02-25 14:00:00,-175.21469817445072,4.144105586041737,2413.06593,2375.6116,LONG,stop_loss,-1.7521469817445072,1.0,19.999999999999996
2025-02-25 19:00:00,2025-02-25 20:00:00,-119.97337330979322,4.052429432356495,2467.655555,2492.32554,SHORT,stop_loss,-1.1997337330979323,1.0,20.0
2025-02-26 02:00:00,2025-02-26 08:00:00,101.92409568839753,4.0092175921661495,2494.25225,2463.841305,SHORT,signal_reverse,1.0192409568839753,1.0,20.0
2025-02-26 08:00:00,2025-02-26 12:00:00,-157.2122868928027,4.058702960984737,2463.841305,2430.034375,LONG,stop_loss,-1.5721228689280269,1.0,20.0
2025-02-26 23:00:00,2025-02-27 07:00:00,64.19092960369024,4.285268241325764,2333.576205,2353.2228,LONG,signal_reverse,0.6419092960369024,1.0,20.0
2025-02-27 07:00:00,2025-02-27 13:00:00,52.8589957567994,4.249491378376922,2353.2228,2336.0774549999996,SHORT,signal_reverse,0.5285899575679941,1.0,20.0
2025-02-27 13:00:00,2025-02-27 15:00:00,-84.50359754873499,4.280679982847573,2336.0774549999996,2321.0089150000003,LONG,stop_loss,-0.8450359754873498,1.0,20.000000000000004
2025-02-27 19:00:00,2025-02-27 20:00:00,-187.9293989130863,4.365011135798159,2290.9449,2252.4732,LONG,stop_loss,-1.8792939891308629,1.0,20.0
2025-02-28 01:00:00,2025-02-28 02:00:00,-147.61239726727544,4.559327116813911,2193.306105,2165.3168,LONG,stop_loss,-1.4761239726727544,1.0,20.0
2025-02-28 10:00:00,2025-02-28 14:00:00,205.53724744706517,4.724339915463228,2116.69782,2164.43724,LONG,signal_reverse,2.055372474470652,1.0,20.0
2025-02-28 14:00:00,2025-02-28 15:00:00,-293.8543714947342,4.6201385816111715,2164.43724,2223.7113,SHORT,stop_loss,-2.9385437149473423,1.0,20.0
2025-02-28 23:00:00,2025-03-01 02:00:00,-112.39279576572525,4.472928840548565,2235.671605,2256.3275999999996,SHORT,stop_loss,-1.1239279576572525,1.0,20.0
2025-03-01 07:00:00,2025-03-01 11:00:00,-230.89081628249232,4.485523587139238,2229.3941400000003,2182.378265,LONG,stop_loss,-2.308908162824923,1.0,19.999999999999996
2025-03-01 16:00:00,2025-03-02 08:00:00,-44.73386224976663,4.529691999696945,2207.65562,2213.1160050000003,SHORT,signal_reverse,-0.4473386224976663,1.0,20.0
2025-03-02 08:00:00,2025-03-02 09:00:00,103.05392007681729,4.518515964552884,2213.1160050000003,2240.349265,LONG,signal_reverse,1.0305392007681728,1.0,20.0
2025-03-02 09:00:00,2025-03-02 13:00:00,103.12113754281081,4.463589743003754,2240.349265,2212.76583,SHORT,signal_reverse,1.0312113754281083,1.0,20.0
2025-03-02 13:00:00,2025-03-02 14:00:00,-102.08586626629018,4.519231029521095,2212.76583,2194.60215,LONG,stop_loss,-1.020858662662902,1.0,20.0
2025-03-02 16:00:00,2025-03-02 17:00:00,-187.92680528254584,4.095559972512322,2441.6685549999997,2482.6707149999997,SHORT,stop_loss,-1.8792680528254584,1.0,20.0
2025-03-03 06:00:00,2025-03-03 08:00:00,-143.9222080395104,4.21383355414348,2373.1359749999997,2343.72755,LONG,stop_loss,-1.439222080395104,1.0,20.0
2025-03-03 14:00:00,2025-03-03 18:00:00,-388.0833199092921,4.395919645841855,2274.8368499999997,2191.1039,LONG,stop_loss,-3.880833199092921,1.0,20.0
2025-03-04 07:00:00,2025-03-04 14:00:00,-37.8262308972853,4.806838019338261,2080.3696649999997,2076.66115,LONG,stop_loss,-0.378262308972853,1.0,20.0
2025-03-04 15:00:00,2025-03-04 16:00:00,-86.7618705745411,4.821329856421665,2074.11654,2060.2693500000005,LONG,stop_loss,-0.8676187057454111,1.0,20.0
2025-03-04 17:00:00,2025-03-04 18:00:00,-169.80412902755825,4.723774911945942,2116.950995,2148.663795,SHORT,stop_loss,-1.6980412902755826,1.0,19.999999999999996
2025-03-04 21:00:00,2025-03-05 07:00:00,-164.85595429801305,4.595416297877807,2176.081415,2207.6032499999997,SHORT,stop_loss,-1.6485595429801305,1.0,20.0
2025-03-05 14:00:00,2025-03-05 19:00:00,185.76985682954975,4.602831465376597,2172.5757449999996,2217.280805,LONG,signal_reverse,1.8576985682954974,1.0,20.0
2025-03-05 19:00:00,2025-03-05 23:00:00,-134.19363277264281,4.510028670004204,2217.280805,2242.60074,SHORT,stop_loss,-1.3419363277264282,1.0,20.0
2025-03-06 08:00:00,2025-03-06 12:00:00,82.59838838460783,4.362291369271088,2292.37324,2268.8538599999997,SHORT,signal_reverse,0.8259838838460783,1.0,20.0
2025-03-06 12:00:00,2025-03-06 14:00:00,-217.30869752889168,4.407511729292252,2268.8538599999997,2224.0874,LONG,stop_loss,-2.173086975288917,1.0,20.0
2025-03-06 16:00:00,2025-03-06 17:00:00,-170.9208947621935,4.49749251861796,2223.461175,2189.9045,LONG,stop_loss,-1.709208947621935,1.0,20.0
2025-03-06 23:00:00,2025-03-07 00:00:00,-413.92588709005764,4.538314580155208,2203.4611800000002,2116.6611399999997,LONG,stop_loss,-4.139258870900576,1.0,20.0
2025-03-07 02:00:00,2025-03-07 07:00:00,139.40564995141213,4.635814965747679,2157.11802,2191.5037,LONG,signal_reverse,1.3940564995141214,1.0,20.0
2025-03-07 07:00:00,2025-03-07 13:00:00,-13.9805942376475,4.563076941188829,2191.5036999999998,2190.184545,SHORT,stop_loss,-0.139805942376475,1.0,20.0
2025-03-07 14:00:00,2025-03-07 16:00:00,256.9475732871168,4.502498762994746,2220.98895,2159.4791999999998,SHORT,signal_reverse,2.5694757328711684,1.0,19.999999999999996
2025-03-07 16:00:00,2025-03-07 21:00:00,-119.46256949360819,4.6307461539800885,2159.4792,2138.000465,LONG,stop_loss,-1.1946256949360818,1.0,20.0
2025-03-08 01:00:00,2025-03-08 12:00:00,136.01635285627287,4.686636640979164,2133.72633,2167.01595,LONG,signal_reverse,1.3601635285627287,1.0,19.999999999999996
2025-03-08 12:00:00,2025-03-08 17:00:00,-169.43683270997712,4.6146406998065705,2167.01595,2199.39915,SHORT,stop_loss,-1.6943683270997711,1.0,20.0
2025-03-09 01:00:00,2025-03-09 10:00:00,-292.1916013515682,4.561428668652165,2192.2956,2132.623155,LONG,stop_loss,-2.921916013515682,1.0,19.999999999999996
2025-03-10 02:00:00,2025-03-10 09:00:00,-245.885896851096,4.861942493148392,2056.79109,2103.2510999999995,SHORT,stop_loss,-2.4588589685109596,1.0,20.0
2025-03-10 09:00:00,2025-03-10 11:00:00,-154.7610347843516,4.759300971006863,2101.1488999999997,2129.4642,SHORT,stop_loss,-1.5476103478435161,1.0,20.0
2025-03-10 14:00:00,2025-03-10 17:00:00,-533.8008623747172,4.951452738903511,2019.6092999999998,1915.8416,LONG,stop_loss,-5.338008623747172,1.0,20.000000000000004
2025-03-11 03:00:00,2025-03-11 07:00:00,265.51453052020435,5.405070597802618,1850.114595,1902.9380550000003,LONG,signal_reverse,2.6551453052020433,1.0,20.0
2025-03-11 07:00:00,2025-03-11 13:00:00,-26.587523943335892,5.255031803964843,1902.938055,1904.1916199999998,SHORT,stop_loss,-0.2658752394333589,1.0,20.0
2025-03-11 14:00:00,2025-03-11 16:00:00,245.88445010432076,5.355402819824161,1867.27317,1916.9210600000001,LONG,signal_reverse,2.4588445010432074,1.0,20.0
2025-03-11 16:00:00,2025-03-11 18:00:00,-212.054439633522,5.2166989077787065,1916.9210600000001,1953.7363799999998,SHORT,stop_loss,-2.12054439633522,1.0,20.000000000000004
2025-03-11 18:00:00,2025-03-12 00:00:00,181.03573263925722,5.123518763826905,1951.78362,1912.5457949999998,SHORT,signal_reverse,1.8103573263925723,1.0,20.0
2025-03-12 00:00:00,2025-03-12 03:00:00,-255.23640645687078,5.228632969805568,1912.545795,1867.555755,LONG,stop_loss,-2.5523640645687076,1.0,20.0
2025-03-12 07:00:00,2025-03-12 09:00:00,57.85398993166415,5.236439170570551,1909.6946750000002,1894.82694,SHORT,stop_loss,0.5785398993166415,1.0,20.0
2025-03-12 12:00:00,2025-03-12 14:00:00,327.84168981691437,5.185846866593734,1928.325355,1861.2501599999998,SHORT,signal_reverse,3.278416898169144,1.0,20.0
2025-03-12 14:00:00,2025-03-12 15:00:00,18.765020173325198,5.372732916245929,1861.2501599999998,1868.4653000000003,LONG,stop_loss,0.18765020173325198,1.0,20.000000000000004
2025-03-12 21:00:00,2025-03-13 03:00:00,11.10645175885462,5.281607815642965,1893.3628449999999,1887.4732649999999,SHORT,signal_reverse,0.1110645175885462,1.0,19.999999999999996
2025-03-13 03:00:00,2025-03-13 06:00:00,-119.38201694210387,5.29808828841875,1887.473265,1868.7151750000003,LONG,stop_loss,-1.1938201694210389,1.0,20.0
2025-03-13 09:00:00,2025-03-13 12:00:00,-63.04132264151738,5.291636255633105,1889.77464,1897.9084799999998,SHORT,stop_loss,-0.6304132264151738,1.0,20.0
2025-03-13 13:00:00,2025-03-13 17:00:00,-268.1090390364205,5.341550518256193,1872.11559,1825.66671,LONG,stop_loss,-2.681090390364205,1.0,20.0
2025-03-13 20:00:00,2025-03-13 22:00:00,166.98383122595527,5.426139108229937,1842.931005,1877.390835,LONG,signal_reverse,1.6698383122595528,1.0,20.000000000000004
2025-03-13 22:00:00,2025-03-14 10:00:00,-136.53580379814684,5.326541396480185,1877.390835,1899.2691599999998,SHORT,stop_loss,-1.3653580379814685,1.0,20.0
2025-03-14 23:00:00,2025-03-15 04:00:00,76.04368955022545,5.228769734742994,1912.49577,1930.864085,LONG,signal_reverse,0.7604368955022545,1.0,19.999999999999996
2025-03-15 04:00:00,2025-03-16 00:00:00,-31.404039347492308,5.179028434826369,1930.864085,1933.06605,SHORT,signal_reverse,-0.3140403934749231,1.0,20.0
2025-03-16 00:00:00,2025-03-16 10:00:00,-167.37631443064208,5.173128978184683,1933.06605,1904.577235,LONG,stop_loss,-1.673763144306421,1.0,20.0
2025-03-16 17:00:00,2025-03-16 19:00:00,113.63063814483581,5.23764533807834,1909.254895,1883.7413999999999,SHORT,signal_reverse,1.136306381448358,1.0,20.0
2025-03-16 19:00:00,2025-03-17 01:00:00,77.3970206313894,5.308584288692705,1883.7413999999999,1902.0884800000001,LONG,signal_reverse,0.773970206313894,1.0,20.0
2025-03-17 01:00:00,2025-03-17 12:00:00,-57.67264286254372,5.257378983757896,1902.08848,1909.2541499999998,SHORT,stop_loss,-0.5767264286254372,1.0,20.0
2025-03-17 13:00:00,2025-03-17 15:00:00,78.66006789401166,5.264378939724653,1899.559305,1918.3003700000002,LONG,signal_reverse,0.7866006789401166,1.0,20.0
2025-03-17 15:00:00,2025-03-17 18:00:00,-182.5078141438301,5.212947959760859,1918.30037,1949.47425,SHORT,stop_loss,-1.825078141438301,1.0,20.0
2025-03-18 01:00:00,2025-03-18 13:00:00,-154.96257035951757,5.251158458723974,1904.341695,1878.64021,LONG,stop_loss,-1.5496257035951757,1.0,20.0
2025-03-18 15:00:00,2025-03-18 19:00:00,94.50758794974301,5.314201061643986,1881.750405,1903.2978750000002,LONG,signal_reverse,0.9450758794974302,1.0,20.0
2025-03-18 19:00:00,2025-03-18 23:00:00,-172.88116685361143,5.254038335959367,1903.297875,1932.3957149999999,SHORT,stop_loss,-1.7288116685361141,1.0,20.0
2025-03-19 08:00:00,2025-03-19 10:00:00,-201.21451862236216,5.155888946792387,1939.52975,1974.676845,SHORT,stop_loss,-2.0121451862236217,1.0,20.0
2025-03-19 21:00:00,2025-03-19 23:00:00,-107.49548708700239,4.902010044708783,2039.9795,2057.8284,SHORT,stop_loss,-1.0749548708700238,1.0,20.0
2025-03-20 03:00:00,2025-03-20 10:00:00,-233.53808291840264,4.940439176882322,2024.1115499999999,1980.8890600000002,LONG,stop_loss,-2.3353808291840266,1.0,20.0
2025-03-20 15:00:00,2025-03-21 00:00:00,64.77048126505973,5.070208032562255,1972.30566,1989.0249900000001,LONG,signal_reverse,0.6477048126505973,1.0,20.0
2025-03-21 00:00:00,2025-03-21 03:00:00,34.22940915387863,5.027588919332784,1989.02499,1978.238625,SHORT,signal_reverse,0.34229409153878626,1.0,20.0
2025-03-21 03:00:00,2025-03-21 12:00:00,-191.4215594187983,5.055001895941649,1978.238625,1944.32735,LONG,stop_loss,-1.9142155941879828,1.0,20.0
2025-03-21 17:00:00,2025-03-22 09:00:00,-158.89791933986322,5.083997734306241,1966.95603,1994.2766399999998,SHORT,stop_loss,-1.5889791933986324,1.0,19.999999999999996
2025-03-22 12:00:00,2025-03-22 14:00:00,23.485795512977717,5.015390804994147,1993.86257,1985.1921,SHORT,signal_reverse,0.23485795512977717,1.0,19.999999999999996
2025-03-22 14:00:00,2025-03-22 17:00:00,10.837040909039208,5.037295886881677,1985.1921,1991.3138450000001,LONG,signal_reverse,0.10837040909039208,1.0,19.999999999999996
2025-03-22 17:00:00,2025-03-22 21:00:00,3.004786570948994,5.021810110500186,1991.313845,1986.7328699999998,SHORT,signal_reverse,0.03004786570948994,1.0,20.0
2025-03-22 21:00:00,2025-03-23 01:00:00,29.62083805458908,5.033389315192636,1986.73287,1996.591205,LONG,signal_reverse,0.29620838054589077,1.0,20.0
2025-03-23 01:00:00,2025-03-23 16:00:00,-27.048488426052025,5.008536537152581,1996.591205,1997.9985,SHORT,signal_reverse,-0.27048488426052025,1.0,20.0
2025-03-23 16:00:00,2025-03-23 23:00:00,15.627854575467357,5.005008762519091,1997.9985,2005.11694,LONG,signal_reverse,0.15627854575467356,1.0,19.999999999999996
2025-03-23 23:00:00,2025-03-24 01:00:00,96.73423895166971,4.987240295321628,2005.1169399999999,1981.7103599999998,SHORT,signal_reverse,0.967342389516697,1.0,20.0
2025-03-24 01:00:00,2025-03-24 03:00:00,140.88294557838353,5.046146097757696,1981.71036,2013.5927,LONG,signal_reverse,1.4088294557838352,1.0,20.0
2025-03-24 03:00:00,2025-03-24 04:00:00,-158.3473182039244,4.966247642832635,2013.5927,2041.4502149999998,SHORT,stop_loss,-1.5834731820392438,1.0,20.000000000000004
2025-03-24 17:00:00,2025-03-24 22:00:00,21.22881607422521,4.79029134408246,2087.5557,2078.948955,SHORT,signal_reverse,0.21228816074225212,1.0,20.0
2025-03-24 22:00:00,2025-03-25 03:00:00,-194.85164757207764,4.810122911363161,2078.948955,2042.59819,LONG,stop_loss,-1.9485164757207765,1.0,20.0
2025-03-25 09:00:00,2025-03-26 02:00:00,72.54542743376096,4.832587475004166,2069.2848400000003,2050.134555,SHORT,signal_reverse,0.7254542743376096,1.0,20.0
2025-03-26 02:00:00,2025-03-26 06:00:00,59.1740471883322,4.8777286230366474,2050.134555,2066.3663,LONG,signal_reverse,0.591740471883322,1.0,20.0
2025-03-26 06:00:00,2025-03-26 13:00:00,158.2454543514392,4.839413031464944,2066.3663,2029.53426,SHORT,signal_reverse,1.582454543514392,1.0,20.0
2025-03-26 13:00:00,2025-03-26 18:00:00,-195.31970610833523,4.927238823748657,2029.53426,1993.9525250000002,LONG,stop_loss,-1.9531970610833522,1.0,20.0
2025-03-26 21:00:00,2025-03-27 01:00:00,30.586052641137776,4.976302201994815,2009.52426,2019.6896500000003,LONG,signal_reverse,0.30586052641137773,1.0,20.0
2025-03-27 01:00:00,2025-03-27 11:00:00,-9.447017268221572,4.951255753575802,2019.68965,2017.5582749999999,SHORT,signal_reverse,-0.09447017268221572,1.0,19.999999999999996
2025-03-27 11:00:00,2025-03-27 13:00:00,-96.57687111912439,4.956486325035643,2017.5582749999999,2002.108445,LONG,stop_loss,-0.965768711191244,1.0,20.0
2025-03-27 15:00:00,2025-03-27 21:00:00,35.07607637157494,4.98496406475246,2006.0325149999999,2017.0809550000001,LONG,signal_reverse,0.35076076371574944,1.0,20.0
2025-03-27 21:00:00,2025-03-28 03:00:00,61.95595699330743,4.957659222953696,2017.080955,2000.549775,SHORT,signal_reverse,0.6195595699330744,1.0,19.999999999999996
2025-03-28 03:00:00,2025-03-28 04:00:00,-342.0530716362705,4.99862594021186,2000.549775,1936.121455,LONG,stop_loss,-3.4205307163627046,1.0,20.0
2025-03-28 22:00:00,2025-03-29 05:00:00,36.52608439295942,5.265070306826763,1899.30987,1888.573815,SHORT,signal_reverse,0.3652608439295941,1.0,20.0
2025-03-29 05:00:00,2025-03-29 09:00:00,-88.8988955403902,5.295000873450106,1888.5738150000002,1875.56175,LONG,stop_loss,-0.8889889554039019,1.0,20.0
2025-03-29 09:00:00,2025-03-29 11:00:00,-202.85695947656242,5.326406873834599,1877.43825,1843.107985,LONG,stop_loss,-2.028569594765624,1.0,20.0
2025-03-30 01:00:00,2025-03-30 10:00:00,-1.1424740418990484,5.453327865245127,1833.74267,1830.2846849999999,SHORT,signal_reverse,-0.011424740418990484,1.0,20.0
2025-03-30 10:00:00,2025-03-30 13:00:00,-157.78004157861253,5.463630921437776,1830.2846849999999,1805.067015,LONG,stop_loss,-1.5778004157861254,1.0,19.999999999999996
2025-03-30 13:00:00,2025-03-30 22:00:00,-37.18615545076563,5.534423328599381,1806.872985,1803.767665,LONG,stop_loss,-0.37186155450765634,1.0,20.0
2025-03-31 00:00:00,2025-03-31 11:00:00,119.82906716612227,5.595334795612534,1787.203155,1812.19345,LONG,signal_reverse,1.1982906716612227,1.0,20.000000000000004
2025-03-31 11:00:00,2025-03-31 12:00:00,-146.82796088905312,5.518174673901399,1812.19345,1835.1771299999998,SHORT,stop_loss,-1.4682796088905312,1.0,20.0
2025-03-31 14:00:00,2025-04-01 06:00:00,-126.24458841303469,5.437619568496394,1839.0400200000001,1858.578825,SHORT,stop_loss,-1.262445884130347,1.0,20.0
2025-04-01 13:00:00,2025-04-01 15:00:00,-284.25724621482755,5.347752128009613,1869.9445600000001,1919.3591999999999,SHORT,stop_loss,-2.8425724621482753,1.0,20.000000000000004
2025-04-02 00:00:00,2025-04-02 05:00:00,-208.19726332581328,5.288976758538362,1890.72489,1855.141965,LONG,stop_loss,-2.0819726332581325,1.0,20.0
2025-04-02 15:00:00,2025-04-02 20:00:00,76.54377543754896,5.2616368662901,1900.54925,1882.2006299999998,SHORT,stop_loss,0.7654377543754896,1.0,20.0
2025-04-02 21:00:00,2025-04-02 22:00:00,-400.6809493588884,5.353997149580104,1867.763415,1796.66122,LONG,stop_loss,-4.006809493588884,1.0,20.000000000000004
2025-04-03 03:00:00,2025-04-03 10:00:00,-200.79006036738403,5.478695034231901,1825.25217,1792.253425,LONG,stop_loss,-2.0079006036738405,1.0,20.000000000000004
2025-04-03 20:00:00,2025-04-04 01:00:00,61.85237853234711,5.564331836118163,1797.16097,1782.45078,SHORT,signal_reverse,0.6185237853234711,1.0,19.999999999999996
2025-04-04 01:00:00,2025-04-04 05:00:00,102.90151428473261,5.610253092093797,1782.45078,1804.3573700000002,LONG,signal_reverse,1.0290151428473262,1.0,20.0
2025-04-04 05:00:00,2025-04-04 08:00:00,-155.98536746631342,5.542139360120218,1804.35737,1828.89399,SHORT,stop_loss,-1.5598536746631342,1.0,19.999999999999996
2025-04-04 10:00:00,2025-04-04 17:00:00,177.00298190909385,5.603396514486767,1784.63187,1819.7896500000002,LONG,signal_reverse,1.7700298190909385,1.0,20.0
2025-04-04 17:00:00,2025-04-05 03:00:00,32.286070535680174,5.495140605948605,1819.78965,1810.2746849999999,SHORT,signal_reverse,0.3228607053568018,1.0,20.0
2025-04-05 03:00:00,2025-04-05 09:00:00,30.518024009157813,5.524023554469581,1810.2746849999999,1819.419835,LONG,signal_reverse,0.3051802400915781,1.0,20.0
2025-04-05 09:00:00,2025-04-05 11:00:00,44.06660395675074,5.496257547395596,1819.419835,1807.7634299999997,SHORT,signal_reverse,0.4406660395675074,1.0,20.0
2025-04-05 11:00:00,2025-04-05 15:00:00,-171.64622508156313,5.5316972531079465,1807.76343,1780.34938,LONG,stop_loss,-1.7164622508156313,1.0,20.0
2025-04-05 19:00:00,2025-04-05 22:00:00,55.46298417685152,5.610284582947784,1782.440775,1795.891605,LONG,signal_reverse,0.5546298417685152,1.0,20.0
2025-04-05 22:00:00,2025-04-06 06:00:00,-35.13036751458016,5.568264795135005,1795.891605,1798.608855,SHORT,signal_reverse,-0.3513036751458016,1.0,20.0
2025-04-06 06:00:00,2025-04-06 13:00:00,-307.5707792509441,5.559852533918499,1798.608855,1746.8861200000001,LONG,stop_loss,-3.0757077925094407,1.0,20.0
2025-04-07 09:00:00,2025-04-07 13:00:00,415.1979077229611,6.737492331428338,1484.231745,1548.8252,LONG,signal_reverse,4.151979077229611,1.0,20.0
2025-04-07 13:00:00,2025-04-07 14:00:00,-157.4555695503911,6.456506518618112,1548.8252,1570.1146649999998,SHORT,stop_loss,-1.5745556955039108,1.0,20.000000000000004
2025-04-07 17:00:00,2025-04-08 01:00:00,-191.072019647743,6.390890189938502,1564.727245,1591.49535,SHORT,stop_loss,-1.9107201964774299,1.0,20.0
2025-04-08 01:00:00,2025-04-08 02:00:00,-20.880398708186995,6.2896853594333475,1589.90465,1590.044625,SHORT,stop_loss,-0.20880398708186995,1.0,20.0
2025-04-08 11:00:00,2025-04-08 14:00:00,332.4319729745303,6.300101696556591,1587.275965,1531.3352849999999,SHORT,signal_reverse,3.324319729745303,1.0,20.0
2025-04-08 14:00:00,2025-04-08 16:00:00,-321.35954191116116,6.530248534043282,1531.3352849999999,1485.1870350000002,LONG,stop_loss,-3.213595419111612,1.0,20.0
2025-04-09 07:00:00,2025-04-09 11:00:00,161.36700878813164,6.7469620142091635,1482.148555,1455.2672699999998,SHORT,signal_reverse,1.6136700878813164,1.0,20.000000000000004
2025-04-09 11:00:00,2025-04-09 13:00:00,187.03866994823608,6.871589986353503,1455.26727,1485.39693,LONG,signal_reverse,1.8703866994823608,1.0,20.0
2025-04-09 13:00:00,2025-04-09 16:00:00,-133.53076514033125,6.732207262606905,1485.39693,1502.260755,SHORT,stop_loss,-1.3353076514033124,1.0,20.000000000000004
2025-04-09 16:00:00,2025-04-09 17:00:00,-903.266289657272,6.66329395158915,1500.759245,1633.3162499999999,SHORT,stop_loss,-9.03266289657272,1.0,20.0
2025-04-10 06:00:00,2025-04-10 07:00:00,-157.71928712022265,6.185294226080724,1616.737965,1594.472365,LONG,stop_loss,-1.5771928712022265,1.0,20.0
2025-04-10 10:00:00,2025-04-10 13:00:00,-193.0751247335795,6.270626559814437,1594.7369700000002,1567.13604,LONG,stop_loss,-1.9307512473357948,1.0,20.0
2025-04-10 23:00:00,2025-04-11 01:00:00,106.05654344699019,6.569479041921499,1522.190715,1541.3789250000002,LONG,signal_reverse,1.0605654344699018,1.0,20.0
2025-04-11 01:00:00,2025-04-11 08:00:00,-85.2429122838827,6.487697371365059,1541.378925,1551.43533,SHORT,stop_loss,-0.852429122838827,1.0,20.000000000000004
2025-04-11 13:00:00,2025-04-12 01:00:00,72.7110879911132,6.372734830124541,1569.185015,1554.63693,SHORT,signal_reverse,0.727110879911132,1.0,20.0
2025-04-12 01:00:00,2025-04-12 04:00:00,54.74124521151134,6.432370032532291,1554.63693,1566.25648,LONG,signal_reverse,0.5474124521151134,1.0,20.0
2025-04-12 04:00:00,2025-04-12 08:00:00,-184.20752493869972,6.384650360712315,1566.25648,1591.97559,SHORT,stop_loss,-1.8420752493869972,1.0,20.0
2025-04-12 18:00:00,2025-04-13 01:00:00,174.27586257318276,6.062315192594722,1649.5348199999999,1617.4883399999999,SHORT,signal_reverse,1.7427586257318277,1.0,20.0
2025-04-13 01:00:00,2025-04-13 11:00:00,-108.41074551424526,6.182424783352689,1617.48834,1603.1880050000002,LONG,stop_loss,-1.0841074551424528,1.0,20.0
2025-04-13 11:00:00,2025-04-13 13:00:00,-219.95575812926407,6.231337164664757,1604.791995,1572.7032550000001,LONG,stop_loss,-2.1995575812926407,1.0,20.0
2025-04-13 17:00:00,2025-04-13 19:00:00,254.43269922707907,6.113882880674285,1635.62178,1590.73497,SHORT,signal_reverse,2.5443269922707907,1.0,20.000000000000004
2025-04-13 19:00:00,2025-04-14 00:00:00,104.46674256491626,6.286402316282769,1590.73497,1610.53433,LONG,signal_reverse,1.0446674256491626,1.0,20.0
2025-04-14 00:00:00,2025-04-14 02:00:00,-175.99226624371192,6.20911942932629,1610.53433,1635.6574199999998,SHORT,stop_loss,-1.7599226624371194,1.0,20.0
2025-04-14 07:00:00,2025-04-14 10:00:00,-295.03369030518076,6.117696066607125,1634.60229,1679.55936,SHORT,stop_loss,-2.9503369030518076,1.0,19.999999999999996
2025-04-14 14:00:00,2025-04-14 15:00:00,243.42637253047232,5.978882687987036,1672.5533050000001,1628.4938399999999,SHORT,signal_reverse,2.4342637253047235,1.0,20.000000000000004
2025-04-14 15:00:00,2025-04-15 04:00:00,40.58708825082285,6.140643430373676,1628.49384,1638.3604100000002,LONG,signal_reverse,0.4058708825082285,1.0,20.000000000000004
2025-04-15 04:00:00,2025-04-15 10:00:00,6.5131528660416995,6.103663112806784,1638.36041,1634.0166,SHORT,signal_reverse,0.06513152866041699,1.0,20.0
2025-04-15 10:00:00,2025-04-15 14:00:00,-107.434056667479,6.1198888677140735,1634.0166000000002,1619.72973,LONG,stop_loss,-1.0743405666747898,1.0,20.000000000000004
2025-04-16 03:00:00,2025-04-16 05:00:00,-165.9437668589342,6.282529919009519,1591.7154600000001,1568.485365,LONG,stop_loss,-1.659437668589342,1.0,20.0
2025-04-16 09:00:00,2025-04-16 14:00:00,113.39366445299459,6.373185124403411,1569.074145,1590.0046,LONG,signal_reverse,1.133936644529946,1.0,20.0
2025-04-16 14:00:00,2025-04-16 17:00:00,254.72766430990276,6.289289980670496,1590.0046,1546.3227749999999,SHORT,signal_reverse,2.5472766430990275,1.0,20.0
2025-04-16 17:00:00,2025-04-17 05:00:00,315.1677336576795,6.466955128433649,1546.3227749999999,1598.1505250000002,LONG,signal_reverse,3.1516773365767947,1.0,20.0
2025-04-17 05:00:00,2025-04-17 14:00:00,152.8601565863144,6.257232872354123,1598.150525,1570.52487,SHORT,signal_reverse,1.5286015658631438,1.0,20.0
2025-04-17 14:00:00,2025-04-17 16:00:00,195.10372516418636,6.36729808678547,1570.52487,1604.307445,LONG,signal_reverse,1.9510372516418635,1.0,20.0
2025-04-17 16:00:00,2025-04-17 19:00:00,117.42197649653166,6.233219219399683,1604.307445,1582.2607349999998,SHORT,signal_reverse,1.1742197649653165,1.0,20.0
2025-04-17 19:00:00,2025-04-18 08:00:00,4.684838052308431,6.320070882628583,1582.260735,1586.1665200000002,LONG,signal_reverse,0.046848380523084314,1.0,20.0
2025-04-18 08:00:00,2025-04-18 15:00:00,-6.225122189566698,6.3045083059753395,1586.16652,1583.981595,SHORT,signal_reverse,-0.06225122189566698,1.0,20.0
2025-04-18 15:00:00,2025-04-18 17:00:00,23.388004139026616,6.313204668265101,1583.981595,1590.8541750000002,LONG,signal_reverse,0.23388004139026616,1.0,20.0
2025-04-18 17:00:00,2025-04-18 23:00:00,-10.131527925868252,6.285931267081723,1590.8541750000002,1589.2842449999998,SHORT,signal_reverse,-0.10131527925868251,1.0,20.0
2025-04-18 23:00:00,2025-04-19 03:00:00,28.74420686149833,6.292140648509354,1589.284245,1597.031085,LONG,signal_reverse,0.2874420686149833,1.0,19.999999999999996
2025-04-19 03:00:00,2025-04-19 17:00:00,-160.49973861341624,6.261618883892921,1597.0310849999998,1619.46933,SHORT,stop_loss,-1.6049973861341624,1.0,20.0
2025-04-19 17:00:00,2025-04-20 05:00:00,25.899539047075855,6.181040182157232,1617.85067,1610.4248099999998,SHORT,signal_reverse,0.2589953904707586,1.0,20.0
2025-04-20 05:00:00,2025-04-20 07:00:00,-105.52733983277253,6.209541692294222,1610.42481,1596.6512750000002,LONG,stop_loss,-1.0552733983277254,1.0,20.0
2025-04-20 20:00:00,2025-04-21 00:00:00,-158.14142845826083,6.293483526394647,1588.94513,1610.8950449999998,SHORT,stop_loss,-1.5814142845826082,1.0,20.000000000000004
2025-04-21 00:00:00,2025-04-21 02:00:00,-169.2668524947475,6.213939904757265,1609.2849549999999,1633.306245,SHORT,stop_loss,-1.692668524947475,1.0,20.0
2025-04-21 11:00:00,2025-04-21 16:00:00,-252.18486190599143,6.146005250544578,1627.07313,1589.294955,LONG,stop_loss,-2.5218486190599143,1.0,20.0
2025-04-21 16:00:00,2025-04-21 19:00:00,-131.89985131829533,6.285809293027832,1590.885045,1573.083065,LONG,stop_loss,-1.3189985131829534,1.0,20.0
2025-04-22 07:00:00,2025-04-22 13:00:00,-179.35454913277607,6.17859723414477,1618.49035,1644.28173,SHORT,stop_loss,-1.7935454913277606,1.0,20.000000000000004
2025-04-23 10:00:00,2025-04-23 12:00:00,-94.81479098751126,5.546010255682165,1803.098,1816.58784,SHORT,stop_loss,-0.9481479098751127,1.0,20.0
2025-04-23 22:00:00,2025-04-24 02:00:00,105.79909994899938,5.544780814259934,1803.4978,1780.80996,SHORT,signal_reverse,1.0579909994899939,1.0,20.0
2025-04-24 02:00:00,2025-04-24 07:00:00,-159.70252614714727,5.615422321649638,1780.80996,1755.931595,LONG,stop_loss,-1.5970252614714728,1.0,20.0
2025-04-24 14:00:00,2025-04-25 02:00:00,88.49717132201756,5.664416659354141,1765.406855,1746.25269,SHORT,signal_reverse,0.8849717132201756,1.0,20.0
2025-04-25 02:00:00,2025-04-25 06:00:00,154.42212215003048,5.726548086233728,1746.25269,1776.7112,LONG,signal_reverse,1.5442212215003048,1.0,20.0
2025-04-25 06:00:00,2025-04-25 12:00:00,-9.507467505130085,5.628376744627939,1776.7112,1774.84698,SHORT,stop_loss,-0.09507467505130085,1.0,19.999999999999996
2025-04-25 14:00:00,2025-04-26 08:00:00,-17.559081923216368,5.528755878964554,1808.725185,1808.28369,SHORT,stop_loss,-0.1755908192321637,1.0,20.0
2025-04-26 08:00:00,2025-04-26 11:00:00,84.08616983192037,5.535638604637998,1806.47631,1787.67339,SHORT,signal_reverse,0.8408616983192038,1.0,20.0
2025-04-26 11:00:00,2025-04-26 16:00:00,64.15854978968012,5.5938629818727685,1787.67339,1802.71819,LONG,signal_reverse,0.6415854978968012,1.0,20.0
2025-04-26 16:00:00,2025-04-26 22:00:00,-105.09585738412169,5.547178730137516,1802.7181899999998,1818.058575,SHORT,stop_loss,-1.0509585738412168,1.0,20.000000000000004
2025-04-27 04:00:00,2025-04-27 18:00:00,-0.7279520685701992,5.556298154803946,1799.7594299999998,1803.2279350000001,LONG,signal_reverse,-0.007279520685701993,1.0,20.0
2025-04-27 18:00:00,2025-04-27 22:00:00,19.153674712788458,5.5456106274218735,1803.2279350000001,1796.1676349999998,SHORT,signal_reverse,0.19153674712788457,1.0,20.0
2025-04-27 22:00:00,2025-04-28 00:00:00,-146.18438033485504,5.56740907983235,1796.167635,1773.5028050000003,LONG,stop_loss,-1.4618438033485504,1.0,19.999999999999996
2025-04-28 05:00:00,2025-04-28 10:00:00,-140.7356394983658,5.569969770882858,1795.34188,1817.0180549999998,SHORT,stop_loss,-1.407356394983658,1.0,20.0
2025-04-28 13:00:00,2025-04-28 15:00:00,-147.70688020773935,5.600131388042574,1785.67239,1762.8681250000002,LONG,stop_loss,-1.4770688020773934,1.0,20.0
2025-04-28 19:00:00,2025-04-29 07:00:00,-168.3939648771333,5.566189234392212,1796.5612700000001,1823.221155,SHORT,stop_loss,-1.6839396487713332,1.0,20.0
2025-04-29 17:00:00,2025-04-29 20:00:00,62.69393375446327,5.479160848653964,1825.0969949999999,1810.0045499999999,SHORT,signal_reverse,0.6269393375446327,1.0,20.0
2025-04-29 20:00:00,2025-04-29 23:00:00,-91.01404800335925,5.524847990023009,1810.0045499999999,1797.150975,LONG,stop_loss,-0.9101404800335925,1.0,20.0
2025-04-30 01:00:00,2025-04-30 04:00:00,49.28061063309633,5.558182954956555,1799.149125,1811.61374,LONG,signal_reverse,0.4928061063309633,1.0,20.0
2025-04-30 04:00:00,2025-04-30 07:00:00,55.98344335807477,5.519940470312397,1811.61374,1797.848475,SHORT,signal_reverse,0.5598344335807477,1.0,20.0
2025-04-30 07:00:00,2025-04-30 11:00:00,76.69032313749433,5.5622040116589915,1797.848475,1815.2319300000001,LONG,signal_reverse,0.7669032313749433,1.0,20.0
2025-04-30 11:00:00,2025-04-30 12:00:00,191.84061587105344,5.508937912964102,1815.2319300000001,1776.777945,SHORT,signal_reverse,1.9184061587105345,1.0,20.0
2025-04-30 12:00:00,2025-04-30 13:00:00,-222.7757891828179,5.6281653135895935,1776.777945,1740.74919,LONG,stop_loss,-2.227757891828179,1.0,19.999999999999996
2025-04-30 20:00:00,2025-05-01 08:00:00,-163.41593873859946,5.576924471154195,1793.103,1818.818955,SHORT,stop_loss,-1.6341593873859948,1.0,20.0
2025-05-01 14:00:00,2025-05-01 23:00:00,27.108408588979227,5.410888024256037,1848.125475,1839.41925,SHORT,signal_reverse,0.27108408588979227,1.0,20.0
2025-05-01 23:00:00,2025-05-02 12:00:00,-13.476310525726552,5.436498503535831,1839.41925,1840.61923,LONG,signal_reverse,-0.1347631052572655,1.0,20.0
2025-05-02 12:00:00,2025-05-02 16:00:00,-95.50483431600222,5.432954212914531,1840.61923,1854.5167949999998,SHORT,stop_loss,-0.9550483431600221,1.0,20.0
2025-05-02 16:00:00,2025-05-02 22:00:00,64.98687164243618,5.397635130342,1852.6632049999998,1836.918,SHORT,signal_reverse,0.6498687164243618,1.0,20.0
2025-05-02 22:00:00,2025-05-03 13:00:00,-32.6611803030938,5.443901143110363,1836.918,1834.592245,LONG,signal_reverse,-0.32661180303093795,1.0,20.000000000000004
2025-05-03 13:00:00,2025-05-03 16:00:00,12.914262100786113,5.450802502438355,1834.592245,1828.55382,SHORT,signal_reverse,0.1291426210078611,1.0,20.0
2025-05-03 16:00:00,2025-05-03 19:00:00,31.1156406651453,5.468802662860642,1828.55382,1837.90059,LONG,signal_reverse,0.311156406651453,1.0,20.0
2025-05-03 19:00:00,2025-05-04 03:00:00,4.453689304273341,5.4409906903615495,1837.90059,1833.406245,SHORT,signal_reverse,0.044536893042733415,1.0,19.999999999999996
2025-05-04 03:00:00,2025-05-04 05:00:00,43.001939867398484,5.454328535899583,1833.406245,1844.9570600000002,LONG,signal_reverse,0.43001939867398487,1.0,20.000000000000004
2025-05-04 05:00:00,2025-05-04 08:00:00,49.33188461307777,5.420180348262414,1844.9570600000002,1832.1656249999999,SHORT,signal_reverse,0.49331884613077764,1.0,20.0
2025-05-04 08:00:00,2025-05-04 20:00:00,-1.5729268471568947,5.45802184232116,1832.165625,1835.54177,LONG,signal_reverse,-0.015729268471568945,1.0,20.0
2025-05-04 20:00:00,2025-05-04 22:00:00,69.63391772882456,5.447982804553666,1835.54177,1819.08909,SHORT,signal_reverse,0.6963391772882456,1.0,20.0
2025-05-04 22:00:00,2025-05-05 01:00:00,-174.3357340458792,5.497256871569714,1819.0890900000002,1791.0140450000001,LONG,stop_loss,-1.7433573404587919,1.0,20.0
2025-05-05 06:00:00,2025-05-05 10:00:00,54.78919920753387,5.4962273538188615,1819.4298299999998,1805.8224599999999,SHORT,signal_reverse,0.5478919920753387,1.0,20.0
2025-05-05 10:00:00,2025-05-05 17:00:00,22.088162974780953,5.53764294193129,1805.82246,1813.422835,LONG,signal_reverse,0.22088162974780953,1.0,20.0
2025-05-05 17:00:00,2025-05-06 01:00:00,24.89104715613637,5.5144337034886854,1813.4228349999998,1805.28219,SHORT,signal_reverse,0.24891047156136373,1.0,20.0
2025-05-06 01:00:00,2025-05-06 11:00:00,-221.89115143267432,5.539300202147344,1805.2821900000001,1768.8351400000001,LONG,stop_loss,-2.2189115143267433,1.0,20.0
2025-05-06 18:00:00,2025-05-06 23:00:00,-182.92087486442992,5.590323797983252,1788.8051500000001,1817.94852,SHORT,stop_loss,-1.8292087486442992,1.0,20.000000000000004
2025-05-07 14:00:00,2025-05-07 17:00:00,-172.08910756000802,5.484768042248685,1823.23116,1795.5018000000002,LONG,stop_loss,-1.7208910756000801,1.0,20.0
2025-05-07 22:00:00,2025-05-08 02:00:00,-164.50573549696773,5.505057994987744,1816.5112900000001,1842.7609199999997,SHORT,stop_loss,-1.6450573549696774,1.0,20.0
2025-05-09 17:00:00,2025-05-10 07:00:00,-243.92530239473123,4.256687103262662,2349.24479,2401.850325,SHORT,stop_loss,-2.4392530239473125,1.0,20.000000000000004
2025-05-10 12:00:00,2025-05-10 13:00:00,-154.3492769123627,4.153814617127008,2407.425685,2439.769275,SHORT,stop_loss,-1.543492769123627,1.0,20.0
2025-05-11 02:00:00,2025-05-11 07:00:00,245.14951884786427,3.9333096802444616,2542.3881699999997,2474.9768699999995,SHORT,signal_reverse,2.451495188478643,1.0,20.0
2025-05-11 07:00:00,2025-05-11 15:00:00,-72.19650800211254,4.040441800169227,2474.97687,2462.058355,LONG,stop_loss,-0.7219650800211254,1.0,20.0
2025-05-11 15:00:00,2025-05-11 20:00:00,163.04935601407666,4.057582541540227,2464.521645,2509.634555,LONG,signal_reverse,1.6304935601407666,1.0,20.0
2025-05-11 20:00:00,2025-05-12 01:00:00,-11.347545021349625,3.98464389170797,2509.634555,2507.463105,SHORT,stop_loss,-0.11347545021349625,1.0,20.0
2025-05-12 05:00:00,2025-05-12 07:00:00,197.1450861497246,4.000945695532161,2499.40908,2553.6825200000003,LONG,signal_reverse,1.9714508614972461,1.0,20.0
2025-05-12 07:00:00,2025-05-12 14:00:00,161.5789145159675,3.915913556866106,2553.68252,2507.31303,SHORT,signal_reverse,1.615789145159675,1.0,20.0
2025-05-12 14:00:00,2025-05-12 17:00:00,-147.03391885615522,3.988333279630426,2507.31303,2475.4616499999997,LONG,stop_loss,-1.4703391885615522,1.0,20.0
2025-05-13 00:00:00,2025-05-13 02:00:00,-125.67328380030857,4.057912012452092,2464.3215450000002,2438.2802500000003,LONG,stop_loss,-1.2567328380030856,1.0,19.999999999999996
2025-05-13 09:00:00,2025-05-13 11:00:00,-145.69547106700375,4.026206554304731,2483.7275149999996,2514.946845,SHORT,stop_loss,-1.4569547106700376,1.0,20.0
2025-05-14 02:00:00,2025-05-14 04:00:00,106.16039864818651,3.788195575733808,2639.77923,2673.0827900000004,LONG,signal_reverse,1.0616039864818652,1.0,20.0
2025-05-14 04:00:00,2025-05-14 07:00:00,96.69112949546908,3.740998983424677,2673.08279,2641.890285,SHORT,signal_reverse,0.9669112949546909,1.0,20.0
2025-05-14 07:00:00,2025-05-14 08:00:00,-192.29754111458087,3.785168542682309,2641.890285,2596.371165,LONG,stop_loss,-1.9229754111458088,1.0,20.0
2025-05-14 13:00:00,2025-05-14 14:00:00,-117.17551194789164,3.8340273191162844,2608.22346,2582.877915,LONG,stop_loss,-1.1717551194789164,1.0,20.0
2025-05-14 16:00:00,2025-05-14 17:00:00,-28.066631132540458,3.858672068452565,2591.565135,2589.474615,LONG,stop_loss,-0.2806663113254046,1.0,20.0
2025-05-15 00:00:00,2025-05-15 01:00:00,177.0586925222668,3.80022429151782,2631.42363,2579.56914,SHORT,signal_reverse,1.770586925222668,1.0,20.0
2025-05-15 01:00:00,2025-05-15 07:00:00,-211.21369625316476,3.876616387184722,2579.56914,2530.2442450000003,LONG,stop_loss,-2.1121369625316477,1.0,20.0
2025-05-15 07:00:00,2025-05-15 14:00:00,-151.22421096454386,3.9482374151200763,2532.775755,2499.539605,LONG,stop_loss,-1.5122421096454386,1.0,20.0
2025-05-15 16:00:00,2025-05-15 18:00:00,254.4427769440288,3.84872920850091,2598.26022,2526.952845,SHORT,signal_reverse,2.544427769440288,1.0,20.0
2025-05-15 18:00:00,2025-05-16 01:00:00,135.65533831716525,3.9573354207169618,2526.9528450000003,2566.286215,LONG,signal_reverse,1.3565533831716525,1.0,20.0
2025-05-16 01:00:00,2025-05-16 07:00:00,-165.63833442093275,3.8966814931046185,2566.286215,2603.66118,SHORT,stop_loss,-1.6563833442093274,1.0,20.0
2025-05-16 09:00:00,2025-05-16 17:00:00,97.59250114802626,3.8298419453718924,2611.0738100000003,2580.3695399999997,SHORT,signal_reverse,0.9759250114802627,1.0,20.0
2025-05-16 17:00:00,2025-05-16 22:00:00,-154.682201371824,3.8754139068003415,2580.36954,2545.616555,LONG,stop_loss,-1.5468220137182398,1.0,20.0
2025-05-17 11:00:00,2025-05-17 20:00:00,-0.49925339833094334,4.025989679753899,2483.86131,2488.7050249999998,LONG,signal_reverse,-0.004992533983309433,1.0,20.0
2025-05-17 20:00:00,2025-05-17 22:00:00,84.73045113090473,4.018153979497832,2488.7050249999998,2462.640705,SHORT,signal_reverse,0.8473045113090473,1.0,20.0
2025-05-17 22:00:00,2025-05-18 05:00:00,180.24313697032068,4.060681681942718,2462.640705,2511.953395,LONG,signal_reverse,1.8024313697032068,1.0,20.0
2025-05-18 05:00:00,2025-05-18 14:00:00,-211.26933284524492,3.980965578384069,2511.953395,2559.99936,SHORT,stop_loss,-2.112693328452449,1.0,20.0
2025-05-18 17:00:00,2025-05-18 18:00:00,-134.96885555880831,4.013235240473086,2491.755255,2463.1078300000004,LONG,stop_loss,-1.349688555588083,1.0,20.0
2025-05-18 23:00:00,2025-05-19 01:00:00,247.81700371136523,4.0040831237245875,2497.4506499999998,2430.5646749999996,SHORT,signal_reverse,2.4781700371136526,1.0,20.0
2025-05-19 01:00:00,2025-05-19 02:00:00,-142.83413112634008,4.114270277543633,2430.564675,2400.709045,LONG,stop_loss,-1.428341311263401,1.0,20.0
2025-05-19 13:00:00,2025-05-19 15:00:00,-192.27592379385692,4.120676483216896,2426.786,2468.59368,SHORT,stop_loss,-1.9227592379385692,1.0,20.0
2025-05-19 23:00:00,2025-05-20 02:00:00,-182.5899051091787,3.9561257661163647,2527.725505,2568.82377,SHORT,stop_loss,-1.825899051091787,1.0,20.0
2025-05-20 09:00:00,2025-05-20 12:00:00,-194.90083794060916,3.9546579483859396,2528.6637,2484.43716,LONG,stop_loss,-1.9490083794060915,1.0,20.0
2025-05-20 18:00:00,2025-05-20 20:00:00,218.5958325553616,4.0732917237215185,2455.0168949999997,2513.592575,LONG,signal_reverse,2.185958325553616,1.0,20.0
2025-05-20 20:00:00,2025-05-21 03:00:00,-153.59513922020557,3.978369485754866,2513.592575,2547.17295,SHORT,stop_loss,-1.5359513922020558,1.0,20.0
2025-05-21 09:00:00,2025-05-21 14:00:00,194.07277733495977,3.9579779267054045,2526.54264,2580.6290400000003,LONG,signal_reverse,1.9407277733495976,1.0,20.0
2025-05-21 14:00:00,2025-05-21 17:00:00,387.2336177384105,3.8750242072762227,2580.6290400000003,2475.53715,SHORT,signal_reverse,3.872336177384105,1.0,20.0
2025-05-21 17:00:00,2025-05-21 23:00:00,285.2939641806621,4.039527340561219,2475.53715,2551.113805,LONG,signal_reverse,2.8529396418066213,1.0,20.0
2025-05-21 23:00:00,2025-05-22 00:00:00,-167.69997687343417,3.919856487939,2551.113805,2588.79375,SHORT,stop_loss,-1.6769997687343416,1.0,19.999999999999996
2025-05-22 14:00:00,2025-05-22 19:00:00,84.78630824545534,3.75192752697248,2665.2966850000003,2637.368025,SHORT,signal_reverse,0.8478630824545536,1.0,20.0
2025-05-22 19:00:00,2025-05-22 23:00:00,81.23454423847404,3.791658921018427,2637.368025,2664.0673,LONG,signal_reverse,0.8123454423847404,1.0,20.0
2025-05-22 23:00:00,2025-05-23 02:00:00,-179.9635452152416,3.753658925958815,2664.0673,2706.682665,SHORT,stop_loss,-1.799635452152416,1.0,20.000000000000004
2025-05-23 06:00:00,2025-05-23 11:00:00,-369.51229691890956,3.761762325461281,2658.3285,2565.41665,LONG,stop_loss,-3.6951229691890957,1.0,20.0
2025-05-23 11:00:00,2025-05-23 12:00:00,-96.94014059709544,3.8941062448866735,2567.98335,2548.22525,LONG,stop_loss,-0.9694014059709544,1.0,20.0
2025-05-24 04:00:00,2025-05-24 13:00:00,19.962915603571105,3.9078987974574746,2558.9199,2548.69371,SHORT,signal_reverse,0.19962915603571105,1.0,20.0
2025-05-24 13:00:00,2025-05-25 00:00:00,-262.97825492730476,3.92357856134859,2548.69371,2486.765995,LONG,stop_loss,-2.6297825492730476,1.0,20.0
2025-05-25 06:00:00,2025-05-25 08:00:00,-147.1730373550146,3.9849304276974027,2509.4541,2477.5406100000005,LONG,stop_loss,-1.4717303735501461,1.0,20.0
2025-05-25 10:00:00,2025-05-25 12:00:00,68.7747053030025,4.008889142411038,2494.456605,2516.60107,LONG,signal_reverse,0.687747053030025,1.0,20.0
2025-05-25 12:00:00,2025-05-25 22:00:00,-160.96127679068343,3.9736135056161284,2516.60107,2552.0754,SHORT,stop_loss,-1.6096127679068342,1.0,20.0
2025-05-25 22:00:00,2025-05-26 07:00:00,-153.46225410023536,3.9222998671987708,2549.5246,2583.5511300000003,SHORT,stop_loss,-1.5346225410023535,1.0,20.0
2025-05-26 13:00:00,2025-05-26 20:00:00,28.716547024042967,3.9160613321855986,2553.586155,2566.026345,LONG,signal_reverse,0.28716547024042965,1.0,20.0
2025-05-26 20:00:00,2025-05-27 01:00:00,112.73829033894926,3.8970761229655264,2566.0263449999998,2531.9653499999995,SHORT,signal_reverse,1.1273829033894927,1.0,20.0
2025-05-27 01:00:00,2025-05-27 04:00:00,84.8780150170706,3.949501125676937,2531.96535,2558.5201,LONG,signal_reverse,0.848780150170706,1.0,20.0
2025-05-27 04:00:00,2025-05-27 06:00:00,-72.43353374476024,3.9085094543521466,2558.5201,2571.935325,SHORT,stop_loss,-0.7243353374476024,1.0,20.0
2025-05-28 01:00:00,2025-05-28 11:00:00,53.75717323235931,3.791587003053991,2637.4180499999998,2656.8709,LONG,signal_reverse,0.537571732323593,1.0,20.0
2025-05-28 11:00:00,2025-05-28 14:00:00,76.94110466564204,3.763826085791372,2656.8709,2631.1149,SHORT,signal_reverse,0.7694110466564205,1.0,20.0
2025-05-28 14:00:00,2025-05-28 23:00:00,170.20016951749244,3.800670202582183,2631.1149,2681.15875,LONG,signal_reverse,1.7020016951749244,1.0,20.0
2025-05-28 23:00:00,2025-05-29 00:00:00,-179.23150764571395,3.7297306621623956,2681.15875,2723.851245,SHORT,stop_loss,-1.7923150764571394,1.0,20.000000000000004
2025-05-29 09:00:00,2025-05-29 12:00:00,128.43125594445647,3.65467528053895,2736.2212050000003,2695.60713,SHORT,signal_reverse,1.2843125594445646,1.0,20.0
2025-05-29 12:00:00,2025-05-29 13:00:00,-151.4652999897667,3.7097394085020095,2695.6071300000003,2660.16925,LONG,stop_loss,-1.514652999897667,1.0,20.0
2025-05-29 22:00:00,2025-05-30 00:00:00,-299.6368806988822,3.7783860866025627,2646.632655,2572.623045,LONG,stop_loss,-2.9963688069888215,1.0,20.0
2025-05-30 09:00:00,2025-05-30 13:00:00,-177.80924273683223,3.82041292509035,2617.518105,2576.2112500000003,LONG,stop_loss,-1.7780924273683223,1.0,20.0
2025-05-30 16:00:00,2025-05-31 00:00:00,-110.61820574530074,3.9328881040496046,2542.660695,2519.61956,LONG,stop_loss,-1.1061820574530075,1.0,20.0
2025-05-31 05:00:00,2025-05-31 12:00:00,72.63373167495497,3.976765074005063,2514.606675,2537.900415,LONG,signal_reverse,0.7263373167495497,1.0,20.0
2025-05-31 12:00:00,2025-05-31 23:00:00,8.11641054875766,3.940264929583535,2537.900415,2530.76475,SHORT,signal_reverse,0.08116410548757659,1.0,20.0
2025-05-31 23:00:00,2025-06-01 09:00:00,-170.55411610265256,3.951374777130115,2530.76475,2492.663045,LONG,stop_loss,-1.7055411610265254,1.0,20.0
2025-06-01 14:00:00,2025-06-01 16:00:00,-146.45000870321002,3.9844852035454643,2509.734505,2541.4700999999995,SHORT,stop_loss,-1.4645000870321,1.0,20.0
2025-06-01 21:00:00,2025-06-02 02:00:00,92.82197825016277,3.9373187284296085,2539.799465,2511.1449449999996,SHORT,signal_reverse,0.9282197825016276,1.0,20.0
2025-06-02 02:00:00,2025-06-02 13:00:00,-44.76175265143794,3.9822472294605045,2511.144945,2504.92691,LONG,signal_reverse,-0.44761752651437936,1.0,20.0
2025-06-02 13:00:00,2025-06-02 14:00:00,-135.52987787575807,3.9921324490861094,2504.9269099999997,2533.8662999999997,SHORT,stop_loss,-1.3552987787575808,1.0,20.0
2025-06-02 20:00:00,2025-06-02 22:00:00,-208.4132219980357,3.9372722447958073,2539.8294499999997,2587.6831949999996,SHORT,stop_loss,-2.0841322199803574,1.0,20.0
2025-06-03 05:00:00,2025-06-03 14:00:00,-159.80584088621526,3.8236360271077285,2615.31169,2651.875275,SHORT,stop_loss,-1.5980584088621526,1.0,20.0
2025-06-03 21:00:00,2025-06-04 03:00:00,119.7615709985964,3.857659352264855,2592.2454749999997,2628.475105,LONG,signal_reverse,1.197615709985964,1.0,20.0
2025-06-04 03:00:00,2025-06-04 12:00:00,13.273645937765192,3.8044872409016026,2628.475105,2619.72921,SHORT,signal_reverse,0.1327364593776519,1.0,20.0
2025-06-04 12:00:00,2025-06-04 14:00:00,58.44318382814833,3.8171884184930702,2619.72921,2640.2792,LONG,signal_reverse,0.5844318382814833,1.0,20.0
2025-06-04 14:00:00,2025-06-04 15:00:00,-135.31164961644942,3.787478233362593,2640.2792,2670.724695,SHORT,stop_loss,-1.3531164961644941,1.0,20.0
2025-06-04 19:00:00,2025-06-05 04:00:00,-4.689399895803501,3.8072574035808495,2626.562625,2630.5840500000004,LONG,signal_reverse,-0.046893998958035005,1.0,20.0
2025-06-05 04:00:00,2025-06-05 06:00:00,69.26211652503585,3.8014371751398706,2630.58405,2607.1029,SHORT,signal_reverse,0.6926211652503584,1.0,20.0
2025-06-05 06:00:00,2025-06-05 12:00:00,75.39498805359682,3.8356752240197345,2607.1029000000003,2631.973355,LONG,signal_reverse,0.7539498805359682,1.0,20.0
2025-06-05 12:00:00,2025-06-05 13:00:00,129.91696221028275,3.7994305607246543,2631.973355,2592.5156099999995,SHORT,signal_reverse,1.2991696221028275,1.0,20.0
2025-06-05 13:00:00,2025-06-05 19:00:00,-268.29287334551526,3.8572573917886652,2592.51561,2528.145295,LONG,stop_loss,-2.6829287334551526,1.0,20.0
2025-06-05 19:00:00,2025-06-05 20:00:00,-543.9090971986446,3.951515372656321,2530.674705,2398.0903550000003,LONG,stop_loss,-5.439090971986446,1.0,20.0
2025-06-06 09:00:00,2025-06-06 13:00:00,-170.82888901425844,4.050460712464171,2468.8549550000002,2506.09242,SHORT,stop_loss,-1.7082888901425846,1.0,20.0
2025-06-06 22:00:00,2025-06-07 05:00:00,15.801567138833658,4.022781332508503,2485.8423,2494.742005,LONG,signal_reverse,0.15801567138833658,1.0,20.0
2025-06-07 05:00:00,2025-06-07 22:00:00,-194.23230503548774,4.008430523059237,2494.7420049999996,2538.20847,SHORT,stop_loss,-1.9423230503548776,1.0,20.0
2025-06-08 02:00:00,2025-06-08 16:00:00,33.24268823378466,3.9767017847411763,2514.646695,2528.03535,LONG,signal_reverse,0.3324268823378467,1.0,20.0
2025-06-08 16:00:00,2025-06-08 22:00:00,49.14737169320069,3.955640889277913,2528.03535,2510.55465,SHORT,signal_reverse,0.4914737169320069,1.0,20.0
2025-06-08 22:00:00,2025-06-09 09:00:00,-24.023214551413428,3.98318355666944,2510.55465,2509.5446,LONG,signal_reverse,-0.24023214551413427,1.0,20.0
2025-06-09 09:00:00,2025-06-09 11:00:00,-159.495588163685,3.984786721861807,2509.5446,2544.55164,SHORT,stop_loss,-1.5949558816368499,1.0,20.0
2025-06-09 15:00:00,2025-06-09 16:00:00,-125.62112234782678,3.9458437522186736,2534.31221,2561.0799,SHORT,stop_loss,-1.2562112234782679,1.0,20.0
2025-06-10 09:00:00,2025-06-10 11:00:00,-331.50065549218976,3.7143471034227766,2692.263195,2776.1273699999997,SHORT,stop_loss,-3.3150065549218977,1.0,20.0
2025-06-10 17:00:00,2025-06-10 19:00:00,-148.6545384366557,3.648930486615349,2740.52905,2775.7871999999998,SHORT,stop_loss,-1.4865453843665573,1.0,20.0
2025-06-11 04:00:00,2025-06-11 08:00:00,70.60022026396197,3.5759226633203087,2796.48106,2771.1448800000003,SHORT,signal_reverse,0.7060022026396197,1.0,20.0
2025-06-11 08:00:00,2025-06-11 12:00:00,98.19111384750082,3.6086168111138233,2771.1448800000003,2803.89735,LONG,signal_reverse,0.9819111384750081,1.0,20.0
2025-06-11 12:00:00,2025-06-11 14:00:00,-158.64032861259906,3.566464371457821,2803.89735,2842.7706749999998,SHORT,stop_loss,-1.5864032861259907,1.0,20.0
2025-06-11 21:00:00,2025-06-12 07:00:00,-180.1623526465718,3.5908812472158997,2784.83172,2740.2292,LONG,stop_loss,-1.801623526465718,1.0,20.0
2025-06-12 07:00:00,2025-06-12 14:00:00,57.785571031235065,3.645682265374462,2742.9708,2764.3071550000004,LONG,signal_reverse,0.5778557103123506,1.0,20.0
2025-06-12 14:00:00,2025-06-12 15:00:00,133.5535040786748,3.617543000571512,2764.307155,2721.8602499999997,SHORT,signal_reverse,1.335535040786748,1.0,20.0
2025-06-12 15:00:00,2025-06-12 20:00:00,-321.92861665105687,3.673957911689257,2721.86025,2639.6795,LONG,stop_loss,-3.2192861665105688,1.0,20.0
2025-06-13 07:00:00,2025-06-13 15:00:00,68.68313003218479,3.953844464520485,2529.1839600000003,2551.613555,LONG,signal_reverse,0.6868313003218479,1.0,20.0
2025-06-13 15:00:00,2025-06-13 18:00:00,54.807272294804115,3.919088758720754,2551.613555,2532.52563,SHORT,signal_reverse,0.5480727229480411,1.0,20.0
2025-06-13 18:00:00,2025-06-13 21:00:00,66.42173149497363,3.9486273629538746,2532.52563,2554.412155,LONG,signal_reverse,0.6642173149497362,1.0,20.0
2025-06-13 21:00:00,2025-06-14 06:00:00,12.2567561537459,3.914795026490155,2554.412155,2546.17245,SHORT,signal_reverse,0.12256756153745901,1.0,20.0
2025-06-14 06:00:00,2025-06-14 15:00:00,-124.44253294783685,3.927463750540542,2546.17245,2519.57958,LONG,stop_loss,-1.2444253294783687,1.0,20.000000000000004
2025-06-14 21:00:00,2025-06-15 08:00:00,-0.16278763900099447,3.9558754922604926,2527.885425,2522.870805,SHORT,signal_reverse,-0.0016278763900099446,1.0,20.0
2025-06-15 08:00:00,2025-06-15 13:00:00,58.550256956182245,3.963738444386969,2522.870805,2542.68802,LONG,signal_reverse,0.5855025695618225,1.0,20.0
2025-06-15 13:00:00,2025-06-15 20:00:00,127.50553235390744,3.9328458392626557,2542.68802,2505.1819649999998,SHORT,signal_reverse,1.2750553235390745,1.0,20.0
2025-06-15 20:00:00,2025-06-15 23:00:00,146.31117252993795,3.991726006218475,2505.1819649999998,2546.84594,LONG,signal_reverse,1.4631117252993795,1.0,20.0
2025-06-15 23:00:00,2025-06-16 05:00:00,-263.94053061568417,3.9264251688502214,2546.8459399999997,2608.973835,SHORT,stop_loss,-2.639405306156841,1.0,20.0
2025-06-16 22:00:00,2025-06-17 00:00:00,35.26360390844258,3.886384049595857,2573.0859,2587.3057,LONG,stop_loss,0.3526360390844258,1.0,20.0
2025-06-17 01:00:00,2025-06-17 11:00:00,-143.39819633173295,3.8710311768979957,2583.291,2551.4136550000003,LONG,stop_loss,-1.4339819633173296,1.0,20.0
2025-06-17 22:00:00,2025-06-18 04:00:00,142.43149068403113,4.006334174583382,2496.0474000000004,2536.5910700000004,LONG,signal_reverse,1.4243149068403114,1.0,19.999999999999996
2025-06-18 04:00:00,2025-06-18 10:00:00,137.07427370230374,3.9422988270632047,2536.59107,2496.74775,SHORT,signal_reverse,1.3707427370230374,1.0,19.999999999999996
2025-06-18 10:00:00,2025-06-18 20:00:00,105.71374100567577,4.005210378180975,2496.74775,2528.1353000000004,LONG,signal_reverse,1.0571374100567577,1.0,20.0
2025-06-18 20:00:00,2025-06-19 13:00:00,45.06805628638784,3.955484502747934,2528.1353,2511.6852149999995,SHORT,signal_reverse,0.45068056286387836,1.0,19.999999999999996
2025-06-19 13:00:00,2025-06-19 22:00:00,24.482982713261308,3.9813906377595174,2511.685215,2522.85794,LONG,signal_reverse,0.24482982713261306,1.0,20.0
2025-06-19 22:00:00,2025-06-20 04:00:00,47.48556757817304,3.9637586569777294,2522.85794,2505.83229,SHORT,signal_reverse,0.4748556757817304,1.0,20.0
2025-06-20 04:00:00,2025-06-20 07:00:00,151.1715112426799,3.9906900553189057,2505.83229,2548.7250000000004,LONG,signal_reverse,1.5117151124267991,1.0,20.0
2025-06-20 07:00:00,2025-06-20 14:00:00,203.9150751846525,3.9235303926473044,2548.725,2491.6552049999996,SHORT,signal_reverse,2.039150751846525,1.0,20.0
2025-06-20 14:00:00,2025-06-20 17:00:00,-312.7979756332296,4.013396388044789,2491.655205,2418.700045,LONG,stop_loss,-3.127979756332296,1.0,20.0
2025-06-21 08:00:00,2025-06-21 13:00:00,55.22263951628754,4.097404978008193,2440.569105,2422.2104999999997,SHORT,signal_reverse,0.5522263951628754,1.0,20.0
2025-06-21 13:00:00,2025-06-21 18:00:00,-166.57871394744555,4.128460346448007,2422.2105,2386.7060500000002,LONG,stop_loss,-1.6657871394744554,1.0,20.0
2025-06-21 21:00:00,2025-06-21 23:00:00,33.424569204991116,4.378971521906078,2283.64125,2295.841505,LONG,stop_loss,0.33424569204991117,1.0,20.0
2025-06-22 07:00:00,2025-06-22 09:00:00,-156.79482290738065,4.4003902890963795,2272.525695,2241.43872,LONG,stop_loss,-1.5679482290738063,1.0,20.0
2025-06-22 13:00:00,2025-06-22 14:00:00,-25.637094389201636,4.541758493359185,2201.790345,2200.549175,LONG,stop_loss,-0.25637094389201637,1.0,20.0
2025-06-22 22:00:00,2025-06-23 07:00:00,-142.30584219851644,4.477252386860744,2233.512685,2260.8298499999996,SHORT,stop_loss,-1.4230584219851645,1.0,20.0
2025-06-23 12:00:00,2025-06-23 13:00:00,-158.0089393627572,4.413244804348677,2265.90648,2297.178015,SHORT,stop_loss,-1.580089393627572,1.0,20.0
2025-06-23 16:00:00,2025-06-23 18:00:00,347.93352019329546,4.496582013114372,2223.9114,2305.736555,LONG,signal_reverse,3.4793352019329546,1.0,20.000000000000004
2025-06-23 18:00:00,2025-06-23 20:00:00,-209.90729840772988,4.3370089173088555,2305.736555,2349.5241749999996,SHORT,stop_loss,-2.099072984077299,1.0,20.0
2025-06-24 09:00:00,2025-06-24 15:00:00,-120.93728919560247,4.138745139923317,2416.1913,2440.57968,SHORT,stop_loss,-1.2093728919560247,1.0,20.0
2025-06-25 00:00:00,2025-06-25 04:00:00,65.37837219889438,4.067222988341291,2458.680045,2437.6882349999996,SHORT,signal_reverse,0.6537837219889439,1.0,20.0
2025-06-25 04:00:00,2025-06-25 14:00:00,-42.21358712837846,4.102247308093523,2437.6882349999996,2432.273255,LONG,stop_loss,-0.4221358712837846,1.0,20.0
2025-06-25 15:00:00,2025-06-25 19:00:00,82.90470123026618,4.152800802203175,2408.013405,2432.7929950000002,LONG,signal_reverse,0.8290470123026618,1.0,20.0
2025-06-25 19:00:00,2025-06-25 22:00:00,37.8110633699859,4.110501806176074,2432.7929950000002,2418.72876,SHORT,signal_reverse,0.37811063369985903,1.0,20.0
2025-06-25 22:00:00,2025-06-26 01:00:00,147.65412339993142,4.134403230893901,2418.72876,2459.2797450000003,LONG,signal_reverse,1.4765412339993143,1.0,20.0
2025-06-26 01:00:00,2025-06-26 02:00:00,-170.7262647747285,4.066231188351449,2459.2797450000003,2496.34755,SHORT,stop_loss,-1.707262647747285,1.0,20.0
2025-06-26 10:00:00,2025-06-26 15:00:00,-102.26295040711118,4.075766626738418,2453.52615,2433.34272,LONG,stop_loss,-1.0226295040711118,1.0,19.999999999999996
2025-06-26 15:00:00,2025-06-26 21:00:00,-109.43707693997254,4.105465668848016,2435.77728,2413.9924,LONG,stop_loss,-1.0943707693997253,1.0,20.0
2025-06-26 21:00:00,2025-06-27 02:00:00,66.95999797385248,4.138374668247194,2416.4076,2437.42068,LONG,signal_reverse,0.6695999797385247,1.0,19.999999999999996
2025-06-27 02:00:00,2025-06-27 12:00:00,2.5456567472787133,4.102697610656197,2437.4206799999997,2431.925355,SHORT,signal_reverse,0.025456567472787135,1.0,20.000000000000004
2025-06-27 12:00:00,2025-06-27 18:00:00,-172.6500594423044,4.111968313270865,2431.925355,2394.802,LONG,stop_loss,-1.726500594423044,1.0,20.0
2025-06-28 06:00:00,2025-06-28 13:00:00,-12.155830994799377,4.120150434355838,2427.095845,2425.19199,SHORT,signal_reverse,-0.12155830994799377,1.0,20.0
2025-06-28 13:00:00,2025-06-28 15:00:00,23.66462549631069,4.123384887148667,2425.19199,2435.7815,LONG,signal_reverse,0.2366462549631069,1.0,20.0
2025-06-28 15:00:00,2025-06-29 01:00:00,-4.209831628984129,4.105458556114331,2435.7815,2431.9353599999995,SHORT,signal_reverse,-0.042098316289841294,1.0,20.0
2025-06-29 01:00:00,2025-06-29 06:00:00,-1.307932460835947,4.11195139660291,2431.93536,2436.48115,LONG,signal_reverse,-0.01307932460835947,1.0,20.0
2025-06-29 06:00:00,2025-06-29 14:00:00,-43.022074272973555,4.104279649362361,2436.4811499999996,2442.0904349999996,SHORT,signal_reverse,-0.43022074272973554,1.0,20.000000000000004
2025-06-29 14:00:00,2025-06-29 22:00:00,221.79436254169667,4.094852449639114,2442.090435,2501.138805,LONG,signal_reverse,2.2179436254169667,1.0,20.0
2025-06-29 22:00:00,2025-06-30 06:00:00,120.7216981706074,3.998178741623258,2501.138805,2465.9423549999997,SHORT,signal_reverse,1.2072169817060738,1.0,20.0
2025-06-30 06:00:00,2025-06-30 17:00:00,65.9446489372623,4.055244835599573,2465.942355,2487.13581,LONG,signal_reverse,0.659446489372623,1.0,19.999999999999996
2025-06-30 17:00:00,2025-07-01 04:00:00,77.72289033143103,4.020689163733282,2487.13581,2462.8307999999997,SHORT,signal_reverse,0.7772289033143104,1.0,20.0
2025-07-01 04:00:00,2025-07-01 13:00:00,-101.2188356585421,4.060368255911044,2462.8307999999997,2442.827975,LONG,stop_loss,-1.012188356585421,1.0,20.0
2025-07-01 18:00:00,2025-07-02 01:00:00,-26.182640327966222,4.1459448972123765,2411.995395,2410.5041450000003,LONG,stop_loss,-0.2618264032796622,1.0,20.0
2025-07-02 03:00:00,2025-07-02 14:00:00,-193.43785737250366,4.115675970814136,2429.734525,2471.8753199999996,SHORT,stop_loss,-1.9343785737250367,1.0,19.999999999999996
2025-07-03 01:00:00,2025-07-03 13:00:00,-202.4087750175127,3.8757897820379656,2580.119295,2627.182935,SHORT,stop_loss,-2.024087750175127,1.0,20.0
2025-07-03 13:00:00,2025-07-03 15:00:00,178.172239017405,3.810166726170993,2624.557065,2572.54563,SHORT,signal_reverse,1.7817223901740498,1.0,20.0
2025-07-03 15:00:00,2025-07-03 20:00:00,82.28891450216881,3.8872002437523334,2572.54563,2598.85992,LONG,signal_reverse,0.8228891450216882,1.0,20.0
2025-07-03 20:00:00,2025-07-04 02:00:00,62.19686961812165,3.8478410948751716,2598.85992,2577.4981049999997,SHORT,signal_reverse,0.6219686961812165,1.0,20.0
2025-07-04 02:00:00,2025-07-04 07:00:00,-185.76588326919503,3.879731271422215,2577.498105,2534.77198,LONG,stop_loss,-1.8576588326919503,1.0,20.0
2025-07-04 22:00:00,2025-07-05 13:00:00,-4.555568069768094,3.968286438915227,2519.9793799999998,2516.087415,SHORT,signal_reverse,-0.045555680697680935,1.0,20.0
2025-07-05 13:00:00,2025-07-05 21:00:00,-20.18308187436144,3.974424712108025,2516.087415,2516.0413500000004,LONG,signal_reverse,-0.20183081874361442,1.0,20.0
2025-07-05 21:00:00,2025-07-06 09:00:00,7.016070304250573,3.974497477952817,2516.04135,2509.243995,SHORT,signal_reverse,0.07016070304250574,1.0,20.0
2025-07-06 09:00:00,2025-07-06 12:00:00,22.703678962077866,3.985264095451188,2509.243995,2519.95939,LONG,signal_reverse,0.22703678962077864,1.0,20.0
2025-07-06 12:00:00,2025-07-06 13:00:00,-179.68539080306303,3.9683179180121626,2519.95939,2560.19946,SHORT,stop_loss,-1.7968539080306303,1.0,20.0
2025-07-06 18:00:00,2025-07-06 21:00:00,190.00293577964473,3.9467095620320816,2533.7562449999996,2586.9658700000005,LONG,signal_reverse,1.9000293577964473,1.0,20.0
2025-07-06 21:00:00,2025-07-07 10:00:00,82.80895201760038,3.865532249948083,2586.96587,2560.369545,SHORT,signal_reverse,0.8280895201760038,1.0,20.0
2025-07-07 10:00:00,2025-07-07 16:00:00,-165.4155126657687,3.9056862004660347,2560.369545,2523.1378000000004,LONG,stop_loss,-1.654155126657687,1.0,20.0
2025-07-07 20:00:00,2025-07-08 04:00:00,6.2665017196870885,3.9434395696150557,2535.8572950000002,2542.518105,LONG,signal_reverse,0.06266501719687088,1.0,20.0
2025-07-08 04:00:00,2025-07-08 11:00:00,-154.3927303125334,3.9331086690531154,2542.518105,2576.6877,SHORT,stop_loss,-1.5439273031253338,1.0,20.0
2025-07-08 16:00:00,2025-07-08 17:00:00,-186.02526210710892,3.883025111096261,2575.3116999999997,2618.06838,SHORT,stop_loss,-1.860252621071089,1.0,20.0
2025-07-08 21:00:00,2025-07-09 03:00:00,39.09960056170399,3.832967149219663,2608.944875,2593.5261149999997,SHORT,signal_reverse,0.39099600561703984,1.0,20.0
2025-07-09 03:00:00,2025-07-09 05:00:00,109.82182753151234,3.8557545043266317,2593.526115,2627.1957450000004,LONG,signal_reverse,1.0982182753151235,1.0,20.0
2025-07-09 05:00:00,2025-07-09 12:00:00,-151.0690498244527,3.8063399040713652,2627.1957450000004,2661.63015,SHORT,stop_loss,-1.510690498244527,1.0,20.0
2025-07-09 15:00:00,2025-07-09 18:00:00,-262.01263732897144,3.765086685878059,2655.981345,2720.25945,SHORT,stop_loss,-2.620126373289714,1.0,20.0
2025-07-10 15:00:00,2025-07-10 16:00:00,111.37095198214514,3.6071581947795015,2772.26544,2808.684955,LONG,signal_reverse,1.1137095198214513,1.0,20.0
2025-07-10 16:00:00,2025-07-10 21:00:00,-610.994157975969,3.560385077079604,2808.684955,2974.676595,SHORT,stop_loss,-6.109941579759689,1.0,20.0
2025-07-11 08:00:00,2025-07-11 15:00:00,144.22978354421483,3.3297841718809287,3003.1976499999996,2953.8762,SHORT,signal_reverse,1.4422978354421483,1.0,20.0
2025-07-11 15:00:00,2025-07-11 19:00:00,162.5030954242423,3.385382230981786,2953.8762,3007.785355,LONG,signal_reverse,1.625030954242423,1.0,20.000000000000004
2025-07-11 19:00:00,2025-07-11 21:00:00,108.30536572647152,3.3247053295796105,3007.785355,2969.193855,SHORT,signal_reverse,1.0830536572647151,1.0,20.0
2025-07-11 21:00:00,2025-07-11 22:00:00,-84.22502514575554,3.3679175184740506,2969.193855,2950.1242,LONG,stop_loss,-0.8422502514575554,1.0,20.0
2025-07-12 04:00:00,2025-07-12 09:00:00,44.53227986566816,3.3846829163296515,2954.4865050000003,2973.5524800000003,LONG,signal_reverse,0.44532279865668156,1.0,20.0
2025-07-12 09:00:00,2025-07-12 12:00:00,72.31437879313884,3.362980834291514,2973.55248,2946.102315,SHORT,signal_reverse,0.7231437879313884,1.0,20.0
2025-07-12 12:00:00,2025-07-13 01:00:00,-9.06254890200484,3.3943152446149853,2946.102315,2949.3246000000004,LONG,signal_reverse,-0.0906254890200484,1.0,20.0
2025-07-13 01:00:00,2025-07-13 12:00:00,-154.57033518792554,3.3906067850246115,2949.3246000000004,2989.01376,SHORT,stop_loss,-1.5457033518792553,1.0,20.0
2025-07-13 17:00:00,2025-07-13 21:00:00,58.286111082002776,3.3426890184927416,2991.60345,2968.18335,SHORT,signal_reverse,0.5828611108200278,1.0,20.0
2025-07-13 21:00:00,2025-07-14 02:00:00,89.17656080780988,3.3690641112180626,2968.18335,3000.588955,LONG,signal_reverse,0.8917656080780987,1.0,20.000000000000004
2025-07-14 02:00:00,2025-07-14 03:00:00,-151.50854912748267,3.3326790673332995,3000.588955,3040.049265,SHORT,stop_loss,-1.5150854912748266,1.0,20.0
2025-07-14 07:00:00,2025-07-14 14:00:00,21.100826207244474,3.2849060169910946,3044.227125,3031.7150999999994,SHORT,signal_reverse,0.21100826207244472,1.0,20.0
2025-07-14 14:00:00,2025-07-14 18:00:00,-161.8016158576376,3.2984629723287657,3031.7151,2988.72489,LONG,stop_loss,-1.618016158576376,1.0,20.0
2025-07-15 00:00:00,2025-07-15 03:00:00,-167.81118835154408,3.3386229640920666,2995.246875,2950.973775,LONG,stop_loss,-1.678111883515441,1.0,20.0
2025-07-15 09:00:00,2025-07-15 12:00:00,62.49477460100059,3.3625016396188467,2973.976245,2998.5099950000003,LONG,signal_reverse,0.6249477460100059,1.0,20.0
2025-07-15 12:00:00,2025-07-15 13:00:00,-202.0096817786313,3.3349897171178178,2998.5099950000003,3053.08578,SHORT,stop_loss,-2.020096817786313,1.0,20.0
2025-07-15 15:00:00,2025-07-15 17:00:00,-216.09579729898402,3.291996387606772,3037.670405,3097.237845,SHORT,stop_loss,-2.16095797298984,1.0,20.0
2025-07-15 21:00:00,2025-07-15 23:00:00,-215.47834381627578,3.2471650199602826,3079.609425,3139.8091199999994,SHORT,stop_loss,-2.1547834381627577,1.0,20.0
2025-07-16 04:00:00,2025-07-16 07:00:00,-138.4585338126071,3.1976204025231394,3127.325555,3164.3713949999997,SHORT,stop_loss,-1.3845853381260709,1.0,20.0
2025-07-16 12:00:00,2025-07-16 14:00:00,-306.07132889745975,3.160329426355538,3164.2270949999997,3254.7465599999996,SHORT,stop_loss,-3.060713288974598,1.0,20.0
2025-07-17 05:00:00,2025-07-17 06:00:00,-228.51443669056098,2.9635583132901337,3374.3219950000002,3444.6814799999997,SHORT,stop_loss,-2.2851443669056097,1.0,20.0
2025-07-17 13:00:00,2025-07-17 21:00:00,170.00480357187357,2.938323876631769,3403.3008,3467.96515,LONG,signal_reverse,1.7000480357187358,1.0,20.0
2025-07-17 21:00:00,2025-07-17 23:00:00,-59.720266508444546,2.883535320416931,3467.96515,3481.74,SHORT,stop_loss,-0.5972026650844455,1.0,20.0
2025-07-18 09:00:00,2025-07-18 14:00:00,69.01997446192085,2.761592891142928,3621.098545,3588.863535,SHORT,signal_reverse,0.6901997446192086,1.0,20.0
2025-07-18 14:00:00,2025-07-18 15:00:00,-90.26249327699763,2.786397393625055,3588.863535,3563.647285,LONG,stop_loss,-0.9026249327699764,1.0,20.0
2025-07-18 18:00:00,2025-07-18 20:00:00,-186.2499370505555,2.795656314419828,3576.977595,3517.510365,LONG,stop_loss,-1.8624993705055553,1.0,20.0
2025-07-18 22:00:00,2025-07-19 03:00:00,123.6392251062469,2.8224583758092154,3543.0106199999996,3593.90215,LONG,signal_reverse,1.236392251062469,1.0,20.0
2025-07-19 03:00:00,2025-07-19 08:00:00,78.8447890825298,2.7824908922464684,3593.90215,3558.3783,SHORT,signal_reverse,0.788447890825298,1.0,20.0
2025-07-19 08:00:00,2025-07-19 19:00:00,35.28299225520957,2.810268936273583,3558.3783,3578.0500800000004,LONG,signal_reverse,0.3528299225520957,1.0,20.0
2025-07-19 19:00:00,2025-07-20 03:00:00,-254.70890044110146,2.794818344185948,3578.05008,3662.0300999999995,SHORT,stop_loss,-2.5470890044110144,1.0,19.999999999999996
2025-07-20 21:00:00,2025-07-21 01:00:00,91.80285264583563,2.652439687500166,3770.114,3727.96305,SHORT,signal_reverse,0.9180285264583563,1.0,20.0
2025-07-21 01:00:00,2025-07-21 05:00:00,126.52696195580724,2.682430020329735,3727.96305,3782.5877600000003,LONG,signal_reverse,1.2652696195580724,1.0,20.0
2025-07-21 05:00:00,2025-07-21 14:00:00,-185.34671227297616,2.6436927929994676,3782.58776,3845.131605,SHORT,stop_loss,-1.8534671227297617,1.0,20.0
2025-07-21 16:00:00,2025-07-22 01:00:00,41.33321931014537,2.6509622496573573,3772.215165,3795.351375,LONG,signal_reverse,0.4133321931014537,1.0,20.0
2025-07-22 01:00:00,2025-07-22 02:00:00,122.94265442023942,2.634802159786852,3795.351375,3741.0996149999996,SHORT,signal_reverse,1.2294265442023942,1.0,19.999999999999996
2025-07-22 02:00:00,2025-07-22 04:00:00,-249.17916875624277,2.673010886934108,3741.099615,3655.361405,LONG,stop_loss,-2.4917916875624275,1.0,20.0
2025-07-22 13:00:00,2025-07-22 22:00:00,167.12825017119602,2.738431874503582,3651.7249500000003,3720.05904,LONG,signal_reverse,1.6712825017119601,1.0,20.0
2025-07-22 22:00:00,2025-07-23 06:00:00,37.93109670646635,2.68812937979608,3720.05904,3698.5083299999997,SHORT,signal_reverse,0.3793109670646635,1.0,20.0
2025-07-23 06:00:00,2025-07-23 10:00:00,-107.25778643845682,2.7037927477102643,3698.5083299999997,3666.2359650000003,LONG,stop_loss,-1.0725778643845683,1.0,20.0
2025-07-23 16:00:00,2025-07-23 23:00:00,130.7778395500952,2.797448151011958,3574.68645,3628.5848,LONG,signal_reverse,1.3077783955009519,1.0,20.000000000000004
2025-07-23 23:00:00,2025-07-24 04:00:00,22.07989020953845,2.755895356228136,3628.5848,3613.315755,SHORT,signal_reverse,0.2207989020953845,1.0,20.0
2025-07-24 04:00:00,2025-07-24 05:00:00,-175.52254164956028,2.7675411389559006,3613.315755,3557.12055,LONG,stop_loss,-1.7552254164956027,1.0,20.0
2025-07-24 08:00:00,2025-07-24 14:00:00,-308.8866867998483,2.751923320584719,3633.8221799999997,3738.798465,SHORT,stop_loss,-3.088866867998483,1.0,20.000000000000004
2025-07-24 14:00:00,2025-07-25 00:00:00,172.52929122090097,2.6773320616791394,3735.061535,3663.15066,SHORT,signal_reverse,1.72529291220901,1.0,20.0
2025-07-25 00:00:00,2025-07-25 03:00:00,-206.01218274762496,2.729890449004901,3663.1506600000002,3595.011595,LONG,stop_loss,-2.0601218274762494,1.0,20.0
2025-07-25 07:00:00,2025-07-25 09:00:00,229.32564946967426,2.7513295562778537,3634.606395,3725.2264550000004,LONG,signal_reverse,2.2932564946967426,1.0,19.999999999999996
2025-07-25 09:00:00,2025-07-25 14:00:00,231.29091111858313,2.68440056485103,3725.226455,3631.6149,SHORT,signal_reverse,2.312909111185831,1.0,20.0
2025-07-25 14:00:00,2025-07-25 20:00:00,124.32192411150254,2.7535959278061117,3631.6149,3684.027065,LONG,signal_reverse,1.2432192411150254,1.0,20.0
2025-07-25 20:00:00,2025-07-26 02:00:00,-185.61908727453982,2.714420883333006,3684.0270649999998,3745.041585,SHORT,stop_loss,-1.8561908727453982,1.0,20.0
2025-07-26 02:00:00,2025-07-26 14:00:00,5.615411915759834,2.6728688521361907,3741.298415,3731.7149249999998,SHORT,signal_reverse,0.05615411915759834,1.0,20.0
2025-07-26 14:00:00,2025-07-26 19:00:00,30.40276488965894,2.6797330988513277,3731.7149249999998,3750.5238000000004,LONG,signal_reverse,0.3040276488965894,1.0,20.0
2025-07-26 19:00:00,2025-07-27 05:00:00,-138.8441998421646,2.666294238687407,3750.5238,3795.0965999999994,SHORT,stop_loss,-1.388441998421646,1.0,20.0
2025-07-27 10:00:00,2025-07-27 22:00:00,-152.64046553582912,2.6196660813551107,3817.280405,3867.91299,SHORT,stop_loss,-1.5264046553582913,1.0,20.0
2025-07-28 02:00:00,2025-07-28 12:00:00,8.65142142673713,2.5740909643771177,3884.866595,3873.7359,SHORT,signal_reverse,0.0865142142673713,1.0,20.0
2025-07-28 12:00:00,2025-07-28 14:00:00,-251.86610372689543,2.5814872924093764,3873.7359,3783.9170950000002,LONG,stop_loss,-2.5186610372689544,1.0,19.999999999999996
2025-07-29 00:00:00,2025-07-29 05:00:00,40.20401864645254,2.643362371633813,3783.060585,3805.83613,LONG,signal_reverse,0.4020401864645254,1.0,20.0
2025-07-29 05:00:00,2025-07-29 07:00:00,-214.34047466463105,2.6275435038239547,3805.8361299999997,3879.79893,SHORT,stop_loss,-2.1434047466463104,1.0,20.0
2025-07-29 12:00:00,2025-07-29 14:00:00,152.97858419376752,2.596793136798308,3850.903585,3784.2911999999997,SHORT,signal_reverse,1.529785841937675,1.0,20.0
2025-07-29 14:00:00,2025-07-29 16:00:00,-112.3998660568197,2.6425027756849158,3784.2912,3749.3244,LONG,stop_loss,-1.123998660568197,1.0,20.000000000000004
2025-07-29 23:00:00,2025-07-30 09:00:00,-11.40277265787148,2.6372955144242307,3791.7631699999997,3788.5033049999997,SHORT,signal_reverse,-0.11402772657871481,1.0,20.000000000000004
2025-07-30 09:00:00,2025-07-30 14:00:00,57.25176050757028,2.6395648082983523,3788.503305,3817.77016,LONG,signal_reverse,0.5725176050757028,1.0,20.0
2025-07-30 14:00:00,2025-07-30 18:00:00,182.05716103140213,2.6193300227376706,3817.77016,3740.62938,SHORT,signal_reverse,1.8205716103140213,1.0,20.0
2025-07-30 18:00:00,2025-07-30 19:00:00,29.697706218625008,2.6733469114761643,3740.6293800000003,3759.21945,LONG,stop_loss,0.2969770621862501,1.0,20.0
2025-07-30 23:00:00,2025-07-31 03:00:00,-169.19702226689904,2.625447415293096,3808.8746100000003,3865.701885,SHORT,stop_loss,-1.6919702226689906,1.0,20.0
2025-07-31 11:00:00,2025-07-31 14:00:00,-209.54532447219347,2.6042351702589968,3839.89899,3767.1155000000003,LONG,stop_loss,-2.0954532447219347,1.0,20.0
2025-07-31 17:00:00,2025-07-31 20:00:00,-139.57641990114928,2.6469395345282183,3777.94803,3732.77268,LONG,stop_loss,-1.3957641990114928,1.0,20.0
2025-08-01 03:00:00,2025-08-01 06:00:00,-145.34206837905043,2.6976336667702965,3706.95255,3660.4888400000004,LONG,stop_loss,-1.4534206837905044,1.0,20.0
2025-08-01 13:00:00,2025-08-01 18:00:00,-168.67259340599236,2.7771610166020073,3600.7995,3547.26548,LONG,stop_loss,-1.6867259340599234,1.0,20.0
2025-08-02 06:00:00,2025-08-02 17:00:00,-190.175714106468,2.8725728988839148,3481.19973,3421.9581650000005,LONG,stop_loss,-1.90175714106468,1.0,20.0
2025-08-02 21:00:00,2025-08-03 00:00:00,-38.193130867158274,2.929367672552938,3413.706,3407.4954,LONG,stop_loss,-0.38193130867158276,1.0,20.0
2025-08-03 02:00:00,2025-08-03 11:00:00,-151.15167008865137,2.905137344653046,3442.17805,3487.3227899999997,SHORT,stop_loss,-1.5115167008865136,1.0,20.0
2025-08-03 16:00:00,2025-08-04 00:00:00,-176.2390851474055,2.861973803506632,3494.0920800000004,3548.683455,SHORT,stop_loss,-1.762390851474055,1.0,20.0
2025-08-04 00:00:00,2025-08-04 13:00:00,-240.79334323637406,2.8207658218704807,3545.136545,3623.4107999999997,SHORT,stop_loss,-2.4079334323637407,1.0,20.000000000000004
2025-08-05 03:00:00,2025-08-05 10:00:00,55.95758509972448,2.7369696177966305,3653.675925,3681.428365,LONG,signal_reverse,0.5595758509972448,1.0,20.0
2025-08-05 10:00:00,2025-08-05 12:00:00,118.4898603072507,2.7163369780794313,3681.4283649999998,3630.4443149999997,SHORT,signal_reverse,1.1848986030725068,1.0,20.000000000000004
2025-08-05 12:00:00,2025-08-05 14:00:00,-169.66009745834583,2.7544837855473343,3630.444315,3576.1110500000004,LONG,stop_loss,-1.6966009745834583,1.0,20.0
2025-08-05 14:00:00,2025-08-05 23:00:00,66.5293477524062,2.7935388073312906,3579.68895,3610.663765,LONG,signal_reverse,0.6652934775240619,1.0,20.0
2025-08-05 23:00:00,2025-08-06 00:00:00,68.55799675935674,2.76957386531947,3610.663765,3578.68845,SHORT,signal_reverse,0.6855799675935674,1.0,20.0
2025-08-06 00:00:00,2025-08-06 05:00:00,141.29494312364668,2.7943198017139492,3578.68845,3636.4108850000002,LONG,signal_reverse,1.4129494312364668,1.0,20.0
2025-08-06 05:00:00,2025-08-06 12:00:00,117.93450901519941,2.74996426868302,3636.4108850000002,3586.25223,SHORT,signal_reverse,1.1793450901519942,1.0,20.0
2025-08-06 12:00:00,2025-08-06 14:00:00,117.02093954501368,2.788426289803938,3586.25223,3635.391395,LONG,signal_reverse,1.1702093954501367,1.0,20.0
2025-08-06 14:00:00,2025-08-06 18:00:00,-141.85078630302422,2.750735454166964,3635.391395,3679.688925,SHORT,stop_loss,-1.4185078630302423,1.0,19.999999999999996
2025-08-06 22:00:00,2025-08-07 02:00:00,32.7959877385734,2.716123125794239,3681.7182199999997,3662.2802249999995,SHORT,signal_reverse,0.32795987738573407,1.0,20.000000000000004
2025-08-07 02:00:00,2025-08-07 05:00:00,47.950207169088685,2.7305392776163107,3662.280225,3687.1654950000006,LONG,signal_reverse,0.4795020716908869,1.0,20.0
2025-08-07 05:00:00,2025-08-07 10:00:00,-391.5201424665082,2.7121104310507764,3687.165495,3824.1511199999995,SHORT,stop_loss,-3.9152014246650824,1.0,20.0
2025-08-07 17:00:00,2025-08-07 21:00:00,-140.13972352559637,2.611617584430698,3829.04452,3875.046555,SHORT,stop_loss,-1.4013972352559636,1.0,20.000000000000004
2025-08-08 02:00:00,2025-08-08 03:00:00,-145.75434277140155,2.5686388659611468,3893.11247,3942.07005,SHORT,stop_loss,-1.4575434277140156,1.0,19.999999999999996
2025-08-08 11:00:00,2025-08-08 13:00:00,-240.1813935136581,2.552817539612836,3917.2403999999997,4003.4907449999996,SHORT,stop_loss,-2.401813935136581,1.0,20.0
2025-08-08 13:00:00,2025-08-08 19:00:00,-180.2242459331219,2.500319256389651,3999.489255,4063.57077,SHORT,stop_loss,-1.802242459331219,1.0,20.0
2025-08-09 01:00:00,2025-08-09 04:00:00,-148.32123625938158,2.480224521928012,4031.893045,4083.630795,SHORT,stop_loss,-1.4832123625938158,1.0,20.000000000000004
2025-08-09 14:00:00,2025-08-09 18:00:00,-138.69380478767553,2.3833805406736412,4195.72109,4245.521699999999,SHORT,stop_loss,-1.3869380478767555,1.0,20.0
2025-08-10 03:00:00,2025-08-10 07:00:00,-167.02271136923102,2.355201116629112,4245.9219,4183.497205000001,LONG,stop_loss,-1.6702271136923104,1.0,20.0
2025-08-10 10:00:00,2025-08-10 16:00:00,56.02214208071977,2.3806410696210807,4200.549225,4232.4827000000005,LONG,signal_reverse,0.5602214208071976,1.0,20.000000000000004
2025-08-10 16:00:00,2025-08-11 01:00:00,-196.49171962356522,2.36267947415355,4232.4827000000005,4307.1825149999995,SHORT,stop_loss,-1.964917196235652,1.0,20.0
2025-08-11 07:00:00,2025-08-11 11:00:00,-239.9362239928847,2.3382638830729445,4276.67727,4182.617645,LONG,stop_loss,-2.399362239928847,1.0,20.0
2025-08-11 13:00:00,2025-08-11 16:00:00,-107.12307241821955,2.337868673093516,4277.40023,4314.666255,SHORT,stop_loss,-1.0712307241821954,1.0,20.0
2025-08-11 20:00:00,2025-08-12 00:00:00,43.118555945146596,2.355123422751176,4246.06197,4272.8625,LONG,signal_reverse,0.43118555945146597,1.0,20.000000000000004
2025-08-12 00:00:00,2025-08-12 12:00:00,-338.149250063629,2.340351462280848,4272.8625,4408.8033000000005,SHORT,stop_loss,-3.38149250063629,1.0,20.0
2025-08-12 12:00:00,2025-08-12 15:00:00,-180.61166788177553,2.2704585170541063,4404.3967,4475.136449999999,SHORT,stop_loss,-1.8061166788177554,1.0,20.0
2025-08-13 09:00:00,2025-08-13 21:00:00,-63.08819660467628,2.1251067334856892,4705.646,4725.921780000001,SHORT,stop_loss,-0.6308819660467628,1.0,19.999999999999996
2025-08-13 21:00:00,2025-08-14 10:00:00,-2.5406186821791925,2.118106364955801,4721.19822,4712.9553000000005,SHORT,signal_reverse,-0.025406186821791923,1.0,20.0
2025-08-14 10:00:00,2025-08-14 12:00:00,-328.36332141745703,2.121810915541677,4712.9553000000005,4567.625045,LONG,stop_loss,-3.28363321417457,1.0,20.0
2025-08-14 12:00:00,2025-08-14 13:00:00,67.91771872291005,2.187133334956405,4572.194955,4612.39265,LONG,stop_loss,0.6791771872291006,1.0,20.0
2025-08-14 15:00:00,2025-08-14 16:00:00,-186.11787934069767,2.1628493122488486,4623.530610000001,4546.7255000000005,LONG,stop_loss,-1.8611787934069768,1.0,20.0
2025-08-15 01:00:00,2025-08-15 12:00:00,-81.50835167073167,2.1711349795148696,4605.885904999999,4634.21595,SHORT,stop_loss,-0.8150835167073166,1.0,20.0
2025-08-15 13:00:00,2025-08-15 14:00:00,-135.34158745468142,2.1999433228601735,4545.57165,4493.142305,LONG,stop_loss,-1.3534158745468143,1.0,20.000000000000004
2025-08-16 01:00:00,2025-08-16 05:00:00,117.73354002843398,2.2275563459737295,4489.224265,4427.39259,SHORT,signal_reverse,1.1773354002843397,1.0,20.000000000000004
2025-08-16 05:00:00,2025-08-16 20:00:00,-8.27750217651185,2.25866574890753,4427.39259,4432.582600000001,LONG,signal_reverse,-0.08277502176511851,1.0,20.0
2025-08-16 20:00:00,2025-08-17 08:00:00,-264.07136823575416,2.256021128630519,4432.5826,4540.769249999999,SHORT,stop_loss,-2.6407136823575414,1.0,20.0
2025-08-17 18:00:00,2025-08-17 22:00:00,88.06349416903578,2.2349584757901453,4474.35606,4522.707515,LONG,signal_reverse,0.8806349416903577,1.0,20.0
2025-08-17 22:00:00,2025-08-18 00:00:00,99.89364737861081,2.211064935513523,4522.707515,4468.483125,SHORT,signal_reverse,0.9989364737861081,1.0,20.000000000000004
2025-08-18 00:00:00,2025-08-18 01:00:00,-179.09855315834753,2.2378958855305067,4468.483125,4397.390205000001,LONG,stop_loss,-1.7909855315834753,1.0,20.0
2025-08-18 12:00:00,2025-08-18 23:00:00,37.9675796755233,2.3022234113973545,4343.627100000001,4318.448144999999,SHORT,signal_reverse,0.379675796755233,1.0,20.0
2025-08-18 23:00:00,2025-08-19 03:00:00,-251.0055409962545,2.3156466545923986,4318.448145,4218.689600000001,LONG,stop_loss,-2.510055409962545,1.0,20.0
2025-08-19 10:00:00,2025-08-19 14:00:00,191.55187294622974,2.3334684127639,4285.466195,4194.806355,SHORT,signal_reverse,1.9155187294622973,1.0,20.0
2025-08-19 14:00:00,2025-08-19 16:00:00,-149.29720804716243,2.3839002694559426,4194.806355,4140.56868,LONG,stop_loss,-1.4929720804716242,1.0,20.0
2025-08-20 04:00:00,2025-08-20 08:00:00,-195.25274491541407,2.398912996866338,4168.55468,4241.609745,SHORT,stop_loss,-1.9525274491541407,1.0,20.0
2025-08-20 13:00:00,2025-08-20 15:00:00,257.1898670140845,2.4163529878035557,4138.468199999999,4253.182345000001,LONG,signal_reverse,2.5718986701408446,1.0,20.000000000000004
2025-08-20 15:00:00,2025-08-20 16:00:00,-140.54222189714207,2.351180642832279,4253.182345,4304.45115,SHORT,stop_loss,-1.4054222189714205,1.0,20.0
2025-08-21 02:00:00,2025-08-21 15:00:00,-147.77740945572958,2.32795985027242,4295.60673,4240.718580000001,LONG,stop_loss,-1.4777740945572957,1.0,20.0
2025-08-21 15:00:00,2025-08-22 02:00:00,82.01123335533048,2.3557340127722526,4244.9614200000005,4288.264795,LONG,signal_reverse,0.8201123335533047,1.0,20.0
2025-08-22 02:00:00,2025-08-22 08:00:00,-119.5731538075409,2.3319455486190424,4288.264795,4330.9644,SHORT,stop_loss,-1.195731538075409,1.0,20.0
2025-08-22 11:00:00,2025-08-22 12:00:00,-98.2685679223519,2.338504597166801,4276.237050000001,4242.767555,LONG,stop_loss,-0.9826856792235191,1.0,20.0
2025-08-22 14:00:00,2025-08-22 16:00:00,-318.4526324661154,2.168673674031548,4611.11329,4748.733179999999,SHORT,stop_loss,-3.1845263246611544,1.0,20.0
2025-08-23 02:00:00,2025-08-23 15:00:00,48.00869023859847,2.1207259264781158,4715.366505,4747.435095000001,LONG,signal_reverse,0.48008690238598467,1.0,20.0
2025-08-23 15:00:00,2025-08-24 06:00:00,-50.84772030990439,2.106400572075646,4747.435095000001,4762.079849999999,SHORT,signal_reverse,-0.5084772030990439,1.0,20.0
2025-08-24 06:00:00,2025-08-24 14:00:00,42.66797479256905,2.099922788988933,4762.07985,4791.92284,LONG,signal_reverse,0.4266797479256905,1.0,20.0
2025-08-24 14:00:00,2025-08-24 17:00:00,-260.006786085896,2.08684495428979,4791.922839999999,4906.932239999999,SHORT,stop_loss,-2.6000678608589602,1.0,20.0
2025-08-24 21:00:00,2025-08-25 00:00:00,-206.2171215450325,2.088736810607442,4787.582595,4698.42961,LONG,stop_loss,-2.062171215450325,1.0,20.0
2025-08-25 03:00:00,2025-08-25 06:00:00,-234.51698631569414,2.1143241988523265,4729.643639999999,4628.18475,LONG,stop_loss,-2.3451698631569413,1.0,20.0
2025-08-25 16:00:00,2025-08-25 19:00:00,-413.7904786134303,2.174334483859595,4599.108405,4417.999895,LONG,stop_loss,-4.137904786134303,1.0,20.0
2025-08-26 10:00:00,2025-08-26 12:00:00,-154.7072738568185,2.252257885433292,4439.988895,4499.798775,SHORT,stop_loss,-1.5470727385681848,1.0,20.0
2025-08-26 12:00:00,2025-08-26 15:00:00,-80.14906153480267,2.2245450303499963,4495.301225,4522.34004,SHORT,stop_loss,-0.8014906153480267,1.0,20.0
2025-08-26 18:00:00,2025-08-26 23:00:00,-145.0071480325269,2.199056307531656,4547.40516,4604.250975,SHORT,stop_loss,-1.4500714803252692,1.0,19.999999999999996
2025-08-27 03:00:00,2025-08-27 18:00:00,-6.0886748476137225,2.173125042354886,4601.668015,4595.266485,SHORT,signal_reverse,-0.060886748476137224,1.0,20.0
2025-08-27 18:00:00,2025-08-27 20:00:00,-24.905352077745924,2.17615235865913,4595.266485,4593.012345000001,LONG,stop_loss,-0.24905352077745926,1.0,20.0
2025-08-27 21:00:00,2025-08-28 04:00:00,65.1779477873854,2.2072452611594766,4530.534135000001,4569.1242950000005,LONG,signal_reverse,0.6517794778738542,1.0,20.0
2025-08-28 04:00:00,2025-08-28 14:00:00,-22.14398851235496,2.188603188349027,4569.124295,4570.10391,SHORT,signal_reverse,-0.2214398851235496,1.0,20.0
2025-08-28 14:00:00,2025-08-28 15:00:00,-167.18802093932922,2.1881340549213024,4570.10391,4502.837455000001,LONG,stop_loss,-1.6718802093932923,1.0,19.999999999999996
2025-08-29 01:00:00,2025-08-29 07:00:00,-198.68428889833365,2.242243566310635,4459.818795,4380.12884,LONG,stop_loss,-1.9868428889833363,1.0,20.0
2025-08-29 13:00:00,2025-08-29 14:00:00,-143.3330475393586,2.307115817127503,4334.416125,4280.958450000001,LONG,stop_loss,-1.433330475393586,1.0,20.0
2025-08-29 18:00:00,2025-08-29 21:00:00,84.82173426964577,2.31554472596899,4318.638239999999,4363.906955,LONG,signal_reverse,0.8482173426964578,1.0,19.999999999999996
2025-08-29 21:00:00,2025-08-30 01:00:00,197.95520844234144,2.2915245680347,4363.906955,4268.7933299999995,SHORT,signal_reverse,1.9795520844234145,1.0,20.0
2025-08-30 01:00:00,2025-08-30 05:00:00,236.78537592730135,2.3425823709296325,4268.7933299999995,4378.4097,LONG,signal_reverse,2.3678537592730136,1.0,20.0
2025-08-30 05:00:00,2025-08-30 12:00:00,-2.6526398386141605,2.283934278694842,4378.4097,4370.814315,SHORT,signal_reverse,-0.026526398386141608,1.0,19.999999999999996
2025-08-30 12:00:00,2025-08-30 23:00:00,-15.451213763128893,2.2879031867543427,4370.8143150000005,4372.802505,LONG,signal_reverse,-0.15451213763128893,1.0,20.0
2025-08-30 23:00:00,2025-08-31 00:00:00,-242.10319329296965,2.286862941686867,4372.802505,4469.923844999999,SHORT,stop_loss,-2.4210319329296968,1.0,20.0
2025-08-31 08:00:00,2025-08-31 19:00:00,5.025773261813721,2.2372695928753155,4469.734015,4458.548159999999,SHORT,signal_reverse,0.05025773261813721,1.0,20.0
2025-08-31 19:00:00,2025-08-31 23:00:00,-172.30199958185165,2.2428825799652237,4458.548159999999,4390.643580000001,LONG,stop_loss,-1.7230199958185164,1.0,20.0
2025-09-01 04:00:00,2025-09-01 07:00:00,146.66506540371057,2.278566999142973,4388.723265,4461.867950000001,LONG,signal_reverse,1.4666506540371058,1.0,20.0
2025-09-01 07:00:00,2025-09-01 11:00:00,127.76564600035103,2.2412137947740023,4461.867950000001,4395.9368699999995,SHORT,signal_reverse,1.2776564600035103,1.0,20.0
2025-09-01 11:00:00,2025-09-01 17:00:00,-188.69860098787103,2.2748279367351336,4395.9368699999995,4321.7780299999995,LONG,stop_loss,-1.8869860098787101,1.0,20.0
2025-09-01 20:00:00,2025-09-01 21:00:00,-93.66922025950224,2.3301415799616323,4291.58472,4259.96895,LONG,stop_loss,-0.9366922025950224,1.0,19.999999999999996
2025-09-02 02:00:00,2025-09-02 11:00:00,-2.7579929205117026,2.294304371044447,4358.6196,4351.104465,SHORT,signal_reverse,-0.027579929205117027,1.0,20.0
2025-09-02 11:00:00,2025-09-02 12:00:00,-192.47015235705206,2.2982670447099918,4351.104465,4276.0609,LONG,stop_loss,-1.9247015235705205,1.0,20.0
2025-09-02 15:00:00,2025-09-03 02:00:00,67.42264131166942,2.3261665154873596,4298.918385000001,4336.5006650000005,LONG,signal_reverse,0.6742264131166942,1.0,20.0
2025-09-03 02:00:00,2025-09-03 06:00:00,38.86371748083352,2.306006794997228,4336.5006650000005,4310.97441,SHORT,signal_reverse,0.3886371748083352,1.0,20.0
2025-09-03 06:00:00,2025-09-03 09:00:00,71.2771365766485,2.319661183050261,4310.97441,4350.3237500000005,LONG,signal_reverse,0.712771365766485,1.0,20.000000000000004
2025-09-03 09:00:00,2025-09-03 13:00:00,-186.60034784767558,2.298679494830701,4350.32375,4422.800295,SHORT,stop_loss,-1.8660034784767559,1.0,20.0
2025-09-03 13:00:00,2025-09-03 15:00:00,-167.45437094569385,2.263273115410075,4418.379705,4483.530645,SHORT,stop_loss,-1.6745437094569386,1.0,20.0
2025-09-04 00:00:00,2025-09-04 02:00:00,74.14155905657738,2.238110391328219,4468.054855,4425.991889999999,SHORT,signal_reverse,0.7414155905657739,1.0,20.0
2025-09-04 02:00:00,2025-09-04 06:00:00,-159.09920426898756,2.2593805520958603,4425.991889999999,4364.426695,LONG,stop_loss,-1.5909920426898756,1.0,19.999999999999996
2025-09-04 12:00:00,2025-09-04 13:00:00,57.56891803137933,2.264687075159213,4415.621085,4381.36959,SHORT,signal_reverse,0.5756891803137933,1.0,20.0
2025-09-04 13:00:00,2025-09-04 15:00:00,-196.82282539419296,2.282391337819095,4381.36959,4303.896975000001,LONG,stop_loss,-1.9682282539419296,1.0,20.0
2025-09-04 22:00:00,2025-09-04 23:00:00,69.83846525727544,2.304169267444924,4339.958935,4300.96941,SHORT,signal_reverse,0.6983846525727544,1.0,20.000000000000004
2025-09-04 23:00:00,2025-09-05 05:00:00,65.4473526701995,2.3250572247153,4300.96941,4337.720055000001,LONG,signal_reverse,0.6544735267019951,1.0,20.0
2025-09-05 05:00:00,2025-09-05 07:00:00,-210.21272455075325,2.305358546242099,4337.720055000001,4420.22901,SHORT,stop_loss,-2.1021272455075324,1.0,20.0
2025-09-05 07:00:00,2025-09-05 12:00:00,-152.17273142390192,2.2645896807281596,4415.810990000001,4474.175969999999,SHORT,stop_loss,-1.5217273142390193,1.0,20.0
2025-09-05 14:00:00,2025-09-07 01:00:00,21.355053604171026,2.3384498850663578,4276.3371,4294.021915,LONG,signal_reverse,0.21355053604171026,1.0,20.000000000000004
2025-09-07 01:00:00,2025-09-07 06:00:00,-4.142186195617959,2.328819041437053,4294.021915,4287.212535,SHORT,signal_reverse,-0.041421861956179584,1.0,20.0
2025-09-07 06:00:00,2025-09-07 08:00:00,9.218332186093164,2.3325179049001825,4287.212535,4299.739055000001,LONG,signal_reverse,0.09218332186093164,1.0,20.0
2025-09-07 08:00:00,2025-09-07 16:00:00,10.59914760339028,2.3257225315502317,4299.739055,4286.582219999999,SHORT,signal_reverse,0.1059914760339028,1.0,20.0
2025-09-07 16:00:00,2025-09-07 20:00:00,7.778447697665453,2.3328608870122176,4286.582219999999,4298.489680000001,LONG,signal_reverse,0.07778447697665453,1.0,20.0
2025-09-07 20:00:00,2025-09-08 06:00:00,-10.2905547978398,2.3263985130702927,4298.489680000001,4294.3160849999995,SHORT,signal_reverse,-0.102905547978398,1.0,20.0
2025-09-08 06:00:00,2025-09-08 09:00:00,32.614617910687734,2.3286595122631732,4294.316085,4316.910465,LONG,signal_reverse,0.3261461791068774,1.0,20.0
2025-09-08 09:00:00,2025-09-08 15:00:00,-153.90548742826238,2.316471486049225,4316.910465,4374.716264999999,SHORT,stop_loss,-1.5390548742826238,1.0,20.0
2025-09-08 17:00:00,2025-09-09 05:00:00,-12.805246647004086,2.3178376050217,4314.366105,4317.470185,LONG,signal_reverse,-0.12805246647004084,1.0,20.000000000000004
2025-09-09 05:00:00,2025-09-09 07:00:00,-129.76602725514886,2.3161711769875257,4317.470185,4364.86134,SHORT,stop_loss,-1.2976602725514885,1.0,20.0
2025-09-09 14:00:00,2025-09-09 22:00:00,-1.3474822990758684,2.3207976619625246,4308.863355,4316.9004700000005,LONG,signal_reverse,-0.013474822990758683,1.0,20.0
2025-09-09 22:00:00,2025-09-10 00:00:00,45.75848852035427,2.316476849418768,4316.9004700000005,4288.513185,SHORT,signal_reverse,0.4575848852035427,1.0,20.0
2025-09-10 00:00:00,2025-09-10 02:00:00,43.28046301669767,2.331810482704625,4288.513185,4315.651095000001,LONG,signal_reverse,0.4328046301669767,1.0,19.999999999999996
2025-09-10 02:00:00,2025-09-10 12:00:00,-155.1471625395598,2.3171474662503964,4315.651095,4373.975895,SHORT,stop_loss,-1.5514716253955978,1.0,19.999999999999996
2025-09-10 18:00:00,2025-09-11 01:00:00,32.0475737924749,2.3015800184565314,4344.841335,4367.455180000001,LONG,signal_reverse,0.32047573792474904,1.0,20.0
2025-09-11 01:00:00,2025-09-11 06:00:00,-195.97402110031393,2.289662878692667,4367.45518,4444.3110449999995,SHORT,stop_loss,-1.9597402110031394,1.0,20.0
2025-09-11 10:00:00,2025-09-11 15:00:00,4.548102022566466,2.25872051049794,4427.28525,4416.4171049999995,SHORT,signal_reverse,0.04548102022566466,1.0,20.0
2025-09-11 15:00:00,2025-09-11 17:00:00,18.0063399831428,2.2642788854065903,4416.417105,4433.20229,LONG,signal_reverse,0.180063399831428,1.0,20.000000000000004
2025-09-11 17:00:00,2025-09-12 00:00:00,-208.54311067316476,2.2557057733541863,4433.20229,4516.787265,SHORT,stop_loss,-2.0854311067316478,1.0,20.0
2025-09-12 12:00:00,2025-09-12 17:00:00,-224.77024586252105,2.2096243973503564,4525.65604,4618.32801,SHORT,stop_loss,-2.2477024586252106,1.0,20.0
2025-09-13 08:00:00,2025-09-13 13:00:00,64.37693586884761,2.113707617849073,4731.023305000001,4691.10438,SHORT,signal_reverse,0.6437693586884761,1.0,20.0
2025-09-13 13:00:00,2025-09-13 16:00:00,-163.05274315810297,2.1316942003324173,4691.10438,4623.996845000001,LONG,stop_loss,-1.6305274315810296,1.0,20.0
2025-09-14 01:00:00,2025-09-14 07:00:00,18.197612348004565,2.1393661450471977,4674.28169,4656.42705,SHORT,signal_reverse,0.18197612348004566,1.0,20.0
2025-09-14 07:00:00,2025-09-14 14:00:00,-135.96748842011866,2.1475693471886346,4656.42705,4602.427635,LONG,stop_loss,-1.3596748842011865,1.0,20.0
2025-09-14 18:00:00,2025-09-14 21:00:00,26.34817285978914,2.1697983463840953,4608.72321,4630.0838,LONG,signal_reverse,0.2634817285978914,1.0,20.0
2025-09-14 21:00:00,2025-09-14 23:00:00,26.091131223154207,2.159788123057298,4630.083799999999,4608.743219999999,SHORT,signal_reverse,0.26091131223154207,1.0,20.0
2025-09-14 23:00:00,2025-09-15 03:00:00,39.121594975735896,2.1697889256672456,4608.743219999999,4635.990845,LONG,signal_reverse,0.3912159497573589,1.0,20.0
2025-09-15 03:00:00,2025-09-15 07:00:00,53.319806135210385,2.1570361837071315,4635.990845,4601.999849999999,SHORT,signal_reverse,0.5331980613521039,1.0,20.0
2025-09-15 07:00:00,2025-09-15 08:00:00,-220.01294654540152,2.172968345490059,4601.99985,4509.953895000001,LONG,stop_loss,-2.2001294654540153,1.0,19.999999999999996
2025-09-16 05:00:00,2025-09-16 06:00:00,15.504258657574887,2.2080833931977866,4528.81446,4512.735239999999,SHORT,signal_reverse,0.15504258657574888,1.0,20.0
2025-09-16 06:00:00,2025-09-16 13:00:00,-109.24208458548874,2.215950962813409,4512.73524,4472.46265,LONG,stop_loss,-1.0924208458548874,1.0,20.0
2025-09-16 20:00:00,2025-09-17 04:00:00,16.214456918712568,2.2231165177739567,4498.18978,4481.899829999999,SHORT,signal_reverse,0.1621445691871257,1.0,20.0
2025-09-17 04:00:00,2025-09-17 06:00:00,122.4310391158399,2.2311966753616623,4481.89983,4545.735995000001,LONG,signal_reverse,1.2243103911583988,1.0,20.0
2025-09-17 06:00:00,2025-09-17 09:00:00,83.12453264237634,2.199863786854168,4545.735995,4498.858305,SHORT,signal_reverse,0.8312453264237635,1.0,20.0
2025-09-17 09:00:00,2025-09-17 18:00:00,-114.59637782479558,2.2227861653002208,4498.858305,4456.300735,LONG,stop_loss,-1.145963778247956,1.0,20.0
2025-09-17 19:00:00,2025-09-17 22:00:00,-182.55380729331944,2.213275780342803,4518.189775,4591.6346699999995,SHORT,stop_loss,-1.8255380729331945,1.0,19.999999999999996
2025-09-18 08:00:00,2025-09-18 12:00:00,37.73754552984781,2.1729362543085426,4602.067815,4575.496604999999,SHORT,signal_reverse,0.37737545529847805,1.0,20.0
2025-09-18 12:00:00,2025-09-18 14:00:00,26.53888274494746,2.1855551130935655,4575.496605,4596.790455,LONG,signal_reverse,0.2653888274494746,1.0,20.0
2025-09-18 14:00:00,2025-09-19 03:00:00,72.31313764551537,2.175430900732672,4596.790455,4554.35604,SHORT,signal_reverse,0.7231313764551537,1.0,20.0
2025-09-19 03:00:00,2025-09-19 15:00:00,-193.8878983207468,2.1957000972633662,4554.35604,4475.1613,LONG,stop_loss,-1.938878983207468,1.0,19.999999999999996
2025-09-20 05:00:00,2025-09-20 10:00:00,3.676984141554175,2.2324372722659347,4479.409175,4468.803284999999,SHORT,signal_reverse,0.03676984141554175,1.0,20.0
2025-09-20 10:00:00,2025-09-20 14:00:00,22.968080659206237,2.23773555519126,4468.803285,4488.0048750000005,LONG,signal_reverse,0.22968080659206236,1.0,20.0
2025-09-20 14:00:00,2025-09-21 04:00:00,4.23667153436314,2.2281615725740496,4488.004875,4477.127445,SHORT,signal_reverse,0.0423667153436314,1.0,20.0
2025-09-21 04:00:00,2025-09-21 13:00:00,-20.998195842065844,2.233575014972575,4477.127445,4476.68054,LONG,signal_reverse,-0.20998195842065842,1.0,20.0
2025-09-21 13:00:00,2025-09-21 20:00:00,-27.032565696544328,2.2337979917593134,4476.68054,4479.828794999999,SHORT,signal_reverse,-0.2703256569654433,1.0,20.0
2025-09-21 20:00:00,2025-09-22 00:00:00,-337.88846519970633,2.2322281626389695,4479.828795,4337.420205,LONG,stop_loss,-3.3788846519970632,1.0,20.0
2025-09-22 14:00:00,2025-09-22 19:00:00,-161.19952801894797,2.3832636274600127,4195.926915,4136.680625,LONG,stop_loss,-1.6119952801894797,1.0,20.0
2025-09-22 21:00:00,2025-09-23 01:00:00,49.59169189293747,2.3812306475971416,4199.509195,4170.2841,SHORT,signal_reverse,0.4959169189293747,1.0,20.0
2025-09-23 01:00:00,2025-09-23 06:00:00,66.23327365155056,2.3979181658151303,4170.2841,4206.245825000001,LONG,signal_reverse,0.6623327365155056,1.0,20.000000000000004
2025-09-23 06:00:00,2025-09-23 14:00:00,42.7803297730477,2.377416921418282,4206.245825,4179.8388749999995,SHORT,signal_reverse,0.42780329773047693,1.0,20.000000000000004
2025-09-23 14:00:00,2025-09-24 01:00:00,3.0041163967116646,2.3924367180301895,4179.838875,4189.454225,LONG,signal_reverse,0.030041163967116646,1.0,20.0
2025-09-24 01:00:00,2025-09-24 03:00:00,70.4401336429466,2.3869457602201156,4189.454225,4151.564745,SHORT,signal_reverse,0.704401336429466,1.0,20.000000000000004
2025-09-24 03:00:00,2025-09-24 04:00:00,-45.98097503595455,2.4087303496937276,4151.564745,4140.778575,LONG,stop_loss,-0.4598097503595455,1.0,20.0
2025-09-24 09:00:00,2025-09-24 13:00:00,47.18898239339093,2.3909329777206265,4182.467720000001,4154.366145,SHORT,signal_reverse,0.47188982393390927,1.0,20.000000000000004
2025-09-24 13:00:00,2025-09-24 14:00:00,75.23917396549122,2.407106078513453,4154.366145,4193.931985,LONG,signal_reverse,0.7523917396549121,1.0,20.0
2025-09-24 14:00:00,2025-09-24 21:00:00,85.05197785175949,2.384397275818005,4193.931985,4149.8739,SHORT,signal_reverse,0.850519778517595,1.0,20.0
2025-09-24 21:00:00,2025-09-25 01:00:00,-134.57237290993305,2.409711774615609,4149.8739000000005,4102.327810000001,LONG,stop_loss,-1.3457237290993305,1.0,20.0
2025-09-25 16:00:00,2025-09-25 17:00:00,-287.32294897958076,2.5350204294824765,3944.741385,3839.2893950000002,LONG,stop_loss,-2.8732294897958073,1.0,19.999999999999996
2025-09-25 19:00:00,2025-09-25 23:00:00,-124.36121558005813,2.5537846846416845,3915.7569000000003,3874.8915850000003,LONG,stop_loss,-1.2436121558005813,1.0,20.000000000000004
2025-09-26 01:00:00,2025-09-26 09:00:00,52.549598381297876,2.531860822658599,3949.6641799999998,3921.009525,SHORT,signal_reverse,0.5254959838129788,1.0,20.0
2025-09-26 09:00:00,2025-09-26 13:00:00,109.5675888469052,2.550363608208781,3921.0095250000004,3971.8131000000003,LONG,signal_reverse,1.0956758884690518,1.0,20.0
2025-09-26 13:00:00,2025-09-26 17:00:00,-217.4690349855569,2.5177418343275013,3971.8131000000003,4050.2441099999996,SHORT,stop_loss,-2.174690349855569,1.0,20.0
2025-09-26 21:00:00,2025-09-27 07:00:00,8.853789780731534,2.4849246702292502,4024.26686,4012.6553249999997,SHORT,signal_reverse,0.08853789780731533,1.0,20.0
2025-09-27 07:00:00,2025-09-27 12:00:00,21.964531304467677,2.4921153675216297,4012.655325,4029.4942450000003,LONG,signal_reverse,0.21964531304467677,1.0,20.0
2025-09-27 12:00:00,2025-09-27 17:00:00,37.30755175703278,2.4817010254844027,4029.4942450000003,4006.4022,SHORT,signal_reverse,0.3730755175703278,1.0,20.0
2025-09-27 17:00:00,2025-09-27 21:00:00,1.8380970337929405,2.496005019166573,4006.4022,4015.15142,LONG,signal_reverse,0.018380970337929403,1.0,20.0
2025-09-27 21:00:00,2025-09-28 01:00:00,14.349240059294361,2.4905660967575667,4015.1514199999997,4001.35968,SHORT,signal_reverse,0.1434924005929436,1.0,20.0
2025-09-28 01:00:00,2025-09-28 07:00:00,13.068809250359415,2.4991504887658587,4001.35968,4014.5917,LONG,signal_reverse,0.13068809250359414,1.0,20.0
2025-09-28 07:00:00,2025-09-28 09:00:00,15.576581797845167,2.4909133349725208,4014.5917,4000.309155,SHORT,signal_reverse,0.15576581797845165,1.0,20.000000000000004
2025-09-28 09:00:00,2025-09-28 13:00:00,12.930204865628632,2.499806793057723,4000.309155,4013.482255,LONG,signal_reverse,0.1293020486562863,1.0,20.0
2025-09-28 13:00:00,2025-09-28 22:00:00,-325.4323831811737,2.4916018969666527,4013.482255,4136.067,SHORT,stop_loss,-3.2543238318117367,1.0,19.999999999999996
2025-09-29 08:00:00,2025-09-29 12:00:00,26.91622821971766,2.4261315278806515,4121.788075,4102.450199999999,SHORT,signal_reverse,0.26916228219717664,1.0,20.0
2025-09-29 12:00:00,2025-09-29 13:00:00,142.35231813417465,2.4375676760195657,4102.450199999999,4169.05443,LONG,signal_reverse,1.4235231813417464,1.0,20.0
2025-09-29 13:00:00,2025-09-29 20:00:00,-170.3707520556403,2.398625436032026,4169.05443,4231.744815,SHORT,stop_loss,-1.703707520556403,1.0,20.0
2025-09-30 04:00:00,2025-09-30 14:00:00,-125.27636129451923,2.384417791581331,4193.8959,4149.74409,LONG,stop_loss,-1.2527636129451922,1.0,20.0
2025-09-30 19:00:00,2025-10-01 03:00:00,44.31707301939415,2.404043140909962,4159.65913,4132.90542,SHORT,signal_reverse,0.44317073019394154,1.0,20.0
2025-10-01 03:00:00,2025-10-01 08:00:00,363.47795048259417,2.4196053342057846,4132.90542,4291.393230000001,LONG,signal_reverse,3.634779504825942,1.0,19.999999999999996
2025-10-01 08:00:00,2025-10-01 23:00:00,-163.9445459534353,2.3302455552412757,4291.39323,4353.165494999999,SHORT,stop_loss,-1.639445459534353,1.0,20.000000000000004
2025-10-01 23:00:00,2025-10-02 06:00:00,-157.87385028968933,2.299477245695951,4348.814504999999,4408.773284999999,SHORT,stop_loss,-1.5787385028968932,1.0,20.0
2025-10-02 09:00:00,2025-10-02 16:00:00,-160.17278544252406,2.276513238416208,4392.68256,4454.256015,SHORT,stop_loss,-1.6017278544252407,1.0,20.0
2025-10-02 23:00:00,2025-10-03 03:00:00,-67.96654973587216,2.229293533880713,4485.726015,4507.2424949999995,SHORT,stop_loss,-0.6796654973587217,1.0,20.0
2025-10-03 07:00:00,2025-10-03 10:00:00,31.112512050461138,2.237850790300475,4468.573170000001,4491.41317,LONG,signal_reverse,0.3111251205046114,1.0,20.0
2025-10-03 10:00:00,2025-10-03 16:00:00,-109.9307155035125,2.226470739052493,4491.41317,4531.80477,SHORT,stop_loss,-1.099307155035125,1.0,20.0
2025-10-03 17:00:00,2025-10-03 20:00:00,112.12941502614416,2.2333204850405832,4477.637699999999,4536.800465,LONG,signal_reverse,1.1212941502614415,1.0,20.0
2025-10-03 20:00:00,2025-10-04 01:00:00,90.86741722065025,2.204196564770014,4536.800464999999,4486.50213,SHORT,signal_reverse,0.9086741722065025,1.0,20.0
2025-10-04 01:00:00,2025-10-04 13:00:00,12.355350737348164,2.228907890878456,4486.50213,4501.018365000001,LONG,signal_reverse,0.12355350737348166,1.0,20.0
2025-10-04 13:00:00,2025-10-04 14:00:00,34.657130909086824,2.2217194397072846,4501.018365000001,4476.41709,SHORT,signal_reverse,0.3465713090908682,1.0,20.0
2025-10-04 14:00:00,2025-10-04 21:00:00,-0.588861973090324,2.2339294571855906,4476.41709,4485.106325000001,LONG,signal_reverse,-0.00588861973090324,1.0,20.0
2025-10-04 21:00:00,2025-10-05 02:00:00,-172.79315591252734,2.2296015468485018,4485.106325000001,4553.635679999999,SHORT,stop_loss,-1.7279315591252735,1.0,20.0
2025-10-05 02:00:00,2025-10-05 08:00:00,-114.34983390239776,2.198244590902637,4549.08432,4592.004855,SHORT,stop_loss,-1.1434983390239775,1.0,20.0
2025-10-05 12:00:00,2025-10-06 01:00:00,-37.31063647277714,2.204606512300273,4535.956845,4528.104815,LONG,signal_reverse,-0.3731063647277714,1.0,19.999999999999996
2025-10-06 01:00:00,2025-10-06 11:00:00,-127.1361021487308,2.2084294442287553,4528.104815,4576.617165,SHORT,stop_loss,-1.271361021487308,1.0,20.0
2025-10-07 03:00:00,2025-10-07 06:00:00,13.868592880420486,2.131826424253728,4690.8134199999995,4674.926295,SHORT,signal_reverse,0.13868592880420486,1.0,20.0
2025-10-07 06:00:00,2025-10-07 11:00:00,55.482302336489894,2.1390711572705126,4674.926295,4710.213715,LONG,signal_reverse,0.554823023364899,1.0,20.0
2025-10-07 11:00:00,2025-10-07 14:00:00,214.01246030298418,2.1230459178857024,4710.213715,4599.988844999999,SHORT,signal_reverse,2.1401246030298418,1.0,19.999999999999996
2025-10-07 14:00:00,2025-10-07 15:00:00,-209.62297070526674,2.1739183152301753,4599.988845,4512.762490000001,LONG,stop_loss,-2.096229707052667,1.0,20.0
2025-10-08 03:00:00,2025-10-08 10:00:00,94.2411871592759,2.2477095628831454,4448.973375,4499.798975000001,LONG,signal_reverse,0.942411871592759,1.0,20.000000000000004
2025-10-08 10:00:00,2025-10-08 14:00:00,80.76641257068947,2.2223214982620414,4499.798975000001,4454.456114999999,SHORT,signal_reverse,0.8076641257068947,1.0,20.0
2025-10-08 14:00:00,2025-10-08 16:00:00,72.30077463677159,2.244942983347811,4454.456115,4495.57109,LONG,signal_reverse,0.7230077463677159,1.0,20.0
2025-10-08 16:00:00,2025-10-09 01:00:00,7.428306110936345,2.2244114929567274,4495.5710899999995,4483.2405,SHORT,signal_reverse,0.07428306110936345,1.0,20.0
2025-10-09 01:00:00,2025-10-09 02:00:00,-176.8911036559385,2.2305294574315164,4483.2405,4412.902445,LONG,stop_loss,-1.7689110365593852,1.0,20.0
2025-10-09 13:00:00,2025-10-09 16:00:00,-198.81540058172348,2.2958386639693824,4355.706765,4277.82002,LONG,stop_loss,-1.988154005817235,1.0,20.0
2025-10-09 18:00:00,2025-10-09 22:00:00,133.2543089651862,2.318724828966683,4312.71528,4378.8095,LONG,signal_reverse,1.332543089651862,1.0,20.0
2025-10-09 22:00:00,2025-10-10 04:00:00,48.57159463091801,2.2837257478316877,4378.8095,4348.783304999999,SHORT,signal_reverse,0.4857159463091801,1.0,20.0
2025-10-10 04:00:00,2025-10-10 13:00:00,-3.793880941602057,2.2994937431125924,4348.783305,4355.830995,LONG,signal_reverse,-0.03793880941602057,1.0,20.0
2025-10-10 13:00:00,2025-10-10 14:00:00,144.331306889928,2.295773185754651,4355.830995,4284.251055,SHORT,signal_reverse,1.4433130688992797,1.0,20.000000000000004
2025-10-10 14:00:00,2025-10-10 15:00:00,-442.48622379110134,2.334130253251464,4284.251055,4103.247350000001,LONG,stop_loss,-4.424862237911014,1.0,20.0
2025-10-11 03:00:00,2025-10-11 07:00:00,-119.8412211434841,2.6322449261156096,3799.0385699999997,3761.108505,LONG,stop_loss,-1.198412211434841,1.0,20.0
2025-10-11 19:00:00,2025-10-11 20:00:00,-203.07285812211046,2.6550818436412533,3766.36224,3697.4103700000005,LONG,stop_loss,-2.0307285812211044,1.0,20.0
2025-10-12 03:00:00,2025-10-12 06:00:00,-165.82496121702042,2.6431480271502155,3783.3673700000004,3838.5383099999995,SHORT,stop_loss,-1.6582496121702044,1.0,20.0
2025-10-12 12:00:00,2025-10-12 14:00:00,-403.57461668199124,2.6097918691506314,3831.72318,3978.698355,SHORT,stop_loss,-4.035746166819912,1.0,20.000000000000004
2025-10-12 14:00:00,2025-10-12 15:00:00,-181.61339267821847,2.515899449859463,3974.721645,4038.95847,SHORT,stop_loss,-1.8161339267821845,1.0,20.0
2025-10-13 06:00:00,2025-10-13 11:00:00,182.56396801463592,2.397728689158249,4170.61365,4086.132045,SHORT,signal_reverse,1.825639680146359,1.0,20.0
2025-10-13 11:00:00,2025-10-13 13:00:00,176.13603798748395,2.4473022138960268,4086.1320450000003,4166.27582,LONG,signal_reverse,1.7613603798748396,1.0,20.0
2025-10-13 13:00:00,2025-10-13 14:00:00,135.81341179662857,2.4002251487996777,4166.27582,4101.359655,SHORT,signal_reverse,1.3581341179662858,1.0,19.999999999999996
2025-10-13 14:00:00,2025-10-13 17:00:00,311.988746302719,2.438215821382287,4101.359655,4237.52018,LONG,signal_reverse,3.11988746302719,1.0,20.0
2025-10-13 17:00:00,2025-10-14 02:00:00,120.93696894205853,2.359870767624285,4237.52018,4177.797855,SHORT,signal_reverse,1.2093696894205852,1.0,20.0
2025-10-14 02:00:00,2025-10-14 04:00:00,-203.30108985131636,2.3936055182832683,4177.797855,4101.218365000001,LONG,stop_loss,-2.0330108985131634,1.0,20.000000000000004
2025-10-14 15:00:00,2025-10-14 16:00:00,-55.95732071734781,2.447108353002476,4086.45575,4101.14955,SHORT,stop_loss,-0.5595732071734781,1.0,19.999999999999996
2025-10-15 03:00:00,2025-10-15 07:00:00,70.74511930304021,2.4475599091870097,4085.70183,4122.77758,LONG,signal_reverse,0.707451193030402,1.0,20.0
2025-10-15 07:00:00,2025-10-15 08:00:00,-175.7320611023593,2.425549233728005,4122.77758,4186.982445,SHORT,stop_loss,-1.7573206110235928,1.0,20.0
2025-10-15 11:00:00,2025-10-15 13:00:00,-139.6125961489731,2.43608240482357,4104.95145,4055.8510600000004,LONG,stop_loss,-1.396125961489731,1.0,20.0
2025-10-16 01:00:00,2025-10-16 10:00:00,-126.43281208820326,2.493651223209924,4010.183905,4052.86542,SHORT,stop_loss,-1.2643281208820327,1.0,20.0
2025-10-16 15:00:00,2025-10-16 20:00:00,-173.99696237555315,2.556770130882712,3911.184615,3850.9535600000004,LONG,stop_loss,-1.7399696237555315,1.0,20.0
2025-10-17 03:00:00,2025-10-17 05:00:00,66.89867624579362,2.5427999769357874,3932.6726799999997,3898.498275,SHORT,signal_reverse,0.6689867624579362,1.0,20.0
2025-10-17 05:00:00,2025-10-17 06:00:00,-224.97258011483993,2.565090271843201,3898.4982750000004,3818.58975,LONG,stop_loss,-2.2497258011483994,1.0,20.0
2025-10-17 14:00:00,2025-10-17 17:00:00,149.53793064198518,2.6646305372050114,3752.8654949999996,3816.4908000000005,LONG,signal_reverse,1.4953793064198517,1.0,20.0
2025-10-17 17:00:00,2025-10-17 21:00:00,-186.19505541582762,2.6202080717710627,3816.4908,3879.9189899999997,SHORT,stop_loss,-1.8619505541582764,1.0,20.0
2025-10-18 01:00:00,2025-10-18 07:00:00,-92.72579060077318,2.585131685683884,3868.274895,3896.40723,SHORT,stop_loss,-0.9272579060077317,1.0,20.0
2025-10-18 11:00:00,2025-10-19 00:00:00,3.6543748131364198,2.57599969650602,3881.988035,3872.8054349999998,SHORT,signal_reverse,0.0365437481313642,1.0,20.0
2025-10-19 00:00:00,2025-10-19 03:00:00,64.46287981415324,2.5821075103918822,3872.8054349999998,3905.516265,LONG,signal_reverse,0.6446287981415323,1.0,20.0
2025-10-19 03:00:00,2025-10-19 08:00:00,80.45814007127154,2.5604809509095725,3905.5162649999997,3866.282175,SHORT,signal_reverse,0.8045814007127154,1.0,20.000000000000004
2025-10-19 08:00:00,2025-10-19 09:00:00,98.10021341755917,2.586464088074482,3866.282175,3911.9430500000003,LONG,signal_reverse,0.9810021341755917,1.0,19.999999999999996
2025-10-19 09:00:00,2025-10-19 13:00:00,-181.4888412038603,2.556274432471607,3911.9430500000003,3975.116565,SHORT,stop_loss,-1.8148884120386028,1.0,19.999999999999996
2025-10-20 00:00:00,2025-10-20 03:00:00,184.77353752299624,2.5345125974374993,3945.53178,4026.32583,LONG,signal_reverse,1.8477353752299623,1.0,20.0
2025-10-20 03:00:00,2025-10-20 06:00:00,-150.94487934176945,2.4836539371678223,4026.32583,4079.048505,SHORT,stop_loss,-1.5094487934176946,1.0,20.0
2025-10-20 15:00:00,2025-10-20 16:00:00,-165.64926651754678,2.495350709346172,4007.4527249999996,3949.0844700000002,LONG,stop_loss,-1.656492665175468,1.0,20.0
2025-10-21 00:00:00,2025-10-21 04:00:00,-335.2714824927541,2.5152696581676723,3975.716865,3850.3738500000004,LONG,stop_loss,-3.352714824927541,1.0,20.0
2025-10-21 13:00:00,2025-10-21 14:00:00,370.8739268994991,2.584210464757176,3869.65386,4020.9085400000004,LONG,signal_reverse,3.708739268994991,1.0,20.0
2025-10-21 14:00:00,2025-10-21 15:00:00,-181.98692248792113,2.4870001146556793,4020.90854,4086.042,SHORT,stop_loss,-1.8198692248792114,1.0,20.0
2025-10-21 21:00:00,2025-10-21 23:00:00,-213.5198032411809,2.5319444159811697,3949.5337799999998,3873.10248,LONG,stop_loss,-2.135198032411809,1.0,20.000000000000004
2025-10-22 05:00:00,2025-10-22 11:00:00,-112.67029954750105,2.5873210940393587,3865.0015350000003,3829.18445,LONG,stop_loss,-1.1267029954750105,1.0,20.000000000000004
2025-10-22 13:00:00,2025-10-22 16:00:00,72.05226418421057,2.581130150649894,3874.271895,3838.6083449999996,SHORT,signal_reverse,0.7205226418421057,1.0,20.0
2025-10-22 16:00:00,2025-10-22 20:00:00,-171.51197979277,2.605110785273406,3838.608345,3780.4488300000003,LONG,stop_loss,-1.7151197979277,1.0,20.0
2025-10-23 01:00:00,2025-10-23 06:00:00,-215.1208697264003,2.6173907985199842,3820.5987450000002,3895.1465999999996,SHORT,stop_loss,-2.1512086972640025,1.0,20.0
2025-10-23 13:00:00,2025-10-23 15:00:00,36.357666822098004,2.5942111079317756,3854.736405,3876.4608000000003,LONG,signal_reverse,0.36357666822098006,1.0,20.0
2025-10-23 15:00:00,2025-10-23 16:00:00,-136.5471349536142,2.579672674621139,3876.4608000000003,3921.63984,SHORT,stop_loss,-1.3654713495361421,1.0,20.0
2025-10-23 20:00:00,2025-10-24 01:00:00,106.65968061483836,2.6092184090821724,3832.565325,3881.1084750000005,LONG,signal_reverse,1.0665968061483837,1.0,19.999999999999996
2025-10-24 01:00:00,2025-10-24 04:00:00,-269.051052354315,2.5765834849539986,3881.108475,3977.76789,SHORT,stop_loss,-2.6905105235431503,1.0,19.999999999999996
2025-10-24 12:00:00,2025-10-24 14:00:00,125.2724339603829,2.523164307321746,3963.2773700000002,3905.7018749999997,SHORT,signal_reverse,1.252724339603829,1.0,20.000000000000004
2025-10-24 14:00:00,2025-10-24 20:00:00,62.055072367754384,2.5603592696127118,3905.701875,3937.75014,LONG,signal_reverse,0.6205507236775438,1.0,20.0
2025-10-24 20:00:00,2025-10-25 15:00:00,-15.57330978851774,2.539521209946551,3937.7501399999996,3936.0070199999996,SHORT,signal_reverse,-0.1557330978851774,1.0,20.0
2025-10-25 15:00:00,2025-10-25 18:00:00,37.450812168521445,2.5406458751691963,3936.00702,3958.6197,LONG,signal_reverse,0.37450812168521447,1.0,20.0
2025-10-25 18:00:00,2025-10-26 01:00:00,36.768802519727416,2.5261330357144436,3958.6196999999997,3936.1470899999995,SHORT,signal_reverse,0.3676880251972741,1.0,20.0
2025-10-26 01:00:00,2025-10-26 07:00:00,15.788309425195711,2.5405554648619595,3936.14709,3950.2338950000003,LONG,signal_reverse,0.15788309425195712,1.0,19.999999999999996
2025-10-26 07:00:00,2025-10-26 09:00:00,-122.67874277353373,2.5314956698279256,3950.233895,3990.7943999999998,SHORT,stop_loss,-1.2267874277353372,1.0,20.0
2025-10-26 21:00:00,2025-10-26 22:00:00,-225.60440831398884,2.451431410473312,4079.249355,4163.1205199999995,SHORT,stop_loss,-2.2560440831398885,1.0,19.999999999999996
2025-10-27 08:00:00,2025-10-27 16:00:00,85.05308571306158,2.39853388273239,4169.213565,4213.01244,LONG,signal_reverse,0.8505308571306158,1.0,20.0
2025-10-27 16:00:00,2025-10-27 20:00:00,173.1816275387011,2.3735984980856126,4213.0124399999995,4131.62478,SHORT,signal_reverse,1.731816275387011,1.0,20.000000000000004
2025-10-27 20:00:00,2025-10-28 05:00:00,-177.1757927156201,2.42035531600234,4131.62478,4066.68564,LONG,stop_loss,-1.771757927156201,1.0,20.0
2025-10-28 13:00:00,2025-10-28 15:00:00,119.02589669444116,2.405626953895317,4156.9205,4099.12854,SHORT,signal_reverse,1.1902589669444117,1.0,20.0
2025-10-28 15:00:00,2025-10-28 19:00:00,-167.76026028205428,2.43954291806619,4099.12854,4038.55971,LONG,stop_loss,-1.6776026028205426,1.0,20.0
2025-10-28 19:00:00,2025-10-28 20:00:00,-179.57632556346454,2.4736553907485126,4042.60029,3978.0899600000002,LONG,stop_loss,-1.7957632556346452,1.0,20.0
2025-10-29 05:00:00,2025-10-29 09:00:00,42.68415326627828,2.4838574137727125,4025.995995,4000.75938,SHORT,signal_reverse,0.42684153266278285,1.0,19.999999999999996
2025-10-29 09:00:00,2025-10-29 16:00:00,-119.38330757597342,2.4995254775857076,4000.7593800000004,3960.9985100000004,LONG,stop_loss,-1.1938330757597342,1.0,20.0
2025-10-29 17:00:00,2025-10-29 18:00:00,210.6391744135845,2.491701180538244,4013.322335,3920.7594,SHORT,signal_reverse,2.1063917441358453,1.0,20.000000000000004
2025-10-29 18:00:00,2025-10-30 04:00:00,-148.20377348327025,2.5505263087553907,3920.7594000000004,3870.493785,LONG,stop_loss,-1.4820377348327025,1.0,20.000000000000004
2025-10-30 04:00:00,2025-10-30 12:00:00,-168.45162229972468,2.5810673139993816,3874.366215,3816.8506200000006,LONG,stop_loss,-1.6845162229972468,1.0,20.0
2025-10-30 23:00:00,2025-10-31 01:00:00,-140.49767787892972,2.6294632535560494,3803.05752,3848.88348,SHORT,stop_loss,-1.404976778789297,1.0,20.0
2025-10-31 03:00:00,2025-10-31 12:00:00,-46.94421870073658,2.612770188900398,3827.355365,3837.6678749999996,SHORT,stop_loss,-0.4694421870073658,1.0,20.0
2025-10-31 14:00:00,2025-10-31 16:00:00,86.288052936808,2.587598797174365,3864.58674,3823.5107999999996,SHORT,signal_reverse,0.86288052936808,1.0,20.000000000000004
2025-10-31 16:00:00,2025-10-31 19:00:00,135.45073130171406,2.6153973463341598,3823.5108,3882.947555,LONG,signal_reverse,1.3545073130171406,1.0,20.0
2025-10-31 19:00:00,2025-11-01 17:00:00,20.23968848067509,2.5753631380169386,3882.9475549999997,3867.322695,SHORT,signal_reverse,0.20239688480675086,1.0,19.999999999999996
2025-11-01 17:00:00,2025-11-02 03:00:00,8.25523200876902,2.5857681886564166,3867.322695,3878.249905,LONG,signal_reverse,0.0825523200876902,1.0,20.0
2025-11-02 03:00:00,2025-11-02 09:00:00,-9.599007029434503,2.5784826261731064,3878.249905,3874.21614,SHORT,signal_reverse,-0.09599007029434503,1.0,20.0
2025-11-02 09:00:00,2025-11-02 23:00:00,57.643409435592325,2.5811672964637435,3874.21614,3904.296875,LONG,signal_reverse,0.5764340943559232,1.0,20.0
2025-11-02 23:00:00,2025-11-03 01:00:00,144.3772926463246,2.56128064032016,3904.296875,3840.1190999999994,SHORT,signal_reverse,1.4437729264632462,1.0,20.0
2025-11-03 01:00:00,2025-11-03 03:00:00,-293.2926174086629,2.6040858993149456,3840.1191,3735.17148,LONG,stop_loss,-2.9329261740866293,1.0,20.0
2025-11-03 12:00:00,2025-11-03 15:00:00,-355.00435715312267,2.6942740958214166,3711.5748599999997,3587.2354850000006,LONG,stop_loss,-3.5500435715312264,1.0,20.0
2025-11-03 15:00:00,2025-11-04 05:00:00,-301.16194366574365,2.784875718160791,3590.8245150000002,3489.864195,LONG,stop_loss,-3.0116194366574365,1.0,20.0
2025-11-04 05:00:00,2025-11-04 14:00:00,150.85801828308274,2.8625770056651874,3493.355805,3553.0425900000005,LONG,signal_reverse,1.5085801828308276,1.0,20.0
2025-11-04 14:00:00,2025-11-04 16:00:00,324.7979496356115,2.8144892009301805,3553.04259,3430.5344099999998,SHORT,signal_reverse,3.247979496356115,1.0,19.999999999999996
2025-11-04 16:00:00,2025-11-04 17:00:00,-196.21247238852237,2.9149977248005503,3430.53441,3370.084115,LONG,stop_loss,-1.9621247238852237,1.0,19.999999999999996
2025-11-05 00:00:00,2025-11-05 01:00:00,-19.451461604289317,3.084448918746046,3242.070225,3242.248065,LONG,stop_loss,-0.19451461604289316,1.0,20.0
2025-11-05 03:00:00,2025-11-05 10:00:00,146.07879086383076,2.999757891040493,3333.602365,3278.2382999999995,SHORT,signal_reverse,1.4607879086383078,1.0,20.000000000000004
2025-11-05 10:00:00,2025-11-05 12:00:00,179.12861429262196,3.0504188789448285,3278.2383,3343.517405,LONG,signal_reverse,1.7912861429262197,1.0,20.0
2025-11-05 12:00:00,2025-11-05 15:00:00,-188.57003620114068,2.990862253340057,3343.517405,3399.8790899999995,SHORT,stop_loss,-1.8857003620114068,1.0,20.0
2025-11-06 00:00:00,2025-11-06 03:00:00,43.73251252183621,2.932978020644,3409.5039,3431.233525,LONG,signal_reverse,0.4373251252183621,1.0,20.0
2025-11-06 03:00:00,2025-11-06 05:00:00,99.37174984322822,2.9144037930207625,3431.2335249999996,3390.27429,SHORT,signal_reverse,0.9937174984322821,1.0,20.0
2025-11-06 05:00:00,2025-11-06 14:00:00,-207.7383053864931,2.9496138496805813,3390.27429,3326.6258550000002,LONG,stop_loss,-2.077383053864931,1.0,19.999999999999996
2025-11-06 14:00:00,2025-11-06 15:00:00,-115.62901954014706,3.0030443557354145,3329.954145,3298.1101200000003,LONG,stop_loss,-1.1562901954014706,1.0,19.999999999999996
2025-11-06 20:00:00,2025-11-07 02:00:00,91.73997453946201,3.023730759078942,3307.17276,3344.1271,LONG,signal_reverse,0.9173997453946201,1.0,20.0
2025-11-07 02:00:00,2025-11-07 09:00:00,106.99007462963945,2.9903169649263632,3344.1271,3301.660005,SHORT,signal_reverse,1.0699007462963945,1.0,20.000000000000004
2025-11-07 09:00:00,2025-11-07 11:00:00,-154.80914125801874,3.0287794578654683,3301.660005,3257.1506100000006,LONG,stop_loss,-1.5480914125801875,1.0,20.0
2025-11-07 16:00:00,2025-11-07 17:00:00,-262.37914582937566,3.0249806501818997,3305.80627,3385.9321199999995,SHORT,stop_loss,-2.623791458293757,1.0,20.0
2025-11-08 01:00:00,2025-11-08 04:00:00,-95.1609502934979,2.9124949060464096,3433.4824,3459.28878,SHORT,stop_loss,-0.951609502934979,1.0,20.0
2025-11-08 08:00:00,2025-11-08 11:00:00,90.02578082925851,2.8971455670500452,3451.6733,3413.6959949999996,SHORT,signal_reverse,0.9002578082925851,1.0,20.0
2025-11-08 11:00:00,2025-11-08 16:00:00,-159.76004327825135,2.9293762580636593,3413.6959949999996,3365.9861650000003,LONG,stop_loss,-1.5976004327825133,1.0,19.999999999999996
2025-11-09 00:00:00,2025-11-09 05:00:00,31.938287548492262,2.9534924777566536,3385.8220650000003,3403.4074450000003,LONG,signal_reverse,0.3193828754849226,1.0,20.0
2025-11-09 05:00:00,2025-11-09 12:00:00,-137.01011601918194,2.938231804919848,3403.4074450000003,3443.230755,SHORT,stop_loss,-1.3701011601918194,1.0,20.0
2025-11-10 08:00:00,2025-11-10 09:00:00,53.971903246401375,2.780831188356576,3596.047125,3622.64777,LONG,signal_reverse,0.5397190324640138,1.0,20.0
2025-11-10 09:00:00,2025-11-10 12:00:00,61.10651894815747,2.760411896186087,3622.64777,3593.2657349999995,SHORT,signal_reverse,0.6110651894815747,1.0,20.0
2025-11-10 12:00:00,2025-11-10 14:00:00,-168.74082225371433,2.7829837082728313,3593.265735,3539.8192050000002,LONG,stop_loss,-1.6874082225371432,1.0,20.0
2025-11-10 14:00:00,2025-11-11 00:00:00,94.06238974318298,2.8221794444728565,3543.360795,3583.7772150000005,LONG,signal_reverse,0.9406238974318297,1.0,20.0
2025-11-11 00:00:00,2025-11-11 01:00:00,-16.46502858855777,2.7903520224819554,3583.777215,3582.5103599999998,SHORT,stop_loss,-0.1646502858855777,1.0,20.0
2025-11-11 02:00:00,2025-11-11 05:00:00,154.82192729791353,2.7675589890322883,3613.29245,3550.124175,SHORT,signal_reverse,1.5482192729791355,1.0,20.0
2025-11-11 05:00:00,2025-11-11 14:00:00,-81.06625833728714,2.816802879859829,3550.124175,3528.444895,LONG,stop_loss,-0.8106625833728713,1.0,20.0
2025-11-12 02:00:00,2025-11-12 08:00:00,93.32363590202067,2.916792637471693,3428.423355,3467.2754950000003,LONG,signal_reverse,0.9332363590202067,1.0,20.0
2025-11-12 08:00:00,2025-11-12 10:00:00,-217.8543674966895,2.8841088671553625,3467.2754950000003,3535.877055,SHORT,stop_loss,-2.178543674966895,1.0,20.0
2025-11-12 15:00:00,2025-11-12 16:00:00,-112.58641117491109,2.9157630571164512,3429.63396,3397.8802100000003,LONG,stop_loss,-1.1258641117491108,1.0,20.000000000000004
2025-11-12 22:00:00,2025-11-13 03:00:00,60.0681644595385,2.9208499536085055,3423.660975,3451.0736,LONG,signal_reverse,0.600681644595385,1.0,20.0
2025-11-13 03:00:00,2025-11-13 05:00:00,-249.75661834624322,2.8976490098617425,3451.0736,3530.3642999999997,SHORT,stop_loss,-2.497566183462432,1.0,20.0
2025-11-13 13:00:00,2025-11-13 15:00:00,-177.73074763900192,2.907349527246941,3439.55892,3385.3065,LONG,stop_loss,-1.7773074763900194,1.0,20.0
2025-11-14 04:00:00,2025-11-14 11:00:00,-90.95762520262558,3.160265246813848,3164.291355,3141.838295,LONG,stop_loss,-0.9095762520262557,1.0,20.0
2025-11-14 14:00:00,2025-11-14 16:00:00,-130.0186557553758,3.1287534090271394,3196.16112,3231.324855,SHORT,stop_loss,-1.300186557553758,1.0,20.0
2025-11-14 16:00:00,2025-11-14 20:00:00,260.90008480837537,3.097802125036187,3228.0951450000002,3137.4179249999997,SHORT,signal_reverse,2.6090008480837534,1.0,19.999999999999996
2025-11-14 20:00:00,2025-11-14 23:00:00,-109.86152203487373,3.1873343746514107,3137.4179249999997,3109.22461,LONG,stop_loss,-1.0986152203487374,1.0,20.0
2025-11-14 23:00:00,2025-11-15 02:00:00,229.5836574990718,3.213021331868735,3112.33539,3190.014195,LONG,signal_reverse,2.295836574990718,1.0,20.0
2025-11-15 02:00:00,2025-11-15 08:00:00,127.81611340134005,3.134782288954673,3190.014195,3142.8606449999997,SHORT,signal_reverse,1.2781611340134005,1.0,20.0
2025-11-15 08:00:00,2025-11-15 13:00:00,129.36600855874246,3.181814636264282,3142.8606449999997,3189.8043000000002,LONG,signal_reverse,1.2936600855874247,1.0,20.0
2025-11-15 13:00:00,2025-11-15 20:00:00,27.613532278453807,3.134988563404971,3189.8043000000002,3174.616515,SHORT,signal_reverse,0.27613532278453806,1.0,20.0
2025-11-15 20:00:00,2025-11-16 02:00:00,59.16801881817232,3.1499867630468747,3174.616515,3199.749325,LONG,signal_reverse,0.5916801881817232,1.0,20.0
2025-11-16 02:00:00,2025-11-16 11:00:00,75.89996553870581,3.125244818982812,3199.7493249999998,3169.06374,SHORT,signal_reverse,0.7589996553870582,1.0,20.0
2025-11-16 11:00:00,2025-11-16 15:00:00,-231.81487816966418,3.155506111719924,3169.06374,3101.938255,LONG,stop_loss,-2.318148781696642,1.0,20.0
2025-11-16 15:00:00,2025-11-16 16:00:00,-169.24713999296006,3.220568617508232,3105.041745,3058.699885,LONG,stop_loss,-1.6924713999296004,1.0,19.999999999999996
2025-11-17 00:00:00,2025-11-17 04:00:00,-185.8550512006362,3.1913985375553433,3133.422505,3185.3919,SHORT,stop_loss,-1.8585505120063621,1.0,20.0
2025-11-17 13:00:00,2025-11-17 16:00:00,10.000754292357735,3.2038242332622664,3121.269855,3130.6339,LONG,stop_loss,0.10000754292357734,1.0,20.0
2025-11-18 01:00:00,2025-11-18 03:00:00,-6.0021557448707465,3.3155869031034895,3016.057275,3020.279105,LONG,stop_loss,-0.06002155744870746,1.0,20.0
2025-11-18 06:00:00,2025-11-18 08:00:00,207.10335475770196,3.3462683839655782,2988.4034549999997,3056.2711000000004,LONG,signal_reverse,2.0710335475770196,1.0,20.0
2025-11-18 08:00:00,2025-11-18 15:00:00,-184.64972626282827,3.2719610508374073,3056.2711000000004,3106.5925199999997,SHORT,stop_loss,-1.8464972626282827,1.0,20.0
2025-11-19 03:00:00,2025-11-19 05:00:00,-211.17201756174043,3.253772193276502,3073.35591,3014.6019450000003,LONG,stop_loss,-2.111720175617404,1.0,20.0
2025-11-19 12:00:00,2025-11-19 14:00:00,99.2547073584555,3.2282636757509624,3097.640405,3060.699585,SHORT,signal_reverse,0.992547073584555,1.0,20.0
2025-11-19 14:00:00,2025-11-19 15:00:00,-315.930350184956,3.267226894468311,3060.6995850000003,2970.1241950000003,LONG,stop_loss,-3.15930350184956,1.0,19.999999999999996
2025-11-19 23:00:00,2025-11-20 09:00:00,16.877165297298856,3.309232939924662,3021.84832,3010.7045999999996,SHORT,signal_reverse,0.16877165297298855,1.0,20.0
2025-11-20 09:00:00,2025-11-20 14:00:00,-65.1519056369719,3.3214816226075454,3010.7046,2997.1106950000003,LONG,stop_loss,-0.6515190563697191,1.0,20.000000000000004
2025-11-20 23:00:00,2025-11-21 02:00:00,-212.0766302374012,3.52979488656652,2833.025805,2778.61,LONG,stop_loss,-2.1207663023740118,1.0,20.0
2025-11-21 02:00:00,2025-11-21 07:00:00,-257.10590747791485,3.5953246398383545,2781.39,2715.4416,LONG,stop_loss,-2.5710590747791486,1.0,20.0
2025-11-21 14:00:00,2025-11-21 15:00:00,206.22058449670598,3.6146284940499096,2766.53604,2703.9512999999997,SHORT,signal_reverse,2.06220584496706,1.0,20.0
2025-11-21 15:00:00,2025-11-21 17:00:00,252.4131902819423,3.698291459613197,2703.9512999999997,2777.6105000000002,LONG,signal_reverse,2.524131902819423,1.0,20.0
2025-11-21 17:00:00,2025-11-21 22:00:00,180.4248255829958,3.600216805056001,2777.6105,2721.94029,SHORT,signal_reverse,1.804248255829958,1.0,20.0
2025-11-21 22:00:00,2025-11-22 16:00:00,93.82527424949642,3.6738498771403987,2721.94029,2752.9228500000004,LONG,signal_reverse,0.9382527424949642,1.0,20.000000000000004
2025-11-22 16:00:00,2025-11-22 22:00:00,-153.09938925458658,3.6325028142361484,2752.9228500000004,2789.564085,SHORT,stop_loss,-1.530993892545866,1.0,20.0
2025-11-22 22:00:00,2025-11-23 02:00:00,-144.78274558361687,3.5883760679049788,2786.775915,2821.55007,SHORT,stop_loss,-1.4478274558361686,1.0,20.0
2025-11-23 09:00:00,2025-11-23 14:00:00,-24.06824976519781,3.553165175527603,2814.3921,2815.537065,SHORT,stop_loss,-0.2406824976519781,1.0,20.0
2025-11-23 15:00:00,2025-11-23 16:00:00,98.37364875127106,3.528031179695269,2834.44207,2800.8897449999995,SHORT,signal_reverse,0.9837364875127106,1.0,20.0
2025-11-23 16:00:00,2025-11-23 21:00:00,118.70476361789078,3.570294053113469,2800.889745,2839.73942,LONG,signal_reverse,1.1870476361789077,1.0,20.0
2025-11-23 21:00:00,2025-11-23 23:00:00,108.52763793376398,3.521449865988056,2839.73942,2803.24092,SHORT,signal_reverse,1.0852763793376399,1.0,20.0
2025-11-23 23:00:00,2025-11-24 02:00:00,105.74418683928108,3.5672995241522085,2803.24092,2838.490045,LONG,signal_reverse,1.0574418683928108,1.0,20.0
2025-11-24 02:00:00,2025-11-24 05:00:00,-122.95295927310477,3.522999849027126,2838.490045,2867.71314,SHORT,stop_loss,-1.2295295927310477,1.0,20.0
2025-11-24 05:00:00,2025-11-24 09:00:00,212.29307970758455,3.49058797509337,2864.84686,2798.29845,SHORT,signal_reverse,2.1229307970758455,1.0,20.0
2025-11-24 09:00:00,2025-11-24 14:00:00,92.83966154503531,3.573600235528844,2798.2984500000002,2829.874355,LONG,signal_reverse,0.9283966154503531,1.0,20.0
2025-11-24 14:00:00,2025-11-24 16:00:00,-125.18046480547657,3.533725793278197,2829.874355,2859.6391049999997,SHORT,stop_loss,-1.2518046480547658,1.0,20.0
2025-11-25 03:00:00,2025-11-25 08:00:00,-166.75367668003938,3.4326916137769983,2913.165855,2870.414075,LONG,stop_loss,-1.6675367668003938,1.0,20.0
2025-11-25 11:00:00,2025-11-25 12:00:00,94.95435231316816,3.4571864143332682,2892.52554,2925.77638,LONG,signal_reverse,0.9495435231316817,1.0,20.0
2025-11-25 12:00:00,2025-11-25 14:00:00,128.8014610330529,3.4178962098258516,2925.77638,2882.2404,SHORT,signal_reverse,1.288014610330529,1.0,20.0
2025-11-25 14:00:00,2025-11-25 16:00:00,134.65559361391234,3.4695232222822217,2882.2404,2926.81586,LONG,signal_reverse,1.3465559361391235,1.0,20.0
2025-11-25 16:00:00,2025-11-25 22:00:00,-171.93658271347465,3.4166823190578173,2926.81586,2971.2849,SHORT,stop_loss,-1.7193658271347465,1.0,20.0
2025-11-26 03:00:00,2025-11-26 16:00:00,37.115700254951555,3.415273392225215,2928.02328,2944.74689,LONG,signal_reverse,0.37115700254951556,1.0,20.0
2025-11-26 16:00:00,2025-11-26 17:00:00,-304.97079081727173,3.39587759951756,2944.74689,3028.663575,SHORT,stop_loss,-3.049707908172717,1.0,20.0
2025-11-27 04:00:00,2025-11-27 12:00:00,134.91244058671495,3.2894636913825033,3040.009235,2992.9157099999998,SHORT,signal_reverse,1.3491244058671497,1.0,20.0
2025-11-27 12:00:00,2025-11-27 18:00:00,125.52797078271094,3.3412233985032604,2992.91571,3036.471005,LONG,signal_reverse,1.2552797078271094,1.0,20.0
2025-11-27 18:00:00,2025-11-27 22:00:00,57.27804731664175,3.2932967196240366,3036.471005,3013.00575,SHORT,signal_reverse,0.5727804731664174,1.0,20.000000000000004
2025-11-27 22:00:00,2025-11-28 05:00:00,12.433077832660842,3.318944877552922,3013.00575,3022.7778550000003,LONG,signal_reverse,0.12433077832660842,1.0,20.0
2025-11-28 05:00:00,2025-11-28 07:00:00,43.60649350462974,3.3082153170663617,3022.777855,3003.551025,SHORT,signal_reverse,0.4360649350462974,1.0,20.000000000000004
2025-11-28 07:00:00,2025-11-28 08:00:00,181.21587579821363,3.3293924147667844,3003.551025,3063.98724,LONG,signal_reverse,1.8121587579821363,1.0,20.000000000000004
2025-11-28 08:00:00,2025-11-28 16:00:00,97.83356839305978,3.263721163538527,3063.98724,3027.8831849999997,SHORT,signal_reverse,0.9783356839305977,1.0,20.0
2025-11-28 16:00:00,2025-11-29 17:00:00,-212.27544935819347,3.3026373175621706,3027.8831849999997,2969.6644250000004,LONG,stop_loss,-2.1227544935819345,1.0,20.0
2025-11-29 17:00:00,2025-11-30 01:00:00,88.32560597341282,3.3640181407033047,2972.6355750000002,3004.83683,LONG,signal_reverse,0.8832560597341282,1.0,20.0
2025-11-30 01:00:00,2025-11-30 13:00:00,-173.91168511469385,3.3279677286170646,3004.83683,3051.0847799999997,SHORT,stop_loss,-1.7391168511469386,1.0,20.000000000000004
2025-11-30 16:00:00,2025-11-30 21:00:00,40.39351509016961,3.2864706176298735,3042.7778500000004,3024.4014449999995,SHORT,signal_reverse,0.40393515090169607,1.0,20.0
2025-11-30 21:00:00,2025-12-01 00:00:00,-643.7598858176706,3.3064393672117163,3024.401445,2835.751415,LONG,stop_loss,-6.437598858176706,1.0,20.0
2025-12-01 21:00:00,2025-12-02 10:00:00,-143.29875539488927,3.583453617926442,2790.604,2825.0117999999998,SHORT,stop_loss,-1.4329875539488925,1.0,20.0
2025-12-02 10:00:00,2025-12-02 14:00:00,-285.11194398729276,3.5433498021145438,2822.1882,2897.00778,SHORT,stop_loss,-2.8511194398729276,1.0,20.0
2025-12-03 00:00:00,2025-12-03 02:00:00,-121.05562661082719,3.329861747120486,3003.127685,3033.4759799999997,SHORT,stop_loss,-1.2105562661082718,1.0,20.0
2025-12-04 06:00:00,2025-12-04 12:00:00,60.294210719520635,3.1208190241245415,3204.287055,3178.5584849999996,SHORT,signal_reverse,0.6029421071952064,1.0,20.0
2025-12-04 12:00:00,2025-12-04 15:00:00,70.88078805635197,3.1460802269932118,3178.558485,3207.4454750000004,LONG,signal_reverse,0.7088078805635197,1.0,20.0
2025-12-04 15:00:00,2025-12-04 18:00:00,177.8966610492421,3.117745906499003,3207.445475,3143.9712,SHORT,signal_reverse,1.778966610492421,1.0,20.0
2025-12-04 18:00:00,2025-12-04 19:00:00,-99.2993905287672,3.1806907137062836,3143.9712,3119.0397000000003,LONG,stop_loss,-0.9929939052876721,1.0,20.0
2025-12-04 21:00:00,2025-12-05 01:00:00,99.40398875043869,3.199004771701097,3125.972205,3163.2975600000004,LONG,signal_reverse,0.9940398875043869,1.0,20.0
2025-12-05 01:00:00,2025-12-05 09:00:00,101.3476894661789,3.161258089169455,3163.29756,3124.911675,SHORT,signal_reverse,1.0134768946617891,1.0,20.0
2025-12-05 09:00:00,2025-12-05 16:00:00,-314.78858790464824,3.2000904473564042,3124.911675,3032.792845,LONG,stop_loss,-3.1478858790464823,1.0,20.0
2025-12-06 07:00:00,2025-12-06 11:00:00,11.619018054398571,3.3017317979488054,3028.7136,3038.2900950000003,LONG,signal_reverse,0.11619018054398571,1.0,20.0
2025-12-06 11:00:00,2025-12-06 19:00:00,-3.2331514084734705,3.2913249516419203,3038.290095,3033.19584,SHORT,signal_reverse,-0.032331514084734704,1.0,20.0
2025-12-06 19:00:00,2025-12-07 02:00:00,46.91506605785214,3.2968527347050567,3033.19584,3053.49249,LONG,signal_reverse,0.46915066057852134,1.0,20.000000000000004
2025-12-07 02:00:00,2025-12-07 07:00:00,24.943175871378298,3.2749384623506965,3053.49249,3039.769125,SHORT,signal_reverse,0.24943175871378298,1.0,20.0
2025-12-07 07:00:00,2025-12-07 12:00:00,7.785021337764398,3.2897235246443266,3039.769125,3048.21513,LONG,signal_reverse,0.07785021337764399,1.0,20.0
2025-12-07 12:00:00,2025-12-07 13:00:00,27.00765657573437,3.280608347351127,3048.2151299999996,3033.886185,SHORT,signal_reverse,0.2700765657573437,1.0,20.0
2025-12-07 13:00:00,2025-12-07 14:00:00,-321.5542259044895,3.2961025530362806,3033.886185,2942.398065,LONG,stop_loss,-3.215542259044895,1.0,20.000000000000004
2025-12-07 17:00:00,2025-12-07 22:00:00,225.7929845205995,3.2131475674987637,3112.213115,3035.7171,SHORT,signal_reverse,2.257929845205995,1.0,20.0
2025-12-07 22:00:00,2025-12-08 02:00:00,221.12149646618965,3.2941145932208244,3035.7171,3108.914765,LONG,signal_reverse,2.2112149646618966,1.0,20.0
2025-12-08 02:00:00,2025-12-08 09:00:00,-187.27671528813943,3.2165565015096194,3108.914765,3160.9196699999998,SHORT,stop_loss,-1.8727671528813943,1.0,20.0
2025-12-08 15:00:00,2025-12-08 20:00:00,81.04369758823711,3.2219909283814374,3103.6710599999997,3135.0317,LONG,signal_reverse,0.8104369758823711,1.0,19.999999999999996
2025-12-08 20:00:00,2025-12-09 01:00:00,62.67195511930651,3.189760409759174,3135.0317,3109.1137799999997,SHORT,signal_reverse,0.6267195511930651,1.0,20.0
2025-12-09 01:00:00,2025-12-09 12:00:00,67.66887263932846,3.2163506090793494,3109.11378,3136.3710300000002,LONG,signal_reverse,0.6766887263932846,1.0,19.999999999999996
2025-12-09 12:00:00,2025-12-09 15:00:00,-375.800187326688,3.188398280799067,3136.3710300000002,3247.96317,SHORT,stop_loss,-3.75800187326688,1.0,20.0
2025-12-09 15:00:00,2025-12-09 16:00:00,-400.97776008392003,3.0819330388223736,3244.7168300000003,3368.333325,SHORT,stop_loss,-4.0097776008392,1.0,20.0
2025-12-09 22:00:00,2025-12-10 17:00:00,-156.315826306936,3.0051820984457835,3327.585375,3372.94563,SHORT,stop_loss,-1.56315826306936,1.0,20.0
2025-12-10 23:00:00,2025-12-11 00:00:00,-164.2805691639049,3.0056542066369833,3327.0627,3279.05965,LONG,stop_loss,-1.6428056916390488,1.0,20.0
2025-12-11 18:00:00,2025-12-11 21:00:00,-174.10194393565726,3.1221532401890535,3202.91774,3252.275325,SHORT,stop_loss,-1.7410194393565726,1.0,20.0
2025-12-12 00:00:00,2025-12-12 02:00:00,185.8504213274638,3.1324833264647363,3192.3553800000004,3258.07015,LONG,signal_reverse,1.8585042132746379,1.0,19.999999999999996
2025-12-12 02:00:00,2025-12-12 14:00:00,54.473703397700326,3.0693016232323913,3258.07015,3233.806095,SHORT,signal_reverse,0.5447370339770032,1.0,20.0
2025-12-12 14:00:00,2025-12-12 15:00:00,-525.8187633850685,3.092331360084223,3233.806095,3070.234115,LONG,stop_loss,-5.258187633850684,1.0,20.0
2025-12-13 08:00:00,2025-12-13 16:00:00,3.6503849753582016,3.209787041270256,3115.471485,3108.103275,SHORT,signal_reverse,0.036503849753582014,1.0,20.000000000000004
2025-12-13 16:00:00,2025-12-13 21:00:00,-10.378698082354806,3.2173963073990834,3108.1032750000004,3111.093675,LONG,signal_reverse,-0.10378698082354806,1.0,20.0
2025-12-13 21:00:00,2025-12-14 04:00:00,-28.20409240811395,3.2143037287361653,3111.093675,3113.646045,SHORT,signal_reverse,-0.2820409240811395,1.0,20.0
2025-12-14 04:00:00,2025-12-14 11:00:00,-115.02957167374419,3.211668845936533,3113.646045,3084.0572,LONG,stop_loss,-1.150295716737442,1.0,20.0
2025-12-14 14:00:00,2025-12-14 23:00:00,-101.49390266457095,3.2383280896139035,3088.013235,3062.84781,LONG,stop_loss,-1.0149390266457095,1.0,20.0
2025-12-15 01:00:00,2025-12-15 09:00:00,-175.85679620125273,3.2180773564653027,3107.4455,3155.87715,SHORT,stop_loss,-1.7585679620125274,1.0,20.0
2025-12-15 14:00:00,2025-12-15 15:00:00,-154.03787034435493,3.277995781979924,3050.6445599999997,3009.7543700000006,LONG,stop_loss,-1.5403787034435492,1.0,20.0
2025-12-16 00:00:00,2025-12-16 04:00:00,-111.85412935262133,3.3969339233644504,2943.83118,2916.790875,LONG,stop_loss,-1.1185412935262131,1.0,20.0
2025-12-16 07:00:00,2025-12-16 11:00:00,86.09832411386795,3.4182284377214405,2925.4920150000003,2956.5309950000005,LONG,signal_reverse,0.8609832411386794,1.0,20.0
2025-12-16 11:00:00,2025-12-16 13:00:00,131.10883354699993,3.382342352206593,2956.530995,2911.8552,SHORT,signal_reverse,1.3110883354699991,1.0,20.0
2025-12-16 13:00:00,2025-12-16 15:00:00,151.104730757217,3.4342367024294345,2911.8552,2961.67842,LONG,signal_reverse,1.51104730757217,1.0,20.000000000000004
2025-12-16 15:00:00,2025-12-16 17:00:00,118.56612427219551,3.376463809328766,2961.6784199999997,2920.6395899999998,SHORT,signal_reverse,1.185661242721955,1.0,20.0
2025-12-16 17:00:00,2025-12-16 23:00:00,116.64607963490828,3.423907569506034,2920.6395899999998,2960.5489850000004,LONG,signal_reverse,1.1664607963490827,1.0,20.0
2025-12-16 23:00:00,2025-12-17 04:00:00,70.80371625737817,3.3777519138059455,2960.5489850000004,2933.6660999999995,SHORT,signal_reverse,0.7080371625737817,1.0,20.0
2025-12-17 04:00:00,2025-12-17 13:00:00,10.343875875991294,3.4087042148389006,2933.6661,2942.5679800000003,LONG,signal_reverse,0.10343875875991294,1.0,20.0
2025-12-17 13:00:00,2025-12-17 14:00:00,-203.44366338139838,3.398392175802851,2942.56798,2996.547525,SHORT,stop_loss,-2.034436633813984,1.0,19.999999999999996
2025-12-17 15:00:00,2025-12-17 16:00:00,-170.06752036906408,3.441615647467986,2905.61208,2862.00828,LONG,stop_loss,-1.7006752036906407,1.0,20.000000000000004
2025-12-18 05:00:00,2025-12-18 09:00:00,66.2344644641074,3.5383170071936765,2826.202395,2850.574,LONG,signal_reverse,0.6623446446410741,1.0,20.0
2025-12-18 09:00:00,2025-12-18 13:00:00,-420.0863334893244,3.508065393145381,2850.574,2964.62157,SHORT,stop_loss,-4.200863334893244,1.0,20.000000000000004
2025-12-18 17:00:00,2025-12-18 19:00:00,-253.423293977703,3.513675911815589,2846.0223,2779.5895100000002,LONG,stop_loss,-2.53423293977703,1.0,20.0
2025-12-19 03:00:00,2025-12-19 07:00:00,-178.07568456122382,3.4409831136506486,2906.1462,2952.085305,SHORT,stop_loss,-1.7807568456122382,1.0,20.000000000000004
2025-12-19 17:00:00,2025-12-19 19:00:00,123.76170996006888,3.4011414829417657,2940.18936,2982.458025,LONG,signal_reverse,1.2376170996006888,1.0,20.0
2025-12-19 19:00:00,2025-12-20 15:00:00,-4.006732165157437,3.3529390577089515,2982.458025,2977.6881,SHORT,signal_reverse,-0.04006732165157437,1.0,20.0
2025-12-20 15:00:00,2025-12-20 20:00:00,-4.484607370394683,3.3583100929879124,2977.6881,2982.3081,LONG,signal_reverse,-0.04484607370394683,1.0,20.0
2025-12-20 20:00:00,2025-12-21 01:00:00,26.388919374227175,3.353107614870509,2982.3081,2968.4734949999997,SHORT,signal_reverse,0.26388919374227177,1.0,20.0
2025-12-21 01:00:00,2025-12-21 07:00:00,4.786628590060738,3.368734811627483,2968.4734949999997,2975.83134,LONG,signal_reverse,0.04786628590060739,1.0,20.0
2025-12-21 07:00:00,2025-12-21 13:00:00,62.11614573559837,3.3604054993251062,2975.83134,2951.39496,SHORT,signal_reverse,0.6211614573559837,1.0,20.0
2025-12-21 13:00:00,2025-12-21 19:00:00,108.6158427267905,3.3882283244123994,2951.39496,2989.3545750000003,LONG,signal_reverse,1.086158427267905,1.0,20.0
2025-12-21 19:00:00,2025-12-21 21:00:00,27.56126997748267,3.345203705050613,2989.354575,2975.136825,SHORT,signal_reverse,0.2756126997748267,1.0,20.0
2025-12-21 21:00:00,2025-12-21 22:00:00,45.29160217698612,3.361189951322659,2975.136825,2994.56197,LONG,signal_reverse,0.4529160217698612,1.0,20.0
2025-12-21 22:00:00,2025-12-22 00:00:00,-116.67200174855698,3.3393865614342255,2994.5619699999997,3023.511,SHORT,stop_loss,-1.1667200174855699,1.0,20.0
2025-12-22 07:00:00,2025-12-22 12:00:00,-123.84921244639641,3.3027222285036326,3027.8053400000003,3059.2488599999997,SHORT,stop_loss,-1.238492124463964,1.0,20.0
2025-12-22 17:00:00,2025-12-22 19:00:00,-201.61389066496696,3.2963090907369037,3033.69609,2978.599955,LONG,stop_loss,-2.0161389066496693,1.0,20.0
2025-12-23 00:00:00,2025-12-23 02:00:00,92.05290454940113,3.3052535517841513,3025.4865,2991.585045,SHORT,signal_reverse,0.9205290454940113,1.0,20.0
2025-12-23 02:00:00,2025-12-23 06:00:00,-134.20198485448702,3.342709583574616,2991.5850450000003,2957.4205500000003,LONG,stop_loss,-1.3420198485448702,1.0,20.0
2025-12-23 17:00:00,2025-12-23 20:00:00,170.88984818291127,3.4344727162224675,2911.6551,2967.23564,LONG,signal_reverse,1.7088984818291126,1.0,20.0
2025-12-23 20:00:00,2025-12-24 02:00:00,85.54744819659886,3.3701401618376354,2967.23564,2935.9172249999997,SHORT,signal_reverse,0.8554744819659886,1.0,20.0
2025-12-24 02:00:00,2025-12-24 14:00:00,-100.46582444094467,3.406090578728765,2935.9172249999997,2912.293125,LONG,stop_loss,-1.0046582444094467,1.0,20.0
2025-12-24 14:00:00,2025-12-24 16:00:00,58.085041563302944,3.4302882878595025,2915.206875,2937.97028,LONG,signal_reverse,0.5808504156330294,1.0,20.0
2025-12-24 16:00:00,2025-12-25 08:00:00,0.4734371921568675,3.40371040104599,2937.97028,2931.9552449999996,SHORT,signal_reverse,0.004734371921568675,1.0,20.0
2025-12-25 08:00:00,2025-12-25 15:00:00,69.95652319379319,3.41069326247509,2931.9552449999996,2958.3300950000003,LONG,signal_reverse,0.6995652319379319,1.0,20.0
2025-12-25 15:00:00,2025-12-25 22:00:00,103.27865325657557,3.3802853903631065,2958.330095,2921.8602,SHORT,signal_reverse,1.0327865325657557,1.0,20.0
2025-12-25 22:00:00,2025-12-26 02:00:00,144.2930246970746,3.4224772287188827,2921.8602,2969.864325,LONG,signal_reverse,1.4429302469707461,1.0,20.0
2025-12-26 02:00:00,2025-12-26 14:00:00,156.22451490271425,3.367157184865676,2969.864325,2917.528035,SHORT,signal_reverse,1.5622451490271425,1.0,20.0
2025-12-26 14:00:00,2025-12-27 08:00:00,27.216615692263566,3.427559180249659,2917.5280350000003,2931.3036150000003,LONG,signal_reverse,0.2721661569226357,1.0,20.0
2025-12-27 08:00:00,2025-12-27 10:00:00,-5.805718047394127,3.4114514609910174,2931.303615,2927.1428399999995,SHORT,signal_reverse,-0.05805718047394127,1.0,20.0
2025-12-27 10:00:00,2025-12-27 21:00:00,-2.8148461658254735,3.4163006544634493,2927.14284,2932.1731800000002,LONG,signal_reverse,-0.028148461658254735,1.0,20.0
2025-12-27 21:00:00,2025-12-28 05:00:00,-29.390816404643278,3.41043976126949,2932.17318,2934.9267299999997,SHORT,signal_reverse,-0.2939081640464328,1.0,20.0
2025-12-28 05:00:00,2025-12-28 11:00:00,0.791047141404482,3.4072400846613293,2934.92673,2941.02875,LONG,signal_reverse,0.00791047141404482,1.0,19.999999999999996
2025-12-28 11:00:00,2025-12-28 18:00:00,12.518383235798886,3.4001707735771034,2941.02875,2931.4649999999997,SHORT,signal_reverse,0.12518383235798888,1.0,20.000000000000004
2025-12-28 18:00:00,2025-12-28 22:00:00,33.86601920882507,3.4112636514507253,2931.465,2947.255635,LONG,signal_reverse,0.3386601920882507,1.0,20.000000000000004
2025-12-28 22:00:00,2025-12-29 02:00:00,-209.04060895959384,3.392986981259941,2947.255635,3002.9707349999994,SHORT,stop_loss,-2.0904060895959384,1.0,20.0
2025-12-29 09:00:00,2025-12-29 12:00:00,-183.59643902667963,3.360557088689307,2975.697105,2927.0157600000002,LONG,stop_loss,-1.8359643902667964,1.0,20.0
2025-12-29 18:00:00,2025-12-30 03:00:00,78.66496547420897,3.4262314886708576,2918.6585999999998,2947.455535,LONG,signal_reverse,0.7866496547420897,1.0,20.0
2025-12-30 03:00:00,2025-12-30 08:00:00,-117.37822898149274,3.392756864778284,2947.455535,2976.157335,SHORT,stop_loss,-1.1737822898149275,1.0,20.0
2025-12-30 18:00:00,2025-12-31 01:00:00,-4.362009232977671,3.3655926737347883,2971.24488,2975.8913100000004,LONG,signal_reverse,-0.04362009232977672,1.0,20.000000000000004
2025-12-31 01:00:00,2025-12-31 08:00:00,6.372031712408568,3.3603377806160535,2975.89131,2968.04328,SHORT,signal_reverse,0.06372031712408568,1.0,20.0
2025-12-31 08:00:00,2025-12-31 10:00:00,9.371522506909248,3.369223106477073,2968.04328,2976.760875,LONG,signal_reverse,0.09371522506909247,1.0,20.0
2025-12-31 10:00:00,2025-12-31 14:00:00,-73.29514417243838,3.3593561659533706,2976.760875,2992.625565,SHORT,stop_loss,-0.7329514417243838,1.0,20.0
2025-12-31 16:00:00,2026-01-01 01:00:00,-5.399423846434881,3.361732594755976,2974.656585,2978.999755,LONG,signal_reverse,-0.053994238464348816,1.0,20.000000000000004
2026-01-01 01:00:00,2026-01-01 04:00:00,0.49026687482864945,3.356831427466835,2978.999755,2972.895705,SHORT,signal_reverse,0.004902668748286494,1.0,20.000000000000004
2026-01-01 04:00:00,2026-01-01 09:00:00,-1.2831644559829851,3.3637237872762844,2972.895705,2978.460025,LONG,signal_reverse,-0.01283164455982985,1.0,20.0
2026-01-01 09:00:00,2026-01-02 03:00:00,-163.29482229663347,3.357439722562669,2978.460025,3021.139815,SHORT,stop_loss,-1.6329482229663346,1.0,20.0
2026-01-02 08:00:00,2026-01-02 14:00:00,-200.44402962243376,3.3027113260194914,3027.815335,3082.4504549999997,SHORT,stop_loss,-2.0044402962243373,1.0,20.0
2026-01-03 05:00:00,2026-01-03 17:00:00,-42.48459569564553,3.2122984877777214,3113.03574,3106.0362050000003,LONG,signal_reverse,-0.42484595695645533,1.0,20.0
2026-01-03 17:00:00,2026-01-04 00:00:00,-188.71092782384295,3.219537487651403,3106.0362050000003,3158.43843,SHORT,stop_loss,-1.8871092782384296,1.0,20.0
2026-01-04 10:00:00,2026-01-04 15:00:00,4.841462218949631,3.1807351776349146,3143.92725,3136.117275,SHORT,signal_reverse,0.04841462218949631,1.0,20.0
2026-01-04 15:00:00,2026-01-04 20:00:00,-8.418593179044178,3.1886562660511473,3136.117275,3139.7493400000003,LONG,signal_reverse,-0.08418593179044179,1.0,20.0
2026-01-04 20:00:00,2026-01-05 01:00:00,-207.08214777425255,3.1849676254729298,3139.7493400000003,3198.4884449999995,SHORT,stop_loss,-2.0708214777425256,1.0,20.0
2026-01-05 05:00:00,2026-01-05 10:00:00,43.958737788643454,3.1742057338147696,3150.3944100000003,3170.543935,LONG,signal_reverse,0.43958737788643454,1.0,19.999999999999996
2026-01-05 10:00:00,2026-01-05 13:00:00,29.194240230581304,3.154032937253714,3170.543935,3154.946685,SHORT,signal_reverse,0.29194240230581303,1.0,20.0
2026-01-05 13:00:00,2026-01-05 15:00:00,102.71422900447708,3.1696256699184127,3154.946685,3193.6623700000005,LONG,signal_reverse,1.0271422900447709,1.0,20.0
2026-01-05 15:00:00,2026-01-05 20:00:00,-177.65231000294992,3.131201373675577,3193.66237,3244.0111949999996,SHORT,stop_loss,-1.7765231000294992,1.0,19.999999999999996
2026-01-06 06:00:00,2026-01-06 14:00:00,-144.3893500828846,3.087420577630054,3238.949715,3279.2387999999996,SHORT,stop_loss,-1.4438935008288458,1.0,19.999999999999996
2026-01-06 17:00:00,2026-01-06 21:00:00,219.36822800829998,3.1279836320749292,3196.947675,3273.4724450000003,LONG,signal_reverse,2.193682280083,1.0,20.0
2026-01-06 21:00:00,2026-01-07 09:00:00,205.2757010758963,3.0548599898173268,3273.4724450000003,3199.729065,SHORT,signal_reverse,2.052757010758963,1.0,20.0
2026-01-07 09:00:00,2026-01-07 15:00:00,-140.823948573907,3.125264607364499,3199.729065,3161.0686750000004,LONG,stop_loss,-1.40823948573907,1.0,20.000000000000004
2026-01-08 01:00:00,2026-01-08 03:00:00,75.50990208939231,3.1528302990699473,3171.75333,3141.4599449999996,SHORT,signal_reverse,0.7550990208939231,1.0,20.000000000000004
2026-01-08 03:00:00,2026-01-08 07:00:00,-79.75587888643281,3.183233329432122,3141.459945,3122.687875,LONG,stop_loss,-0.7975587888643282,1.0,20.000000000000004
2026-01-08 12:00:00,2026-01-08 17:00:00,100.45267626179124,3.232118257259935,3093.9462000000003,3131.2136100000002,LONG,signal_reverse,1.0045267626179124,1.0,20.0
2026-01-08 17:00:00,2026-01-09 08:00:00,138.6720715614187,3.193649889634965,3131.2136100000002,3081.5299949999994,SHORT,signal_reverse,1.3867207156141872,1.0,20.000000000000004
2026-01-09 08:00:00,2026-01-09 15:00:00,67.11594579172726,3.2451412175853247,3081.529995,3108.375035,LONG,signal_reverse,0.6711594579172725,1.0,20.0
2026-01-09 15:00:00,2026-01-09 19:00:00,73.60570932522748,3.217115015852648,3108.375035,3079.2788699999996,SHORT,signal_reverse,0.7360570932522749,1.0,20.0
2026-01-09 19:00:00,2026-01-10 07:00:00,8.0143675327478,3.2475135972338878,3079.2788699999996,3087.905275,LONG,signal_reverse,0.08014367532747799,1.0,20.0
2026-01-10 07:00:00,2026-01-10 20:00:00,-20.414423334277977,3.2384413087282935,3087.9052749999996,3088.0332449999996,SHORT,signal_reverse,-0.20414423334277976,1.0,20.0
2026-01-10 20:00:00,2026-01-11 01:00:00,-10.73670918332128,3.238307105725476,3088.0332449999996,3090.8937800000003,LONG,signal_reverse,-0.10736709183321279,1.0,20.0
2026-01-11 01:00:00,2026-01-11 16:00:00,-138.28023737522184,3.235310143851013,3090.89378,3127.4529449999995,SHORT,stop_loss,-1.3828023737522184,1.0,20.000000000000004
2026-01-11 22:00:00,2026-01-12 02:00:00,124.32282773637444,3.217903871383883,3107.61303,3152.4629800000002,LONG,signal_reverse,1.2432282773637444,1.0,19.999999999999996
2026-01-12 02:00:00,2026-01-12 08:00:00,101.95781598044354,3.1721228967453254,3152.46298,3114.0162299999997,SHORT,signal_reverse,1.0195781598044356,1.0,20.0
2026-01-12 08:00:00,2026-01-12 14:00:00,-62.605365611725716,3.2112870522836037,3114.01623,3100.7488500000004,LONG,stop_loss,-0.6260536561172572,1.0,20.000000000000004
2026-01-12 15:00:00,2026-01-12 17:00:00,49.52584262844807,3.1988370052276833,3126.13615,3104.4014249999996,SHORT,signal_reverse,0.4952584262844807,1.0,20.0
2026-01-12 17:00:00,2026-01-13 03:00:00,3.328088119273784,3.221232898383945,3104.401425,3111.6434,LONG,signal_reverse,0.03328088119273784,1.0,20.0
2026-01-13 03:00:00,2026-01-13 13:00:00,-117.07648376417453,3.213735867034121,3111.6434,3141.85014,SHORT,stop_loss,-1.1707648376417452,1.0,20.0
2026-01-14 11:00:00,2026-01-14 14:00:00,164.54577555710975,3.0426465078069587,3286.6124849999997,3347.26553,LONG,signal_reverse,1.6454577555710976,1.0,20.0
2026-01-14 14:00:00,2026-01-14 16:00:00,-95.46425514679683,2.987513213509536,3347.26553,3372.52542,SHORT,stop_loss,-0.9546425514679683,1.0,20.000000000000004
2026-01-14 19:00:00,2026-01-15 00:00:00,76.49042014170382,2.9707563924695206,3366.146085,3333.6659999999997,SHORT,signal_reverse,0.7649042014170383,1.0,20.0
2026-01-15 00:00:00,2026-01-15 03:00:00,-165.8134978129188,2.9997006298771383,3333.666,3285.05665,LONG,stop_loss,-1.658134978129188,1.0,20.0
2026-01-15 08:00:00,2026-01-15 15:00:00,-11.046886943621864,2.998202727375075,3335.3315,3332.34534,SHORT,signal_reverse,-0.11046886943621864,1.0,19.999999999999996
2026-01-15 15:00:00,2026-01-15 18:00:00,-156.2092921617778,3.000889457633464,3332.34534,3286.9557,LONG,stop_loss,-1.562092921617778,1.0,20.0
2026-01-16 02:00:00,2026-01-16 15:00:00,-150.80866935819802,3.0256346410864507,3305.09172,3261.858255,LONG,stop_loss,-1.50808669358198,1.0,20.0
2026-01-16 18:00:00,2026-01-16 23:00:00,23.85971833457508,3.049330031927385,3279.408885,3293.79228,LONG,signal_reverse,0.2385971833457508,1.0,20.0
2026-01-16 23:00:00,2026-01-17 22:00:00,-48.53394871640049,3.0360141593385483,3293.79228,3303.1907699999997,SHORT,signal_reverse,-0.4853394871640049,1.0,20.0
2026-01-17 22:00:00,2026-01-18 03:00:00,12.36706791839336,3.027375860583432,3303.19077,3313.88223,LONG,signal_reverse,0.1236706791839336,1.0,20.0
2026-01-18 03:00:00,2026-01-18 18:00:00,-168.55230688146582,3.017608745860591,3313.88223,3363.110715,SHORT,stop_loss,-1.6855230688146583,1.0,20.0
2026-01-18 22:00:00,2026-01-18 23:00:00,169.67639799578467,2.986407447137356,3348.5049099999997,3284.9916749999998,SHORT,signal_reverse,1.6967639799578467,1.0,20.0
2026-01-18 23:00:00,2026-01-19 00:00:00,-248.30339440662257,3.044147745062398,3284.9916749999998,3209.9942,LONG,stop_loss,-2.4830339440662255,1.0,20.0
2026-01-19 14:00:00,2026-01-19 23:00:00,-103.80403987007197,3.11192416146216,3213.44592,3186.515945,LONG,stop_loss,-1.0380403987007198,1.0,20.0
2026-01-21 05:00:00,2026-01-21 08:00:00,61.58206936368457,3.345807792921345,2988.814845,2964.431475,SHORT,signal_reverse,0.6158206936368457,1.0,20.0
2026-01-21 08:00:00,2026-01-21 12:00:00,-144.66452779111617,3.373328101638781,2964.431475,2927.47553,LONG,stop_loss,-1.4466452779111618,1.0,20.0
2026-01-21 14:00:00,2026-01-21 15:00:00,-104.54301681499061,3.358916317933898,2977.1506799999997,3002.32041,SHORT,stop_loss,-1.045430168149906,1.0,20.0
2026-01-21 16:00:00,2026-01-21 19:00:00,536.2648700390739,3.458538209571316,2891.3949749999997,3052.2331200000003,LONG,signal_reverse,5.362648700390739,1.0,20.0
2026-01-21 19:00:00,2026-01-22 11:00:00,197.02428155291273,3.276289721933166,3052.2331200000003,2985.99225,SHORT,signal_reverse,1.9702428155291274,1.0,20.0
2026-01-22 11:00:00,2026-01-22 14:00:00,-182.16307996110663,3.3489705139053867,2985.99225,2937.5704800000003,LONG,stop_loss,-1.8216307996110663,1.0,20.000000000000004
2026-01-22 18:00:00,2026-01-23 01:00:00,68.92940592328007,3.402333976270684,2939.158845,2965.2966100000003,LONG,signal_reverse,0.6892940592328007,1.0,20.0
2026-01-23 01:00:00,2026-01-23 06:00:00,71.35086152477844,3.372343922114422,2965.2966100000003,2938.20837,SHORT,signal_reverse,0.7135086152477844,1.0,20.0
2026-01-23 06:00:00,2026-01-23 14:00:00,-110.44598494557992,3.4034345903112384,2938.20837,2911.633455,LONG,stop_loss,-1.1044598494557993,1.0,20.000000000000004
2026-01-23 15:00:00,2026-01-23 17:00:00,-147.00210845822045,3.391491781863447,2948.554985,2986.002255,SHORT,stop_loss,-1.4700210845822046,1.0,20.0
2026-01-23 20:00:00,2026-01-24 04:00:00,46.2466660267269,3.4023108130995317,2939.178855,2958.6499350000004,LONG,signal_reverse,0.462466660267269,1.0,20.0
2026-01-24 04:00:00,2026-01-24 13:00:00,18.994525386458353,3.379919970153549,2958.649935,2947.11282,SHORT,signal_reverse,0.18994525386458355,1.0,20.0
2026-01-24 13:00:00,2026-01-24 17:00:00,20.062870752264907,3.393151403006011,2947.11282,2958.9198,LONG,signal_reverse,0.20062870752264905,1.0,20.0
2026-01-24 17:00:00,2026-01-24 19:00:00,3.9432647008549746,3.379611708299765,2958.9198,2951.83518,SHORT,signal_reverse,0.039432647008549745,1.0,20.0
2026-01-24 19:00:00,2026-01-24 22:00:00,0.9194437475337149,3.387723023207549,2951.83518,2958.010255,LONG,signal_reverse,0.00919443747533715,1.0,20.0
2026-01-24 22:00:00,2026-01-24 23:00:00,3.5816457641041346,3.3806508895960543,2958.0102549999997,2951.03478,SHORT,signal_reverse,0.03581645764104134,1.0,20.0
2026-01-24 23:00:00,2026-01-25 16:00:00,-219.1898922994054,3.3886418648037755,2951.03478,2892.25315,LONG,stop_loss,-2.1918989229940538,1.0,20.0
2026-01-26 01:00:00,2026-01-26 08:00:00,-134.03836884273323,3.47415221027926,2878.4000800000003,2911.2248849999996,SHORT,stop_loss,-1.3403836884273324,1.0,20.0
2026-01-26 12:00:00,2026-01-26 15:00:00,-19.13401531347715,3.449382352561136,2899.06974,2898.8186849999997,SHORT,stop_loss,-0.19134015313477148,1.0,20.0
2026-01-26 18:00:00,2026-01-27 08:00:00,3.101452939893841,3.4148514433334904,2928.3850749999997,2921.6200799999997,SHORT,signal_reverse,0.031014529398938413,1.0,20.0
2026-01-27 08:00:00,2026-01-27 15:00:00,20.020706593722196,3.422758512804307,2921.6200799999997,2933.3126100000004,LONG,signal_reverse,0.20020706593722196,1.0,20.0
2026-01-27 15:00:00,2026-01-27 16:00:00,-212.92725503266226,3.4091149937135405,2933.3126100000004,2989.904205,SHORT,stop_loss,-2.1292725503266228,1.0,20.0
2026-01-27 18:00:00,2026-01-27 20:00:00,-174.20764382285347,3.36282258594459,2973.6924099999997,3019.54902,SHORT,stop_loss,-1.7420764382285348,1.0,20.0
2026-01-28 06:00:00,2026-01-28 08:00:00,48.61630476491749,3.3227068185216786,3009.59445,2988.9437249999996,SHORT,signal_reverse,0.48616304764917484,1.0,20.000000000000004
2026-01-28 08:00:00,2026-01-28 09:00:00,59.42330864727301,3.3456635253311773,2988.9437249999996,3012.682905,LONG,signal_reverse,0.5942330864727301,1.0,20.0
2026-01-28 09:00:00,2026-01-28 15:00:00,1.8762153463349522,3.31930054218567,3012.682905,3006.092295,SHORT,signal_reverse,0.018762153463349522,1.0,20.0
2026-01-28 15:00:00,2026-01-29 02:00:00,-191.45285288055138,3.326577835495234,3006.092295,2954.5519850000005,LONG,stop_loss,-1.9145285288055136,1.0,20.0
2026-01-30 00:00:00,2026-01-30 01:00:00,-234.9884114629306,3.568127295453227,2802.590595,2742.338145,LONG,stop_loss,-2.349884114629306,1.0,20.0
2026-01-30 13:00:00,2026-01-30 18:00:00,7.268284068127433,3.6658729135340637,2727.86325,2735.3016650000004,LONG,stop_loss,0.07268284068127433,1.0,20.0
2026-01-30 20:00:00,2026-01-31 08:00:00,-167.45981159901189,3.7332675322531164,2678.61864,2639.11978,LONG,stop_loss,-1.6745981159901189,1.0,20.0
2026-02-01 05:00:00,2026-02-01 07:00:00,-109.66824873718544,4.115286669583376,2429.964375,2408.17531,LONG,stop_loss,-1.0966824873718544,1.0,19.999999999999996
2026-02-01 10:00:00,2026-02-01 14:00:00,-62.6590910576381,4.200569251063538,2380.62972,2370.47417,LONG,stop_loss,-0.626590910576381,1.0,20.0
2026-02-01 19:00:00,2026-02-01 21:00:00,-160.1415157202699,4.31021579050098,2320.069455,2287.55565,LONG,stop_loss,-1.601415157202699,1.0,20.000000000000004
2026-02-01 23:00:00,2026-02-02 03:00:00,-168.47049367347188,4.405238904817168,2270.024445,2236.32128,LONG,stop_loss,-1.6847049367347187,1.0,19.999999999999996
2026-02-02 09:00:00,2026-02-02 13:00:00,-190.0423333402318,4.369225680494448,2288.73506,2327.6532449999995,SHORT,stop_loss,-1.900423333402318,1.0,20.0
2026-02-02 22:00:00,2026-02-03 02:00:00,194.2381940821475,4.2578102397015165,2348.6251,2298.30858,SHORT,signal_reverse,1.9423819408214749,1.0,19.999999999999996
2026-02-03 02:00:00,2026-02-03 09:00:00,-57.2188054921667,4.351025831352898,2298.30858,2289.75455,LONG,stop_loss,-0.572188054921667,1.0,19.999999999999996
2026-02-03 14:00:00,2026-02-03 17:00:00,-303.5062813717332,4.431548225497079,2256.5477100000003,2192.5731650000002,LONG,stop_loss,-3.035062813717332,1.0,19.999999999999996
2026-02-03 20:00:00,2026-02-03 21:00:00,39.82808792559767,4.3542227904666815,2296.621115,2282.8808699999995,SHORT,stop_loss,0.3982808792559767,1.0,20.000000000000004
2026-02-04 03:00:00,2026-02-04 11:00:00,96.45841332028273,4.3858506493295755,2280.0593999999996,2253.50619,SHORT,signal_reverse,0.9645841332028273,1.0,20.0
2026-02-04 11:00:00,2026-02-04 13:00:00,-280.50134790177714,4.437529412776985,2253.50619,2194.8020500000002,LONG,stop_loss,-2.8050134790177714,1.0,20.0
2026-02-04 21:00:00,2026-02-04 22:00:00,-73.4708815792851,4.702446258862956,2126.552745,2115.18188,LONG,stop_loss,-0.7347088157928511,1.0,20.0
2026-02-05 02:00:00,2026-02-05 04:00:00,-123.46917430225021,4.713756666816305,2121.450195,2099.499725,LONG,stop_loss,-1.2346917430225022,1.0,20.0
2026-02-05 09:00:00,2026-02-05 10:00:00,138.81671713950902,4.6962802940516735,2129.344795,2095.52724,SHORT,signal_reverse,1.3881671713950903,1.0,20.0
2026-02-05 10:00:00,2026-02-05 11:00:00,-115.18153531614274,4.772068722905268,2095.52724,2075.58169,LONG,stop_loss,-1.1518153531614275,1.0,20.0
2026-02-06 05:00:00,2026-02-06 08:00:00,400.0256718536611,5.113202075561213,1955.72165,1873.57632,SHORT,signal_reverse,4.000256718536611,1.0,20.0
2026-02-06 08:00:00,2026-02-06 13:00:00,374.9633874535734,5.337385989165362,1873.5763200000001,1947.5757250000001,LONG,signal_reverse,3.7496338745357334,1.0,20.0
2026-02-06 13:00:00,2026-02-06 14:00:00,-180.6264115866397,5.13458854083838,1947.575725,1978.8589349999997,SHORT,stop_loss,-1.8062641158663972,1.0,20.0
2026-02-07 01:00:00,2026-02-07 04:00:00,-153.56372509398764,4.85444080604106,2059.9695,2087.48322,SHORT,stop_loss,-1.5356372509398764,1.0,20.0
2026-02-07 06:00:00,2026-02-07 07:00:00,-131.55088676162345,4.882589505366512,2048.093535,2025.2468700000002,LONG,stop_loss,-1.3155088676162343,1.0,20.0
2026-02-07 14:00:00,2026-02-07 15:00:00,129.38549160927417,4.950643409504353,2019.9394650000002,2050.11443,LONG,signal_reverse,1.2938549160927417,1.0,20.0
2026-02-07 15:00:00,2026-02-07 16:00:00,-19.463737250996868,4.877776505382677,2050.11443,2050.00449,SHORT,stop_loss,-0.19463737250996868,1.0,19.999999999999996
2026-02-08 01:00:00,2026-02-08 11:00:00,-202.18849737295514,4.775178860949798,2094.162395,2132.3156249999997,SHORT,stop_loss,-2.0218849737295512,1.0,20.0
2026-02-08 11:00:00,2026-02-08 16:00:00,211.03356957070932,4.694429326100001,2130.184375,2080.969965,SHORT,signal_reverse,2.1103356957070933,1.0,20.0
2026-02-08 16:00:00,2026-02-08 19:00:00,191.1373577657571,4.805451384782481,2080.969965,2124.907015,LONG,signal_reverse,1.9113735776575709,1.0,20.0
2026-02-08 19:00:00,2026-02-08 23:00:00,144.30149532919805,4.706088280291174,2124.907015,2089.9944749999995,SHORT,signal_reverse,1.4430149532919803,1.0,20.0
2026-02-08 23:00:00,2026-02-09 01:00:00,-120.0458864849381,4.7847016437687,2089.994475,2069.08494,LONG,stop_loss,-1.2004588648493808,1.0,20.0
2026-02-09 07:00:00,2026-02-09 08:00:00,-106.49726402456055,4.84127335810913,2065.57227,2047.705635,LONG,stop_loss,-1.0649726402456055,1.0,20.0
2026-02-09 15:00:00,2026-02-09 16:00:00,-173.05781232862503,4.85505328243768,2059.70963,2091.235095,SHORT,stop_loss,-1.7305781232862503,1.0,19.999999999999996
2026-02-10 01:00:00,2026-02-10 03:00:00,218.82385149823546,4.727323735955352,2115.36179,2064.8419049999998,SHORT,signal_reverse,2.1882385149823547,1.0,20.0
2026-02-10 03:00:00,2026-02-10 06:00:00,-300.7761691566398,4.842985787815073,2064.8419049999998,2006.866065,LONG,stop_loss,-3.007761691566398,1.0,20.0
2026-02-10 14:00:00,2026-02-10 17:00:00,123.14339502043812,4.976128776281185,2009.5942949999999,2038.3603100000003,LONG,signal_reverse,1.2314339502043812,1.0,20.0
2026-02-10 17:00:00,2026-02-10 18:00:00,120.53430524262998,4.9059040008486035,2038.36031,2009.7143549999998,SHORT,signal_reverse,1.2053430524262998,1.0,20.0
2026-02-10 18:00:00,2026-02-11 04:00:00,-221.36926374295618,4.975831503178968,2009.714355,1969.244885,LONG,stop_loss,-2.2136926374295616,1.0,20.0
2026-02-11 14:00:00,2026-02-11 15:00:00,-102.29095598172734,5.144531973168466,1943.81142,1927.81561,LONG,stop_loss,-1.0229095598172735,1.0,19.999999999999996
2026-02-11 20:00:00,2026-02-11 21:00:00,-112.82719511635909,5.12257439443077,1952.1434399999998,1970.2646399999999,SHORT,stop_loss,-1.1282719511635908,1.0,20.0
2026-02-12 01:00:00,2026-02-12 10:00:00,-176.02935461062532,5.09251138943355,1963.6676750000001,1994.3066549999999,SHORT,stop_loss,-1.7602935461062532,1.0,20.0
2026-02-12 13:00:00,2026-02-12 15:00:00,202.83250110441568,5.016623044495567,1993.372815,1948.95399,SHORT,signal_reverse,2.028325011044157,1.0,19.999999999999996
2026-02-12 15:00:00,2026-02-12 16:00:00,-233.89986738475983,5.130957452720574,1948.95399,1907.2658900000001,LONG,stop_loss,-2.3389986738475983,1.0,20.0
2026-02-12 23:00:00,2026-02-13 13:00:00,-148.8674148862459,5.140762045848406,1945.236895,1970.3046599999998,SHORT,stop_loss,-1.4886741488624593,1.0,20.0
