entry_ts,exit_ts,pnl,size,price_entry,price_exit,side,exit_reason,return_pct,leverage_used,fees_paid
2019-05-09 21:00:00,2019-05-09 21:30:00,-161.18670236865856,162046.08461009446,0.061710839999999996,0.060839565000000005,LONG,stop_loss,-1.6118670236865855,1.0,20.000000000000004
2019-05-10 05:30:00,2019-05-10 16:30:00,-247.85541489685002,157948.8384758316,0.06331164,0.06186905,LONG,stop_loss,-2.4785541489685,1.0,20.0
2019-05-11 10:00:00,2019-05-11 11:30:00,-411.0284802120433,138626.94173024446,0.07213605,0.069315325,LONG,stop_loss,-4.110284802120432,1.0,20.0
2019-05-11 11:30:00,2019-05-11 17:30:00,1234.7814052598821,144124.04468277757,0.06938467499999999,0.07809093500000001,LONG,take_profit,12.347814052598823,1.0,19.999999999999996
2019-05-11 17:30:00,2019-05-11 18:00:00,-430.208949026064,127927.84460195346,0.07816906500000001,0.0749625,LONG,stop_loss,-4.30208949026064,1.0,20.0
2019-05-11 18:00:00,2019-05-12 00:30:00,-295.06313509911445,133266.69998334168,0.0750375,0.07297349500000001,LONG,stop_loss,-2.9506313509911446,1.0,20.0
2019-05-12 01:00:00,2019-05-12 11:30:00,-539.7029310490217,135268.67639397248,0.073926945,0.07008494000000001,LONG,stop_loss,-5.397029310490217,1.0,20.0
2019-05-13 17:00:00,2019-05-13 21:30:00,-199.29470323755075,132331.5569806782,0.075567765,0.074212875,LONG,stop_loss,-1.9929470323755076,1.0,20.0
2019-05-14 07:30:00,2019-05-14 08:30:00,-532.7933105827772,124517.28539617074,0.08031013499999999,0.07619188500000001,LONG,stop_loss,-5.327933105827771,1.0,20.0
2019-05-16 14:00:00,2019-05-17 01:30:00,-640.1893540550567,110198.48399945562,0.09074535,0.08511742,LONG,stop_loss,-6.401893540550567,1.0,20.0
2019-05-19 05:00:00,2019-05-20 00:30:00,-146.4999494598315,117740.63492461569,0.084932445,0.08385805,LONG,stop_loss,-1.4649994945983151,1.0,20.0
2019-05-20 20:00:00,2019-05-21 04:30:00,-310.36268620034684,117367.33793741926,0.08520258,0.082728615,LONG,stop_loss,-3.1036268620034684,1.0,20.0
2019-05-23 10:30:00,2019-05-24 08:00:00,705.1161308839052,129485.71704560987,0.077228595,0.082828565,LONG,take_profit,7.051161308839052,1.0,20.0
2019-05-24 16:30:00,2019-05-24 23:00:00,-317.6780139699275,121445.9598876139,0.08234115,0.07989003500000001,LONG,stop_loss,-3.1767801396992748,1.0,20.0
2019-05-26 21:30:00,2019-05-27 15:00:00,383.84690783513685,115656.12703946569,0.08646321,0.08995500000000001,LONG,take_profit,3.8384690783513684,1.0,20.0
2019-05-27 15:00:00,2019-05-27 16:30:00,-407.3951912932422,111055.58331945138,0.090045,0.0865567,LONG,stop_loss,-4.073951912932422,1.0,20.0
2019-05-27 17:00:00,2019-05-28 10:30:00,93.31046061161412,113180.86851716254,0.088354155,0.0893553,LONG,stop_loss,0.9331046061161412,1.0,20.0
2019-05-30 11:30:00,2019-05-30 16:00:00,-262.70900170931856,104408.25758644757,0.09577786499999999,0.09345325,LONG,stop_loss,-2.6270900170931855,1.0,20.0
2019-06-02 12:00:00,2019-06-02 13:00:00,-294.5003783021794,103779.4880983348,0.096358155,0.09371312,LONG,stop_loss,-2.9450037830217943,1.0,20.0
2019-06-04 13:00:00,2019-06-04 17:00:00,-393.1631010807337,115349.13443451384,0.086693325,0.08345825000000001,LONG,stop_loss,-3.931631010807337,1.0,20.0
2019-06-05 00:30:00,2019-06-05 14:30:00,-344.36578913340503,120508.83167049222,0.08298147,0.080289835,LONG,stop_loss,-3.44365789133405,1.0,20.0
2019-06-07 10:00:00,2019-06-07 11:30:00,-164.12816942375144,116695.88439872299,0.085692825,0.08445775000000001,LONG,stop_loss,-1.6412816942375144,1.0,20.0
2019-06-07 11:30:00,2019-06-08 15:30:00,-177.77614151503946,118284.05323965236,0.08454225,0.08320837500000001,LONG,stop_loss,-1.7777614151503944,1.0,20.0
2019-06-08 22:30:00,2019-06-09 00:30:00,-142.06809830554445,119286.34083721953,0.083831895,0.082808575,LONG,stop_loss,-1.4206809830554445,1.0,20.0
2019-06-10 03:00:00,2019-06-10 11:30:00,360.9616821996611,124968.77342773974,0.08001999,0.083068445,LONG,take_profit,3.6096168219966107,1.0,20.0
2019-06-11 21:00:00,2019-06-12 00:30:00,-282.4336556933995,113257.81868272662,0.088294125,0.08597699,LONG,stop_loss,-2.824336556933995,1.0,20.0
2019-06-12 07:00:00,2019-06-12 09:30:00,336.99839048526565,111265.75196204636,0.089874915,0.093083435,LONG,take_profit,3.3699839048526568,1.0,20.0
2019-06-12 09:30:00,2019-06-12 14:00:00,-183.39033318088073,107323.1235772643,0.093176565,0.09165415,LONG,stop_loss,-1.8339033318088074,1.0,20.0
2019-06-12 14:00:00,2019-06-12 23:30:00,511.44801644979094,108996.75571156625,0.09174585,0.09662166500000001,LONG,take_profit,5.11448016449791,1.0,20.0
2019-06-19 01:30:00,2019-06-19 14:00:00,-146.54506080293044,111055.58331945138,0.090045,0.08890552500000001,LONG,stop_loss,-1.4654506080293042,1.0,20.0
2019-06-26 13:30:00,2019-06-26 15:30:00,514.6967019785495,99810.29058069327,0.10019007,0.10554720000000001,LONG,take_profit,5.146967019785495,1.0,20.0
2019-06-26 15:30:00,2019-06-26 16:00:00,-232.44396741023508,94649.64487453243,0.1056528,0.10340827,LONG,stop_loss,-2.3244396741023508,1.0,20.0
2019-06-26 16:00:00,2019-06-26 20:30:00,-549.4829870972106,96607.4086482759,0.10351173,0.09803096,LONG,stop_loss,-5.494829870972106,1.0,20.0
2019-06-28 06:00:00,2019-06-29 04:00:00,-209.42826230924538,116573.39046828348,0.08578287,0.08415790000000001,LONG,stop_loss,-2.094282623092454,1.0,20.0
2019-07-01 02:00:00,2019-07-01 12:00:00,-329.2102581359974,118326.06249260831,0.084512235,0.08189903,LONG,stop_loss,-3.2921025813599734,1.0,20.0
2019-07-02 15:00:00,2019-07-04 04:00:00,-24.988108627055297,125234.96427453481,0.07984990500000001,0.07981007500000001,LONG,stop_loss,-0.24988108627055297,1.0,20.0
2019-07-05 09:00:00,2019-07-05 17:00:00,-197.26711090616217,128735.22023120332,0.07767882,0.07630183000000001,LONG,stop_loss,-1.9726711090616216,1.0,20.0
2019-07-07 22:00:00,2019-07-08 09:00:00,279.6177492358575,124906.30465821827,0.08006000999999999,0.08245875000000001,LONG,take_profit,2.796177492358575,1.0,20.0
2019-07-08 09:00:00,2019-07-08 10:00:00,-146.24233337876572,121151.5454394015,0.08254125000000001,0.08149923,LONG,stop_loss,-1.462423333787657,1.0,20.0
2019-07-08 10:00:00,2019-07-08 11:00:00,-145.16062302427216,122577.9065336108,0.08158077,0.08055970000000001,LONG,stop_loss,-1.4516062302427215,1.0,20.0
2019-07-08 13:30:00,2019-07-08 15:00:00,-142.46443894222477,123654.6146078266,0.080870415,0.07988004000000001,LONG,stop_loss,-1.4246443894222476,1.0,20.0
2019-07-10 00:00:00,2019-07-10 02:00:00,-153.75368509870142,127650.09576948435,0.07833915,0.077291335,LONG,stop_loss,-1.5375368509870142,1.0,20.0
2019-07-11 17:30:00,2019-07-11 20:00:00,-468.7350348369427,150845.1931595325,0.06629313,0.06331832500000001,LONG,stop_loss,-4.687350348369427,1.0,20.0
2019-07-14 20:30:00,2019-07-14 23:00:00,-308.5624495444579,160176.3220953626,0.0624312,0.060629670000000004,LONG,stop_loss,-3.085624495444579,1.0,20.0
2019-07-15 10:30:00,2019-07-15 12:30:00,-324.0701111022432,171059.43006590148,0.058459215,0.05668164500000001,LONG,stop_loss,-3.2407011110224317,1.0,20.0
2019-07-16 15:30:00,2019-07-16 16:00:00,-547.3160094701517,173103.61099325638,0.05776887,0.054722625000000004,LONG,stop_loss,-5.473160094701517,1.0,19.999999999999996
2019-07-20 02:30:00,2019-07-20 16:00:00,426.0208760960264,162944.28592681166,0.061370669999999995,0.06410793000000001,LONG,take_profit,4.260208760960264,1.0,20.000000000000004
2019-07-20 16:00:00,2019-07-20 23:30:00,-229.35899371798317,155831.03365685415,0.06417207,0.06282857,LONG,stop_loss,-2.293589937179832,1.0,20.0
2019-07-21 00:00:00,2019-07-21 03:00:00,-324.51351653512666,157575.31922986952,0.063461715,0.06152922,LONG,stop_loss,-3.2451351653512663,1.0,20.0
2019-07-21 08:30:00,2019-07-21 10:30:00,-163.8964577069999,159486.23741424325,0.062701335,0.061799085000000004,LONG,stop_loss,-1.6389645770699992,1.0,20.0
2019-07-21 21:30:00,2019-07-22 10:30:00,-193.68507291495936,163771.95639440644,0.061060515,0.059999985000000006,LONG,stop_loss,-1.9368507291495936,1.0,20.000000000000004
2019-07-23 18:00:00,2019-07-23 23:00:00,-410.55007198088055,173856.36630284615,0.057518744999999996,0.055272350000000005,LONG,stop_loss,-4.105500719808806,1.0,20.0
2019-07-24 05:30:00,2019-07-24 14:00:00,320.62612322348616,179895.65332524525,0.055587779999999996,0.057481245,LONG,take_profit,3.2062612322348616,1.0,20.0
2019-07-25 04:00:00,2019-07-25 20:00:00,-198.31859133617692,168407.79273379318,0.059379675,0.058320825,LONG,stop_loss,-1.9831859133617693,1.0,20.0
2019-07-26 10:30:00,2019-07-26 12:00:00,-70.62459822634489,162599.682751759,0.061500734999999994,0.06118939,LONG,stop_loss,-0.7062459822634489,1.0,20.0
2019-07-26 12:00:00,2019-07-27 10:00:00,-392.2591497456099,163263.68014947118,0.06125061,0.0589705,LONG,stop_loss,-3.9225914974560987,1.0,20.0
2019-07-27 20:00:00,2019-07-28 03:30:00,-196.7758616475899,168549.7891863512,0.05932965,0.058280845000000005,LONG,stop_loss,-1.967758616475899,1.0,20.000000000000004
2019-07-31 23:00:00,2019-08-01 00:30:00,-98.0897996554495,166167.95509144847,0.060180075,0.05971013000000001,LONG,stop_loss,-0.980897996554495,1.0,20.0
2019-08-02 19:30:00,2019-08-03 00:00:00,-140.91802814761726,173403.9295411281,0.057668819999999996,0.05697150000000001,LONG,stop_loss,-1.4091802814761727,1.0,19.999999999999996
2019-08-03 01:00:00,2019-08-03 02:00:00,56.51352709513039,173103.61099325638,0.05776887,0.058210880000000007,LONG,stop_loss,0.565135270951304,1.0,19.999999999999996
2019-08-03 02:00:00,2019-08-03 03:00:00,-139.77527719656615,171617.48795931705,0.05826912,0.0575712,LONG,stop_loss,-1.3977527719656615,1.0,20.0
2019-08-06 07:30:00,2019-08-06 10:30:00,-243.57073734645195,178068.8134464747,0.056158065,0.054902535,LONG,stop_loss,-2.4357073734645196,1.0,20.0
2019-08-07 02:30:00,2019-08-07 05:30:00,-150.26733530808335,185126.92162901693,0.054016995000000005,0.05331333,LONG,stop_loss,-1.5026733530808334,1.0,20.0
2019-08-08 13:30:00,2019-08-08 19:30:00,-176.65475174710014,190562.48806006912,0.052476224999999994,0.05165416,LONG,stop_loss,-1.7665475174710015,1.0,20.0
2019-08-10 07:00:00,2019-08-10 11:00:00,-206.59613543971165,200783.49736341153,0.04980489,0.048875550000000004,LONG,stop_loss,-2.0659613543971163,1.0,20.0
2019-08-10 20:30:00,2019-08-11 17:00:00,388.5540547189742,190344.7438345196,0.052536255000000004,0.054682645,LONG,take_profit,3.885540547189742,1.0,20.000000000000004
2019-08-11 19:30:00,2019-08-11 22:00:00,-176.29592544172664,180708.77777527797,0.055337655,0.05447275,LONG,stop_loss,-1.7629592544172665,1.0,20.0
2019-08-11 22:00:00,2019-08-12 00:00:00,-193.13453365060573,183394.54126147935,0.05452725,0.053583195,LONG,stop_loss,-1.9313453365060573,1.0,20.0
2019-08-13 16:00:00,2019-08-14 16:00:00,-229.4078929527489,193701.5988129966,0.0516258,0.050544715,LONG,stop_loss,-2.294078929527489,1.0,20.0
2019-08-15 16:00:00,2019-08-16 03:00:00,-456.1288571935921,210023.16660539238,0.047613795,0.04553722,LONG,stop_loss,-4.561288571935921,1.0,19.999999999999996
2019-08-16 14:30:00,2019-08-18 10:00:00,643.586770537673,218804.7832476056,0.04570284,0.04873562,LONG,take_profit,6.4358677053767295,1.0,20.0
2019-08-18 13:30:00,2019-08-18 14:30:00,-146.6254956257782,201187.65094103513,0.04970484,0.04907545,LONG,stop_loss,-1.466254956257782,1.0,20.0
2019-08-18 14:30:00,2019-08-18 16:30:00,171.43279683987177,203564.20567720215,0.049124549999999996,0.05006495500000001,LONG,take_profit,1.7143279683987176,1.0,20.0
2019-08-18 16:30:00,2019-08-19 11:00:00,53.77026200415475,199540.876397497,0.050115045000000004,0.050484745000000004,LONG,take_profit,0.5377026200415475,1.0,20.0
2019-08-19 11:00:00,2019-08-19 15:00:00,-196.1324841439894,197881.65707286922,0.050535255,0.049645165000000005,LONG,stop_loss,-1.9613248414398938,1.0,20.0
2019-08-21 18:00:00,2019-08-21 23:00:00,-112.59203342996558,211893.20540069166,0.047193584999999996,0.046756610000000004,LONG,stop_loss,-1.125920334299656,1.0,20.0
2019-08-21 23:30:00,2019-08-22 00:00:00,186.11963371442639,211983.0858695785,0.047173574999999995,0.048145915,LONG,take_profit,1.861196337144264,1.0,20.0
2019-08-22 00:00:00,2019-08-22 01:00:00,-131.61639441852557,207494.34292610807,0.048194085,0.04765616,LONG,stop_loss,-1.3161639441852557,1.0,20.0
2019-08-22 15:00:00,2019-08-24 09:00:00,-302.48611354170407,200461.34173186173,0.04988493,0.048475750000000005,LONG,stop_loss,-3.024861135417041,1.0,20.000000000000004
2019-08-25 02:30:00,2019-08-25 03:30:00,282.131691428257,195176.77209042426,0.051235605,0.052783595,LONG,take_profit,2.82131691428257,1.0,20.000000000000004
2019-08-25 03:30:00,2019-08-25 04:00:00,-213.4887507959719,189263.44439974672,0.052836405,0.05181408,LONG,stop_loss,-2.134887507959719,1.0,20.0
2019-08-25 04:00:00,2019-08-25 08:00:00,-184.16174628734788,192804.83215182537,0.051865919999999996,0.05101448000000001,LONG,stop_loss,-1.8416174628734787,1.0,20.000000000000004
2019-08-25 08:00:00,2019-08-25 15:30:00,-194.40731045135772,195826.85146454984,0.05106552,0.0501749,LONG,stop_loss,-1.9440731045135773,1.0,20.0
2019-08-29 17:30:00,2019-08-31 20:30:00,-245.17123758066944,224254.03856294876,0.044592284999999995,0.043588195,LONG,stop_loss,-2.4517123758066943,1.0,20.0
2019-09-01 21:00:00,2019-09-02 00:00:00,-95.14232539678068,224758.32018778106,0.044492235000000005,0.04415791,LONG,stop_loss,-0.9514232539678067,1.0,20.0
2019-09-02 17:30:00,2019-09-03 01:00:00,-144.92426353194932,221128.3738661643,0.045222599999999995,0.04465766,LONG,stop_loss,-1.4492426353194932,1.0,20.0
2019-09-03 02:00:00,2019-09-03 10:00:00,-72.10016996825456,221717.00307787542,0.04510254,0.044867555,LONG,stop_loss,-0.7210016996825457,1.0,20.0
2019-09-03 21:30:00,2019-09-04 05:30:00,-178.39335445301973,215177.66412810818,0.046473225,0.045737120000000006,LONG,stop_loss,-1.7839335445301974,1.0,20.0
2019-09-07 15:30:00,2019-09-07 20:30:00,163.34575839417053,219815.31776447385,0.045492735,0.046326825,LONG,take_profit,1.6334575839417054,1.0,20.000000000000004
2019-09-07 20:30:00,2019-09-07 22:30:00,-109.74261520803849,215641.909358158,0.046373175,0.04595701,LONG,stop_loss,-1.097426152080385,1.0,20.0
2019-09-07 22:30:00,2019-09-08 03:30:00,224.20912640678335,217377.17483146206,0.04600299,0.047126425,LONG,take_profit,2.2420912640678337,1.0,20.000000000000004
2019-09-08 03:30:00,2019-09-08 05:00:00,-123.22092400247165,211983.0858695785,0.047173574999999995,0.046686645000000006,LONG,stop_loss,-1.2322092400247164,1.0,20.0
2019-09-08 05:00:00,2019-09-08 11:00:00,-181.84478944428452,213979.92932456912,0.046733355000000004,0.045977000000000004,LONG,stop_loss,-1.8184478944428453,1.0,20.0
2019-09-08 12:00:00,2019-09-09 03:00:00,-226.968954442623,214209.22629126927,0.04668333,0.04571713000000001,LONG,stop_loss,-2.26968954442623,1.0,20.0
2019-09-09 14:30:00,2019-09-10 02:00:00,199.48772286248334,214577.12534887556,0.046603290000000006,0.047626175,LONG,take_profit,1.9948772286248335,1.0,20.0
2019-09-10 02:00:00,2019-09-10 04:30:00,60.15614438321357,209758.70931270986,0.047673824999999996,0.04805596,LONG,take_profit,0.6015614438321357,1.0,20.0
2019-09-10 04:30:00,2019-09-10 09:00:00,-162.9734384055883,207882.7474781744,0.04810404,0.047416280000000005,LONG,stop_loss,-1.629734384055883,1.0,20.0
2019-09-10 09:00:00,2019-09-10 12:30:00,-215.3070682196853,210687.23648293898,0.04746372,0.04653672,LONG,stop_loss,-2.1530706821968533,1.0,20.000000000000004
2019-09-14 13:00:00,2019-09-14 13:30:00,106.76373228709176,220688.9489677771,0.045312645,0.045887045,LONG,take_profit,1.0676373228709175,1.0,20.0
2019-09-14 13:30:00,2019-09-14 17:00:00,205.0127386753152,217708.61465368385,0.045932955,0.046966505,LONG,take_profit,2.050127386753152,1.0,20.0
2019-09-14 17:00:00,2019-09-14 18:00:00,-98.02653259452241,212704.88399128805,0.047013494999999995,0.046646665000000004,LONG,stop_loss,-0.9802653259452241,1.0,20.0
2019-09-14 18:00:00,2019-09-15 20:30:00,-126.32031316675175,214163.32759268532,0.046693335,0.04619689,LONG,stop_loss,-1.2632031316675174,1.0,20.0
2019-09-17 16:30:00,2019-09-17 18:30:00,-173.7935550417511,199820.121926242,0.05004501,0.04927535,LONG,stop_loss,-1.7379355504175111,1.0,20.0
2019-09-17 18:30:00,2019-09-18 02:30:00,417.83280773406545,202738.38739859278,0.04932465,0.051484245000000005,LONG,take_profit,4.178328077340654,1.0,19.999999999999996
2019-09-18 02:30:00,2019-09-18 03:30:00,-223.93802322290574,194040.04074452774,0.051535755,0.050484745000000004,LONG,stop_loss,-2.2393802322290575,1.0,20.0
2019-09-18 03:30:00,2019-09-18 13:30:00,351.72563985281147,197881.65707286922,0.050535255,0.05241378,LONG,take_profit,3.5172563985281147,1.0,20.0
2019-09-18 16:00:00,2019-09-18 19:00:00,-399.1065856319934,184648.11562443423,0.054157065,0.052103935000000004,LONG,stop_loss,-3.9910658563199344,1.0,20.0
2019-09-22 21:30:00,2019-09-23 01:00:00,-150.97412705798126,205151.93962952844,0.04874436,0.048105935,LONG,stop_loss,-1.5097412705798128,1.0,20.000000000000004
2019-09-25 15:00:00,2019-09-26 15:30:00,-582.2326379383003,261854.92530130007,0.038189085000000005,0.036041970000000007,LONG,stop_loss,-5.822326379383004,1.0,20.0
2019-09-29 20:30:00,2019-09-30 00:30:00,-142.06236625277182,266960.5368256043,0.03745872,0.03700149,LONG,stop_loss,-1.4206236625277182,1.0,20.0
2019-09-30 11:30:00,2019-10-02 05:00:00,-203.62154849942038,259273.7353761511,0.038569275,0.03786106,LONG,stop_loss,-2.036215484994204,1.0,20.0
2019-10-03 03:00:00,2019-10-03 04:30:00,-110.76310758213421,252526.59168142057,0.039599789999999996,0.039240370000000004,LONG,stop_loss,-1.1076310758213421,1.0,20.0
2019-10-03 04:30:00,2019-10-03 07:00:00,-108.87685551009578,254584.88280057625,0.03927963,0.038930525,LONG,stop_loss,-1.0887685551009578,1.0,20.0
2019-10-04 14:00:00,2019-10-05 08:30:00,-14.77793471885555,253744.6686659209,0.039409695,0.039430275,LONG,take_profit,-0.1477793471885555,1.0,20.0
2019-10-07 11:30:00,2019-10-07 16:30:00,344.5061778941699,248138.0957981783,0.040300140000000005,0.041769105,LONG,take_profit,3.4450617789416995,1.0,19.999999999999996
2019-10-07 16:30:00,2019-10-07 18:30:00,-178.20756766866606,239172.11052286733,0.041810895,0.041149415,LONG,stop_loss,-1.7820756766866606,1.0,20.000000000000004
2019-10-07 18:30:00,2019-10-07 19:00:00,-59.113307082186886,242773.92515789715,0.041190584999999995,0.041029475,LONG,stop_loss,-0.5911330708218688,1.0,20.0
2019-10-07 19:00:00,2019-10-08 09:30:00,-149.2423215919451,243483.61750915038,0.041070525000000004,0.04053972,LONG,stop_loss,-1.4924232159194513,1.0,20.0
2019-10-09 10:00:00,2019-10-09 12:30:00,-162.3283245665101,232279.86285732337,0.043051515,0.04243877,LONG,stop_loss,-1.6232832456651012,1.0,20.0
2019-10-09 12:30:00,2019-10-10 02:00:00,-208.80809242105042,235398.08051697188,0.042481229999999995,0.041679150000000005,LONG,stop_loss,-2.0880809242105043,1.0,20.0
2019-10-10 18:30:00,2019-10-10 19:30:00,75.92312277596162,240843.43370483431,0.04152075,0.04191903,LONG,stop_loss,0.7592312277596162,1.0,20.0
2019-10-12 01:30:00,2019-10-12 11:30:00,-126.07643157459502,246485.8815968095,0.040570275,0.04013992,LONG,stop_loss,-1.2607643157459503,1.0,20.0
2019-10-13 17:00:00,2019-10-13 20:00:00,-184.2435718208452,241133.95654404402,0.041470725,0.040789595,LONG,stop_loss,-1.842435718208452,1.0,20.0
2019-10-16 21:00:00,2019-10-17 01:00:00,-123.45658771445807,259745.38718166904,0.03849924,0.03810094,LONG,stop_loss,-1.2345658771445807,1.0,20.0
2019-10-18 19:30:00,2019-10-18 20:00:00,-124.4631348628281,262542.7501641877,0.038089035,0.037691145,LONG,stop_loss,-1.244631348628281,1.0,20.0
2019-10-18 22:30:00,2019-10-19 00:00:00,-113.9446243264916,262473.8051142496,0.03809904,0.03774112,LONG,stop_loss,-1.1394462432649162,1.0,20.0
2019-10-19 16:30:00,2019-10-20 01:30:00,-127.91096584800064,257802.48900569064,0.038789384999999996,0.038370805,LONG,stop_loss,-1.2791096584800064,1.0,20.0
2019-10-22 03:00:00,2019-10-22 06:00:00,-122.58773418901633,250375.81409695957,0.03993996,0.039530225,LONG,stop_loss,-1.2258773418901632,1.0,20.0
2019-10-22 06:00:00,2019-10-22 15:00:00,-77.98744117195596,252718.1415613306,0.039569775,0.03934032,LONG,stop_loss,-0.7798744117195597,1.0,20.0
2019-10-24 00:00:00,2019-10-24 01:30:00,-168.9721587651327,272640.5482474257,0.036678329999999995,0.036131925,LONG,stop_loss,-1.6897215876513267,1.0,20.0
2019-10-24 05:00:00,2019-10-24 06:00:00,-128.4995710854516,273760.68197071005,0.036528255,0.036131925,LONG,stop_loss,-1.284995710854516,1.0,20.0
2019-10-24 12:00:00,2019-10-25 11:00:00,194.25951909133707,267103.22016971203,0.03743871,0.03824087,LONG,take_profit,1.9425951909133705,1.0,20.0
2019-10-25 15:00:00,2019-10-25 15:30:00,375.70359672724504,258536.01910891428,0.03867933,0.040209885,LONG,take_profit,3.7570359672724507,1.0,20.0
2019-10-25 15:30:00,2019-10-25 17:00:00,205.91115578179028,248446.49512181515,0.040250115,0.04115941,LONG,take_profit,2.059111557817903,1.0,20.0
2019-10-25 17:00:00,2019-10-25 17:30:00,-105.19902263535663,242714.97082930122,0.04120059,0.040849565,LONG,stop_loss,-1.0519902263535663,1.0,20.0
2019-10-25 17:30:00,2019-10-26 18:30:00,-215.7646085203041,244555.97011868426,0.040890434999999996,0.040089945,LONG,stop_loss,-2.157646085203041,1.0,20.0
2019-10-26 21:00:00,2019-10-27 03:30:00,-236.68476106774233,246182.32755543414,0.0406203,0.03974012,LONG,stop_loss,-2.366847610677423,1.0,20.0
2019-10-27 14:30:00,2019-10-27 15:00:00,-243.38726155844662,232064.1397434554,0.043091535,0.042128925000000005,LONG,stop_loss,-2.433872615584466,1.0,20.0
2019-10-27 15:00:00,2019-10-28 00:30:00,491.4287458880284,237129.3594009638,0.042171075,0.044327825,LONG,take_profit,4.914287458880285,1.0,20.0
2019-10-28 02:30:00,2019-10-28 04:00:00,-271.9987459292755,226284.86526489982,0.044192085,0.043078450000000004,LONG,stop_loss,-2.7199874592927555,1.0,20.0
2019-11-04 14:00:00,2019-11-04 20:00:00,99.28741511597143,235176.52938236762,0.042521250000000003,0.043028475000000004,LONG,take_profit,0.9928741511597142,1.0,20.0
2019-11-04 20:00:00,2019-11-04 22:30:00,-143.70237645404876,232171.95119049068,0.043071525,0.04253872,LONG,stop_loss,-1.4370237645404877,1.0,19.999999999999996
2019-11-04 23:30:00,2019-11-05 03:30:00,272.52248586756093,231044.90288374072,0.04328163,0.044547715,LONG,take_profit,2.725224858675609,1.0,20.0
2019-11-05 03:30:00,2019-11-05 05:00:00,-128.61744357796144,224254.03856294876,0.044592284999999995,0.04410793500000001,LONG,stop_loss,-1.2861744357796143,1.0,20.0
2019-11-05 05:00:00,2019-11-05 06:30:00,-217.8876865668693,226489.9727793026,0.044152065000000004,0.04327835,LONG,stop_loss,-2.178876865668693,1.0,20.0
2019-11-05 09:00:00,2019-11-05 10:00:00,-139.17538498510277,227572.91663822005,0.04394196,0.043418280000000004,LONG,stop_loss,-1.3917538498510276,1.0,20.0
2019-11-05 10:30:00,2019-11-06 08:30:00,294.994850799113,228980.58416381726,0.043671825000000004,0.045047465,LONG,take_profit,2.94994850799113,1.0,20.0
2019-11-06 12:00:00,2019-11-06 13:30:00,-131.68569289154905,221177.30689866396,0.045212595,0.044707635,LONG,stop_loss,-1.3168569289154906,1.0,20.0
2019-11-07 20:00:00,2019-11-07 21:30:00,-108.22166530737432,230193.51678375457,0.04344171,0.04305846,LONG,stop_loss,-1.0822166530737432,1.0,20.0
2019-11-08 19:00:00,2019-11-09 16:30:00,-77.26259179376315,236456.17456235216,0.042291135,0.04204896500000001,LONG,stop_loss,-0.7726259179376315,1.0,20.000000000000004
2019-11-10 09:30:00,2019-11-10 16:00:00,133.27848566961032,233364.5225017657,0.042851415,0.043508235,LONG,take_profit,1.3327848566961031,1.0,20.0
2019-11-10 16:00:00,2019-11-11 04:30:00,-82.77931560293803,229611.819406171,0.043551765,0.04327835,LONG,stop_loss,-0.8277931560293803,1.0,20.0
2019-11-11 14:30:00,2019-11-12 03:00:00,79.0965948252646,232225.8944877004,0.04306152,0.043488245,LONG,take_profit,0.7909659482526461,1.0,20.0
2019-11-14 13:30:00,2019-11-14 15:00:00,-130.80941575679972,234569.4085602118,0.042631305,0.04215891000000001,LONG,stop_loss,-1.3080941575679972,1.0,20.0
2019-11-15 11:30:00,2019-11-15 14:00:00,-301.8632196816716,230512.05024793872,0.043381680000000006,0.04215891000000001,LONG,stop_loss,-3.018632196816716,1.0,20.0
2019-11-17 17:00:00,2019-11-17 19:00:00,-128.3863846146527,218756.89426024564,0.045712845,0.04521738,LONG,stop_loss,-1.2838638461465273,1.0,19.999999999999996
2019-11-17 19:00:00,2019-11-18 00:00:00,-180.1542288095564,220932.85806256905,0.04526262,0.04453772,LONG,stop_loss,-1.801542288095564,1.0,20.0
2019-11-18 09:30:00,2019-11-18 12:00:00,-94.03349607247823,220932.85806256905,0.04526262,0.044927524999999996,LONG,stop_loss,-0.9403349607247823,1.0,20.0
2019-11-18 12:30:00,2019-11-18 15:30:00,-120.63235697928818,221177.30689866396,0.045212595,0.04475761,LONG,stop_loss,-1.2063235697928818,1.0,20.0
2019-11-21 20:00:00,2019-11-21 20:30:00,-182.14014830478192,258002.12954957734,0.038759369999999994,0.038130925,LONG,stop_loss,-1.8214014830478191,1.0,20.0
2019-11-22 05:30:00,2019-11-22 06:30:00,-323.97171206063433,260286.52340496422,0.038419199999999994,0.037251365,LONG,stop_loss,-3.2397171206063433,1.0,20.0
2019-11-25 10:30:00,2019-11-27 12:00:00,560.7966194317653,281470.0788158441,0.035527755,0.037591195,LONG,take_profit,5.607966194317653,1.0,19.999999999999996
2019-11-27 14:00:00,2019-11-27 18:00:00,327.3498237826251,260966.12268278393,0.03831915,0.039650165,LONG,take_profit,3.2734982378262507,1.0,20.0
2019-11-27 18:00:00,2019-11-27 21:00:00,-226.42061122199138,251953.6803315005,0.039689835,0.038870555,LONG,stop_loss,-2.264206112219914,1.0,20.0
2019-11-27 21:00:00,2019-11-29 02:30:00,373.3042478503628,257007.0069105329,0.038909445,0.04043977000000001,LONG,take_profit,3.733042478503628,1.0,20.0
2019-11-29 10:30:00,2019-11-29 12:00:00,-127.1031920248856,242891.9197752278,0.041170575,0.040729625000000005,LONG,stop_loss,-1.271031920248856,1.0,20.0
2019-12-01 10:30:00,2019-12-01 12:00:00,-182.70845468985408,254649.7451910987,0.039269625,0.038630674999999996,LONG,stop_loss,-1.8270845468985406,1.0,20.0
2019-12-01 13:00:00,2019-12-01 15:30:00,-185.6502527791009,255300.1915389687,0.039169575,0.03852073,LONG,stop_loss,-1.856502527791009,1.0,20.0
2019-12-04 10:30:00,2019-12-04 13:00:00,145.17368507545584,269625.1011262645,0.037088535,0.03770114,LONG,take_profit,1.4517368507545585,1.0,20.0
2019-12-04 13:00:00,2019-12-04 13:30:00,-19.4011477824174,264978.8573369731,0.03773886,0.03774112,LONG,stop_loss,-0.19401147782417402,1.0,20.0
2019-12-04 13:30:00,2019-12-04 20:30:00,-138.46698472797374,264698.15939487884,0.03777888,0.037331325000000005,LONG,stop_loss,-1.3846698472797376,1.0,20.0
2019-12-07 00:00:00,2019-12-07 03:00:00,116.0729556892558,260966.12268278393,0.03831915,0.03884057,LONG,take_profit,1.160729556892558,1.0,20.0
2019-12-07 03:00:00,2019-12-07 03:30:00,-125.11342373074844,257205.416848961,0.03887943,0.038470755,LONG,stop_loss,-1.2511342373074843,1.0,20.0
2019-12-07 03:30:00,2019-12-07 07:00:00,-139.00518953306025,259677.9033190601,0.038509245000000004,0.038050965,LONG,stop_loss,-1.3900518953306025,1.0,20.0
2019-12-07 07:30:00,2019-12-07 19:00:00,160.66391640780986,261307.25486929738,0.038269125,0.038960510000000004,LONG,take_profit,1.6066391640780986,1.0,20.0
2019-12-08 18:30:00,2019-12-09 01:30:00,-122.97333236173952,258402.33967814437,0.03869934,0.03830084,LONG,stop_loss,-1.2297333236173953,1.0,20.0
2019-12-09 05:00:00,2019-12-09 08:00:00,-131.06120091705077,259273.7353761511,0.038569275,0.03814092,LONG,stop_loss,-1.3106120091705078,1.0,20.0
2019-12-13 22:30:00,2019-12-14 07:00:00,-59.567137851955245,268972.0801601352,0.037178579999999996,0.037031475,LONG,stop_loss,-0.5956713785195524,1.0,20.0
2019-12-17 12:30:00,2019-12-17 13:30:00,-204.11916641383823,295273.3382201071,0.033866925,0.03324337,LONG,stop_loss,-2.0411916641383825,1.0,20.0
2019-12-18 03:00:00,2019-12-18 05:30:00,-150.69208889978668,309634.52598360047,0.03229614,0.031874055000000005,LONG,stop_loss,-1.5069208889978667,1.0,19.999999999999996
2019-12-18 14:30:00,2019-12-18 16:00:00,300.383115528851,314803.2283071063,0.031765875,0.0327836,LONG,take_profit,3.0038311552885104,1.0,20.0
2019-12-18 22:30:00,2019-12-18 23:00:00,19.25966251213233,289878.2627247861,0.03449724,0.034632675,LONG,stop_loss,0.1925966251213233,1.0,20.0
2019-12-18 23:00:00,2019-12-19 01:00:00,-275.0600601575121,288456.0605700036,0.034667325,0.033783099999999996,LONG,stop_loss,-2.750600601575121,1.0,19.999999999999996
2019-12-19 01:00:00,2019-12-19 09:00:00,-228.0217287805782,295710.13309913094,0.0338169,0.033113435000000004,LONG,stop_loss,-2.280217287805782,1.0,20.0
2019-12-21 22:30:00,2019-12-22 03:00:00,24.397039229932496,302329.174190884,0.03307653,0.033223380000000004,LONG,take_profit,0.24397039229932496,1.0,20.0
2019-12-22 03:00:00,2019-12-22 06:00:00,-54.03833582606827,300692.01259779255,0.03325662,0.03314342000000001,LONG,stop_loss,-0.5403833582606826,1.0,20.0
2019-12-22 06:00:00,2019-12-22 07:30:00,120.63836597985771,301417.445680055,0.033176580000000004,0.03364317000000001,LONG,take_profit,1.206383659798577,1.0,20.0
2019-12-22 07:30:00,2019-12-22 08:30:00,-89.3533209628126,296940.06235147425,0.033676830000000005,0.03344327,LONG,stop_loss,-0.893533209628126,1.0,20.0
2019-12-22 08:30:00,2019-12-22 11:30:00,-104.63640265939617,298714.9581216565,0.033476729999999996,0.03319339500000001,LONG,stop_loss,-1.0463640265939618,1.0,20.0
2019-12-22 12:30:00,2019-12-22 17:30:00,116.38964010817732,298893.6153932604,0.033456719999999995,0.033913035,LONG,take_profit,1.1638964010817732,1.0,20.000000000000004
2019-12-22 18:30:00,2019-12-23 07:00:00,-189.95141439469592,290975.3274745451,0.034367175,0.033783099999999996,LONG,stop_loss,-1.8995141439469592,1.0,20.0
2019-12-23 08:00:00,2019-12-23 16:30:00,-237.75433314391339,292765.15813563636,0.03415707,0.033413285,LONG,stop_loss,-2.3775433314391337,1.0,20.0
2019-12-25 19:30:00,2019-12-26 16:30:00,161.08698191251193,298714.9581216565,0.033476729999999996,0.03408295,LONG,take_profit,1.6108698191251194,1.0,20.0
2019-12-28 18:30:00,2019-12-28 20:30:00,-83.22771118880925,295885.2131068865,0.033796889999999996,0.0335832,LONG,stop_loss,-0.8322771118880925,1.0,20.0
2019-12-29 16:30:00,2019-12-29 17:00:00,-97.00291003521434,291484.470654728,0.034307145000000004,0.03404297,LONG,stop_loss,-0.9700291003521435,1.0,20.0
2019-12-29 17:00:00,2019-12-29 20:00:00,-6.530516303799201,293452.8038388322,0.03407703,0.034122929999999996,LONG,take_profit,-0.06530516303799201,1.0,20.0
2019-12-29 20:00:00,2019-12-30 00:00:00,-111.9282596545883,292765.15813563636,0.03415707,0.03384307,LONG,stop_loss,-1.119282596545883,1.0,20.0
2019-12-30 02:00:00,2019-12-30 10:30:00,-123.68789813768393,292936.76725529385,0.03413706,0.033783099999999996,LONG,stop_loss,-1.2368789813768393,1.0,20.0
2020-01-01 11:00:00,2020-01-01 14:30:00,69.51304607279647,301690.386319065,0.033146565,0.03344327,LONG,take_profit,0.6951304607279648,1.0,20.0
2020-01-01 14:30:00,2020-01-01 20:30:00,-0.13844243449034999,298714.9581216565,0.033476729999999996,0.03354322,LONG,take_profit,-0.0013844243449034998,1.0,20.0
2020-01-01 20:30:00,2020-01-01 22:00:00,-89.53019318707685,297824.86587457167,0.03357678,0.03334332,LONG,stop_loss,-0.8953019318707685,1.0,20.0
2020-01-01 22:00:00,2020-01-02 02:00:00,-98.87093623451922,299610.3866531962,0.03337668,0.033113435000000004,LONG,stop_loss,-0.9887093623451921,1.0,20.0
2020-01-02 09:00:00,2020-01-02 16:30:00,-141.53096656258575,301599.35119947564,0.03315657,0.032753615,LONG,stop_loss,-1.4153096656258575,1.0,19.999999999999996
2020-01-03 05:00:00,2020-01-03 10:00:00,223.86162673521056,298804.26005233556,0.033466725,0.03428285,LONG,take_profit,2.2386162673521057,1.0,20.0
2020-01-03 10:00:00,2020-01-03 12:30:00,-108.6335258026949,291399.48975949344,0.03431715,0.034012985,LONG,stop_loss,-1.086335258026949,1.0,20.0
2020-01-03 12:30:00,2020-01-03 14:00:00,-141.54956902976625,293711.50451809063,0.034047015,0.033633175,LONG,stop_loss,-1.4154956902976623,1.0,20.0
2020-01-03 16:00:00,2020-01-03 21:30:00,-117.88360951489052,293108.57767597144,0.034117049999999996,0.033783099999999996,LONG,stop_loss,-1.1788360951489052,1.0,20.0
2020-01-04 23:00:00,2020-01-05 01:00:00,63.20621030592599,291399.48975949344,0.03431715,0.03460269,LONG,take_profit,0.6320621030592599,1.0,20.0
2020-01-05 01:00:00,2020-01-05 08:30:00,-70.39363622636849,288706.0224942411,0.03463731,0.03446276,LONG,stop_loss,-0.703936362263685,1.0,20.0
2020-01-05 14:30:00,2020-01-05 15:30:00,56.62353794201413,288872.90458816837,0.0346173,0.034882550000000005,LONG,take_profit,0.5662353794201413,1.0,20.0
2020-01-05 15:30:00,2020-01-05 16:00:00,58.74143157647499,286389.75641119265,0.03491745,0.035192395,LONG,take_profit,0.5874143157647499,1.0,20.0
2020-01-05 16:00:00,2020-01-05 20:00:00,-140.64828136911208,283868.2902229658,0.035227604999999995,0.03480259,LONG,stop_loss,-1.4064828136911207,1.0,20.0
2020-01-05 20:00:00,2020-01-05 22:00:00,-207.87561991548654,287047.74551265436,0.03483741,0.0341829,LONG,stop_loss,-2.0787561991548653,1.0,20.0
2020-01-06 05:30:00,2020-01-06 09:30:00,145.07009355695175,282504.3103095145,0.03539769,0.035982,LONG,take_profit,1.4507009355695175,1.0,20.0
2020-01-06 09:30:00,2020-01-06 13:30:00,-96.59503581542347,277638.9582986285,0.036017999999999994,0.03574212,LONG,stop_loss,-0.9659503581542347,1.0,20.0
2020-01-06 13:30:00,2020-01-06 20:30:00,168.35241216081167,279502.3070120421,0.03577788,0.036451765000000004,LONG,take_profit,1.6835241216081167,1.0,20.0
2020-01-06 20:30:00,2020-01-06 23:30:00,189.14412549688984,274060.9404647827,0.036488235,0.037251365,LONG,take_profit,1.8914412549688984,1.0,20.0
2020-01-06 23:30:00,2020-01-07 12:00:00,-129.17133330302775,268178.22642207204,0.037288635,0.036881550000000006,LONG,stop_loss,-1.2917133330302775,1.0,20.0
2020-01-10 15:00:00,2020-01-11 01:00:00,259.3706594978391,275724.2068620862,0.036268125,0.037281350000000005,LONG,take_profit,2.5937065949783906,1.0,20.0
2020-01-14 04:00:00,2020-01-14 09:00:00,176.74959548615,265189.7717896159,0.037708845000000005,0.038450765,LONG,take_profit,1.7674959548615001,1.0,20.0
2020-01-14 09:00:00,2020-01-14 12:30:00,-22.204512508496357,259812.90612816808,0.038489235,0.03848075,LONG,stop_loss,-0.22204512508496357,1.0,20.0
2020-01-14 12:30:00,2020-01-14 16:00:00,-118.21842325590352,259610.45451300326,0.03851925,0.03814092,LONG,stop_loss,-1.1821842325590353,1.0,20.0
2020-01-14 16:30:00,2020-01-14 17:30:00,375.85682808356154,252207.9863424331,0.039649815,0.04121938,LONG,take_profit,3.7585682808356156,1.0,19.999999999999996
2020-01-14 17:30:00,2020-01-15 04:00:00,-228.6323472599297,242361.8452655341,0.04126062,0.04039979,LONG,stop_loss,-2.286323472599297,1.0,20.0
2020-01-17 10:00:00,2020-01-17 14:00:00,-160.33989529000516,232875.17471459982,0.04294146,0.042338820000000006,LONG,stop_loss,-1.6033989529000516,1.0,20.0
2020-01-17 17:00:00,2020-01-17 18:30:00,322.64694116162303,227624.74376567127,0.043931954999999995,0.04543727,LONG,take_profit,3.2264694116162307,1.0,20.0
2020-01-17 18:30:00,2020-01-17 19:30:00,-302.48963947414666,219863.6713319539,0.04548273,0.044197890000000004,LONG,stop_loss,-3.024896394741466,1.0,20.0
2020-01-17 19:30:00,2020-01-18 06:00:00,-212.98695292787815,226029.00268545057,0.04424211,0.043388295,LONG,stop_loss,-2.1298695292787815,1.0,20.0
2020-01-20 07:00:00,2020-01-20 08:30:00,-146.1848722068368,232495.9874098773,0.043011495000000004,0.042468755000000004,LONG,stop_loss,-1.4618487220683678,1.0,20.000000000000004
2020-01-21 05:00:00,2020-01-21 07:30:00,-60.92381054054906,221030.5727277891,0.04524261,0.04505746000000001,LONG,stop_loss,-0.6092381054054906,1.0,20.0
2020-01-21 07:30:00,2020-01-21 10:30:00,284.68572279964735,221717.00307787542,0.04510254,0.046476750000000004,LONG,take_profit,2.8468572279964732,1.0,20.0
2020-01-21 10:30:00,2020-01-21 12:00:00,-135.26602290252708,214946.29029571236,0.04652325,0.045986995,LONG,stop_loss,-1.352660229025271,1.0,20.0
2020-01-21 12:00:00,2020-01-21 14:00:00,95.93855321850009,217235.4379211177,0.046033005,0.046566705,LONG,take_profit,0.9593855321850009,1.0,20.000000000000004
2020-01-21 14:00:00,2020-01-21 16:00:00,-192.95709303536572,214531.06887208897,0.046613295,0.045807085000000004,LONG,stop_loss,-1.9295709303536572,1.0,20.0
2020-01-21 16:00:00,2020-01-21 17:00:00,-99.74847400650505,218088.64278312513,0.045852915,0.045487245,LONG,stop_loss,-0.9974847400650504,1.0,20.0
2020-01-21 17:30:00,2020-01-21 19:30:00,-296.39513576545016,218469.99997269126,0.045772875,0.044507735,LONG,stop_loss,-2.963951357654502,1.0,20.0
2020-01-21 20:00:00,2020-01-23 01:30:00,-252.52841803601405,218279.1548100158,0.045812895,0.044747615,LONG,stop_loss,-2.5252841803601407,1.0,20.0
2020-01-24 17:30:00,2020-01-25 01:30:00,-211.01434560183193,226387.37256513303,0.044172075000000005,0.043328325,LONG,stop_loss,-2.1101434560183194,1.0,20.0
2020-01-27 16:00:00,2020-01-27 18:00:00,328.35163345711334,218613.35299104606,0.045742859999999996,0.04733632,LONG,take_profit,3.2835163345711336,1.0,20.0
2020-01-27 18:00:00,2020-01-28 06:30:00,461.4896183664936,211043.12708510613,0.04738368,0.049665155,LONG,take_profit,4.614896183664936,1.0,20.000000000000004
2020-01-28 06:30:00,2020-01-28 07:00:00,311.7841984622497,201147.16238177952,0.049714845,0.051364305,LONG,take_profit,3.117841984622497,1.0,20.0
2020-01-28 07:00:00,2020-01-28 15:00:00,-101.92148331360569,194493.14066453834,0.051415695,0.05099449,LONG,stop_loss,-1.0192148331360569,1.0,20.0
2020-01-28 15:00:00,2020-01-28 21:00:00,436.0224787645384,195903.61620444187,0.05104551,0.053373300000000005,LONG,take_profit,4.360224787645384,1.0,20.0
2020-01-28 21:00:00,2020-01-28 22:00:00,-261.9726466354838,187172.3314372776,0.0534267,0.05213392,LONG,stop_loss,-2.6197264663548383,1.0,20.0
2020-01-28 22:00:00,2020-01-29 03:00:00,623.1092352596727,191621.98042083255,0.052186079999999996,0.055542215000000006,LONG,take_profit,6.231092352596727,1.0,20.0
2020-01-29 03:00:00,2020-01-29 22:30:00,-207.9706178942212,179863.28052457483,0.055597785000000004,0.05455271,LONG,stop_loss,-2.079706178942212,1.0,20.0
2020-02-01 20:00:00,2020-02-02 01:00:00,-252.43009774058345,178037.09474083764,0.05616807,0.05486255500000001,LONG,stop_loss,-2.5243009774058347,1.0,20.0
2020-02-02 01:30:00,2020-02-02 03:00:00,474.8047465208245,179733.90574987637,0.055637805,0.058390790000000005,LONG,take_profit,4.748047465208245,1.0,20.0
2020-02-02 03:00:00,2020-02-02 04:00:00,-255.71918251760778,171088.71103647078,0.05844921,0.05707145,LONG,stop_loss,-2.5571918251760777,1.0,19.999999999999996
2020-02-02 04:00:00,2020-02-02 23:00:00,-218.94781155831802,175043.8265980845,0.05712855,0.055991990000000005,LONG,stop_loss,-2.18947811558318,1.0,20.0
2020-02-04 15:00:00,2020-02-05 10:00:00,362.08583880103015,179121.9085797603,0.0558279,0.057961005,LONG,take_profit,3.6208583880103014,1.0,20.0
2020-02-05 10:00:00,2020-02-05 10:30:00,-71.34008267464678,172357.3460726095,0.058018995,0.057721125000000005,LONG,stop_loss,-0.7134008267464678,1.0,20.0
2020-02-05 10:30:00,2020-02-05 12:00:00,85.90635418221703,173073.63634200214,0.057778875,0.058390790000000005,LONG,take_profit,0.8590635418221703,1.0,19.999999999999996
2020-02-05 12:00:00,2020-02-06 03:30:00,327.4016158644402,171088.71103647078,0.05844921,0.060479745,LONG,take_profit,3.274016158644402,1.0,19.999999999999996
2020-02-06 03:30:00,2020-02-06 04:30:00,-147.21370268427208,165179.35049992768,0.060540255,0.0597701,LONG,stop_loss,-1.4721370268427207,1.0,20.0
2020-02-06 04:30:00,2020-02-06 13:30:00,-83.45322322116427,167140.51001255226,0.0598299,0.059450260000000005,LONG,stop_loss,-0.8345322322116426,1.0,20.0
2020-02-06 14:30:00,2020-02-06 18:00:00,-185.75225407697633,165782.09485404915,0.060320145000000006,0.059320325,LONG,stop_loss,-1.8575225407697633,1.0,20.0
2020-02-08 05:30:00,2020-02-09 03:30:00,343.16598819518276,167420.4773660071,0.05972985,0.061899035000000005,LONG,take_profit,3.431659881951828,1.0,20.0
2020-02-11 16:00:00,2020-02-11 20:30:00,214.8501126810391,162230.19799952323,0.061640805,0.06308844,LONG,take_profit,2.148501126810391,1.0,20.000000000000004
2020-02-11 20:30:00,2020-02-12 01:00:00,261.2218732205518,158349.21575967403,0.06315156,0.06492752,LONG,take_profit,2.612218732205518,1.0,20.0
2020-02-12 01:00:00,2020-02-12 09:00:00,-177.6305443337436,153863.9547221463,0.06499248,0.06396800000000001,LONG,stop_loss,-1.7763054433374357,1.0,20.0
2020-02-12 10:30:00,2020-02-12 16:00:00,498.77942587466663,153344.62256444653,0.06521259,0.068595685,LONG,take_profit,4.987794258746666,1.0,20.0
2020-02-12 16:00:00,2020-02-13 03:00:00,368.84826856570544,145636.05564258524,0.06866431499999999,0.07133431500000001,LONG,take_profit,3.6884826856570547,1.0,19.999999999999996
2020-02-13 03:00:00,2020-02-13 07:30:00,-472.31552641781707,140044.8717773662,0.071405685,0.06817589500000001,LONG,stop_loss,-4.723155264178171,1.0,20.000000000000004
2020-02-13 10:00:00,2020-02-13 11:30:00,-442.30333596452544,141272.12012368374,0.070785375,0.067796085,LONG,stop_loss,-4.423033359645254,1.0,20.0
2020-02-14 23:00:00,2020-02-15 01:30:00,-265.9461960289364,140517.3977049153,0.071165565,0.069415275,LONG,stop_loss,-2.6594619602893643,1.0,20.0
2020-02-16 02:30:00,2020-02-16 08:00:00,-240.02664383381182,150097.64977850465,0.066623295,0.065157405,LONG,stop_loss,-2.400266438338118,1.0,20.0
2020-02-16 23:00:00,2020-02-17 00:30:00,-284.059429018697,159868.88193778988,0.06255126000000001,0.060899535000000005,LONG,stop_loss,-2.8405942901869703,1.0,20.0
2020-02-17 14:30:00,2020-02-18 20:00:00,727.5490258978692,171088.71103647078,0.05844921,0.062818575,LONG,take_profit,7.275490258978692,1.0,19.999999999999996
2020-02-20 14:00:00,2020-02-20 16:00:00,-303.38756611367324,172031.02407488166,0.05812905,0.056481745,LONG,stop_loss,-3.033875661136732,1.0,20.0
2020-02-20 16:30:00,2020-02-23 10:00:00,712.376752901914,173133.59602893857,0.057758865,0.06198899,LONG,take_profit,7.12376752901914,1.0,19.999999999999996
2020-02-23 10:00:00,2020-02-23 10:30:00,-279.66458886003477,161157.73135683045,0.06205101,0.060439765000000006,LONG,stop_loss,-2.7966458886003474,1.0,20.0
2020-02-23 10:30:00,2020-02-24 02:30:00,-157.2035992918046,165288.6141681929,0.060500235000000006,0.059670150000000005,LONG,stop_loss,-1.572035992918046,1.0,20.000000000000004
2020-02-24 11:30:00,2020-02-24 15:00:00,-96.56175244045384,166500.12491671872,0.060060015,0.05960018500000001,LONG,stop_loss,-0.9656175244045384,1.0,20.0
2020-02-24 23:30:00,2020-02-25 00:30:00,-143.4215971153537,169378.11385783128,0.059039505,0.05831083000000001,LONG,stop_loss,-1.4342159711535372,1.0,20.0
2020-02-25 10:30:00,2020-02-25 14:30:00,-140.38179805125054,172565.65087621933,0.05794896,0.05725136,LONG,stop_loss,-1.4038179805125053,1.0,19.999999999999996
2020-02-27 05:00:00,2020-02-27 07:30:00,211.82977266452167,203315.754653186,0.049184580000000006,0.050324825000000004,LONG,take_profit,2.118297726645217,1.0,20.0
2020-02-27 07:30:00,2020-02-28 09:30:00,-625.2286666994207,198510.4766385427,0.050375175,0.047326325,LONG,stop_loss,-6.252286666994207,1.0,20.0
2020-03-02 14:00:00,2020-03-02 15:30:00,-74.99502501001788,204647.88080979986,0.04886442,0.04859569,LONG,stop_loss,-0.7499502501001788,1.0,20.0
2020-03-02 15:30:00,2020-03-03 08:00:00,-182.04361825668764,205573.88932025144,0.048644309999999996,0.04785606,LONG,stop_loss,-1.8204361825668764,1.0,20.0
2020-03-05 12:30:00,2020-03-05 13:00:00,-103.46513795550415,193439.18131895925,0.051695835,0.051264355000000005,LONG,stop_loss,-1.0346513795550416,1.0,20.0
2020-03-05 13:00:00,2020-03-05 15:00:00,-51.42024230621981,194872.34351239278,0.051315645,0.051154410000000004,LONG,stop_loss,-0.5142024230621981,1.0,20.0
2020-03-05 15:00:00,2020-03-06 13:30:00,-141.25531606998305,195291.17817019587,0.05120559,0.050584695000000006,LONG,stop_loss,-1.4125531606998305,1.0,20.0
2020-03-11 22:30:00,2020-03-12 01:00:00,-268.4498956551873,251130.71604901063,0.039819900000000005,0.038830575000000006,LONG,stop_loss,-2.6844989565518724,1.0,20.0
2020-03-13 07:30:00,2020-03-16 10:00:00,-1554.8054538666838,384275.3748077903,0.026023005,0.02202898,LONG,stop_loss,-15.54805453866684,1.0,20.0
2020-03-17 07:00:00,2020-03-17 09:30:00,-322.3668705366053,379893.6715602669,0.026323155,0.02552723,LONG,stop_loss,-3.2236687053660527,1.0,19.999999999999996
2020-03-17 09:30:00,2020-03-18 10:00:00,-256.86277456416593,391347.0046495938,0.02555277,0.02494752,LONG,stop_loss,-2.5686277456416593,1.0,20.0
2020-03-18 13:30:00,2020-03-18 15:00:00,-227.54841656333394,387553.41212681757,0.025802895,0.025267360000000003,LONG,stop_loss,-2.2754841656333396,1.0,20.0
2020-03-19 10:00:00,2020-03-19 16:00:00,1235.6908555001608,356709.58239652484,0.028034009999999998,0.031554215000000004,LONG,take_profit,12.356908555001606,1.0,20.0
2020-03-19 16:00:00,2020-03-19 16:30:00,-238.84528119215523,316598.11525976006,0.031585785,0.030894545000000002,LONG,stop_loss,-2.3884528119215522,1.0,20.0
2020-03-19 16:30:00,2020-03-20 10:30:00,897.5790622967384,323358.21736495063,0.030925455,0.03376311,LONG,take_profit,8.975790622967384,1.0,20.0
2020-03-20 10:30:00,2020-03-20 11:00:00,-364.1781181641256,295885.2131068865,0.033796889999999996,0.032633675,LONG,stop_loss,-3.6417811816412557,1.0,20.0
2020-03-20 11:00:00,2020-03-20 11:30:00,-302.3106057997021,306125.6508040008,0.032666324999999996,0.03174412,LONG,stop_loss,-3.0231060579970213,1.0,20.0
2020-03-20 11:30:00,2020-03-20 13:00:00,-442.05125396999085,314704.1089027275,0.03177588,0.030434775000000004,LONG,stop_loss,-4.420512539699908,1.0,20.0
2020-03-20 14:00:00,2020-03-20 16:00:00,-466.54366926732786,316497.8625316854,0.03159579,0.030184900000000004,LONG,stop_loss,-4.665436692673278,1.0,20.0
2020-03-23 15:00:00,2020-03-25 09:30:00,476.79468813196013,347289.87139508774,0.02879439,0.030224880000000003,LONG,take_profit,4.7679468813196015,1.0,20.0
2020-03-27 00:30:00,2020-03-27 02:30:00,-84.4451740144676,320455.3542401611,0.031205595,0.03100449,LONG,stop_loss,-0.8444517401446759,1.0,19.999999999999996
2020-03-27 02:30:00,2020-03-27 05:00:00,-174.917705557278,322211.55701968493,0.03103551,0.030554715000000003,LONG,stop_loss,-1.7491770555727801,1.0,20.000000000000004
2020-03-27 05:00:00,2020-03-27 10:00:00,-150.90772245542135,326954.61232419446,0.030585285,0.030184900000000004,LONG,stop_loss,-1.5090772245542134,1.0,20.0
2020-03-30 04:30:00,2020-03-30 07:00:00,269.3570636284648,348257.92678573605,0.02871435,0.02954522,LONG,take_profit,2.6935706362846483,1.0,20.0
2020-03-30 07:00:00,2020-03-30 20:00:00,189.67696124874115,338125.93026896566,0.02957478,0.030194895000000003,LONG,take_profit,1.8967696124874114,1.0,20.0
2020-03-30 20:00:00,2020-03-30 22:30:00,-119.28005212885128,330850.7943975712,0.030225105000000002,0.029925030000000002,LONG,stop_loss,-1.1928005212885129,1.0,20.000000000000004
2020-03-30 22:30:00,2020-03-31 04:00:00,-133.43192799058008,333834.41879594605,0.02995497,0.029615185000000002,LONG,stop_loss,-1.334319279905801,1.0,20.0
2020-04-02 04:30:00,2020-04-02 13:00:00,-109.66011412156855,318819.85641947767,0.031365675,0.03108445,LONG,stop_loss,-1.0966011412156855,1.0,20.000000000000004
2020-04-02 13:00:00,2020-04-02 14:30:00,191.64819519500867,321382.71700162784,0.03111555,0.031774105000000004,LONG,take_profit,1.9164819519500866,1.0,20.0
2020-04-02 14:30:00,2020-04-02 16:00:00,171.12494712065163,314407.1248427375,0.031805895,0.032413785,LONG,take_profit,1.7112494712065163,1.0,20.000000000000004
2020-04-02 16:00:00,2020-04-02 17:00:00,90.14381800773991,308202.35888839426,0.032446215,0.03280359,LONG,take_profit,0.9014381800773991,1.0,20.000000000000004
2020-04-02 17:00:00,2020-04-02 18:00:00,-127.39907316299123,304539.9908211646,0.03283641,0.032483750000000006,LONG,stop_loss,-1.2739907316299122,1.0,20.0
2020-04-02 18:00:00,2020-04-02 18:30:00,-288.19820858801495,307538.5384230961,0.032516250000000003,0.03164417,LONG,stop_loss,-2.8819820858801495,1.0,20.0
2020-04-02 19:00:00,2020-04-02 20:00:00,-234.5050303632315,310018.6879265082,0.03225612,0.031564209999999995,LONG,stop_loss,-2.345050303632315,1.0,20.0
2020-04-02 20:30:00,2020-04-06 09:00:00,479.2500603065357,314506.0572294092,0.03179589,0.0333833,LONG,take_profit,4.792500603065357,1.0,20.0
2020-04-06 09:00:00,2020-04-06 12:30:00,224.24165162927588,299251.57181888097,0.0334167,0.034232875,LONG,take_profit,2.2424165162927587,1.0,20.0
2020-04-06 12:30:00,2020-04-06 13:30:00,-76.66363898342813,291824.8904744708,0.034267125,0.034072955,LONG,stop_loss,-0.7666363898342812,1.0,20.0
2020-04-06 13:30:00,2020-04-06 16:30:00,312.8711121118817,293194.5584849112,0.034107045,0.03524237,LONG,take_profit,3.128711121118817,1.0,20.0
2020-04-06 16:30:00,2020-04-06 17:00:00,-100.82600786957597,283465.75436048285,0.03527763,0.034992495,LONG,stop_loss,-1.0082600786957596,1.0,20.0
2020-04-06 17:00:00,2020-04-06 23:30:00,298.15426191502945,285489.9314124714,0.035027505,0.03614192,LONG,take_profit,2.9815426191502947,1.0,20.0
2020-04-06 23:30:00,2020-04-07 02:00:00,-212.3346954841149,276410.4673327054,0.036178079999999994,0.03548225,LONG,stop_loss,-2.123346954841149,1.0,20.0
2020-04-07 02:00:00,2020-04-07 20:00:00,-139.74435317552127,281549.3661619895,0.035517749999999994,0.03509244500000001,LONG,stop_loss,-1.3974435317552125,1.0,20.000000000000004
2020-04-09 21:00:00,2020-04-10 02:30:00,-112.83086483292189,276257.6699488841,0.036198089999999995,0.03586206,LONG,stop_loss,-1.1283086483292188,1.0,20.000000000000004
2020-04-10 19:00:00,2020-04-10 22:30:00,-152.33377337615536,298536.51429960044,0.033496740000000004,0.033053465000000004,LONG,stop_loss,-1.5233377337615537,1.0,20.0
2020-04-11 00:30:00,2020-04-11 16:30:00,-116.2696138529892,297647.4835839971,0.03359679,0.033273355000000004,LONG,stop_loss,-1.162696138529892,1.0,19.999999999999996
2020-04-12 16:00:00,2020-04-12 17:30:00,-121.8307278420537,287130.2068012245,0.034827405,0.034472755,LONG,stop_loss,-1.218307278420537,1.0,20.0
2020-04-12 17:30:00,2020-04-12 22:00:00,-171.92316859836032,289794.2156784756,0.034507245,0.033983000000000006,LONG,stop_loss,-1.7192316859836032,1.0,20.0
2020-04-13 11:30:00,2020-04-13 12:00:00,-181.91113688897622,303984.26091090706,0.03289644,0.03236381,LONG,stop_loss,-1.8191113688897622,1.0,20.0
2020-04-16 06:00:00,2020-04-16 07:00:00,246.12625364336594,310403.80430902564,0.0322161,0.033073455,LONG,take_profit,2.4612625364336593,1.0,20.0
2020-04-16 07:00:00,2020-04-16 08:30:00,178.318791646787,302055.0770247998,0.033106545,0.03376311,LONG,take_profit,1.78318791646787,1.0,20.0
2020-04-16 08:30:00,2020-04-18 02:30:00,345.5913310366736,295885.2131068865,0.033796889999999996,0.035032475,LONG,take_profit,3.4559133103667357,1.0,20.0
2020-04-18 14:30:00,2020-04-18 22:30:00,200.2661512898085,277561.85778257775,0.036028005,0.03682158,LONG,take_profit,2.002661512898085,1.0,20.0
2020-04-18 22:30:00,2020-04-19 00:00:00,-184.56348373044605,271308.42830484867,0.036858419999999996,0.036251865,LONG,stop_loss,-1.8456348373044607,1.0,20.0
2020-04-19 00:00:00,2020-04-19 05:30:00,-148.43178631252334,275572.16704578506,0.036288135,0.03582208,LONG,stop_loss,-1.4843178631252336,1.0,19.999999999999996
2020-04-22 17:30:00,2020-04-23 01:30:00,336.0593233599225,273311.5258066892,0.036588285,0.037891045,LONG,take_profit,3.3605932335992246,1.0,20.0
2020-04-23 01:30:00,2020-04-23 02:00:00,-85.33399087847364,263650.8176932373,0.037928955,0.03768115,LONG,stop_loss,-0.8533399087847363,1.0,20.0
2020-04-23 02:00:00,2020-04-23 03:00:00,-125.39027568443854,265119.4296750829,0.03771885,0.03732133,LONG,stop_loss,-1.2539027568443855,1.0,20.0
2020-04-23 03:00:00,2020-04-23 04:00:00,-145.03790954014124,267675.4820233162,0.03735867,0.036891545,LONG,stop_loss,-1.4503790954014126,1.0,20.000000000000004
2020-04-23 04:00:00,2020-04-23 06:00:00,-92.24645601880724,270793.89051071863,0.036928455,0.03666166,LONG,stop_loss,-0.9224645601880724,1.0,20.0
2020-04-23 07:00:00,2020-04-23 09:30:00,292.96359426915154,271529.54356834077,0.036828405,0.037981,LONG,take_profit,2.9296359426915157,1.0,20.0
2020-04-23 12:00:00,2020-04-23 14:00:00,220.98414403262052,258870.82358846482,0.038629304999999996,0.03956021,LONG,take_profit,2.209841440326205,1.0,20.0
2020-04-23 14:00:00,2020-04-23 20:00:00,595.9578118974889,252526.59168142057,0.039599789999999996,0.04203897,LONG,take_profit,5.959578118974889,1.0,20.0
2020-04-23 20:00:00,2020-04-23 23:00:00,-186.75684982045297,237636.7688718646,0.04208103,0.0413793,LONG,stop_loss,-1.8675684982045297,1.0,20.0
2020-04-23 23:00:00,2020-04-24 01:00:00,365.7443259046822,241425.18112924215,0.0414207,0.043018480000000005,LONG,take_profit,3.657443259046822,1.0,20.0
2020-04-24 01:00:00,2020-04-24 18:30:00,-220.32502336192414,232225.8944877004,0.04306152,0.04219889,LONG,stop_loss,-2.2032502336192414,1.0,20.0
2020-04-25 12:00:00,2020-04-27 02:30:00,1029.444910807852,233473.54587130633,0.042831405,0.047326325,LONG,take_profit,10.29444910807852,1.0,20.0
2020-04-27 02:30:00,2020-04-27 05:00:00,-219.87894120521585,211087.69796727825,0.047373675000000004,0.046426775,LONG,stop_loss,-2.1987894120521587,1.0,20.000000000000004
2020-04-27 05:00:00,2020-04-27 05:30:00,-154.73564617045486,215177.66412810818,0.046473225,0.045847065000000006,LONG,stop_loss,-1.5473564617045485,1.0,20.0
2020-04-27 05:30:00,2020-04-27 06:00:00,-226.00556490884608,217898.46302050631,0.045892935,0.04494751500000001,LONG,stop_loss,-2.2600556490884607,1.0,20.0
2020-04-27 07:30:00,2020-04-27 13:30:00,-99.65727312852651,217803.49746678193,0.045912945000000004,0.045547215,LONG,stop_loss,-0.996572731285265,1.0,19.999999999999996
2020-04-28 05:30:00,2020-04-28 14:00:00,-172.17171656950845,209187.99704375523,0.04780389,0.047076450000000006,LONG,stop_loss,-1.7217171656950845,1.0,20.0
2020-04-29 09:00:00,2020-04-29 10:00:00,150.28511257750003,207322.18416823528,0.048234105000000006,0.04905546,LONG,take_profit,1.5028511257750004,1.0,20.0
2020-04-29 10:00:00,2020-04-29 11:00:00,167.44397157574375,203647.1576762556,0.04910454,0.050024975,LONG,take_profit,1.6744397157574376,1.0,20.0
2020-04-29 11:00:00,2020-04-29 16:30:00,215.51361182545665,199700.3496253871,0.050075024999999995,0.05125436,LONG,take_profit,2.1551361182545663,1.0,20.0
2020-04-29 16:30:00,2020-04-29 18:00:00,-154.67525207754886,194910.34513944274,0.05130564,0.05061468,LONG,stop_loss,-1.5467525207754886,1.0,19.999999999999996
2020-04-29 18:00:00,2020-04-30 01:00:00,480.94719622811147,197373.66703693965,0.05066532,0.053203385000000006,LONG,take_profit,4.809471962281115,1.0,19.999999999999996
2020-04-30 01:00:00,2020-04-30 07:00:00,-260.8367486367658,187770.10142308142,0.053256615,0.051974,LONG,stop_loss,-2.6083674863676576,1.0,20.0
2020-04-30 07:30:00,2020-04-30 08:30:00,-461.45069778656995,190163.67006755373,0.05258628,0.050264855000000004,LONG,stop_loss,-4.6145069778657,1.0,20.0
2020-05-01 04:00:00,2020-05-01 09:00:00,454.2092551371872,202697.2723332108,0.049334655,0.05167415000000001,LONG,take_profit,4.542092551371872,1.0,20.0
2020-05-01 09:00:00,2020-05-01 11:30:00,-157.52698119025513,193326.9342118109,0.051725850000000004,0.05101448000000001,LONG,stop_loss,-1.5752698119025514,1.0,20.0
2020-05-01 11:30:00,2020-05-01 12:30:00,-63.268921965349975,195826.85146454984,0.05106552,0.050844565,LONG,stop_loss,-0.6326892196534997,1.0,20.0
2020-05-02 10:00:00,2020-05-02 16:30:00,196.8696528229902,199103.63543327936,0.0502251,0.05131433,LONG,take_profit,1.9686965282299018,1.0,20.0
2020-05-04 12:00:00,2020-05-04 14:00:00,405.0841126880269,210288.29157901587,0.047553765000000005,0.0495752,LONG,take_profit,4.050841126880269,1.0,20.0
2020-05-04 14:00:00,2020-05-07 00:00:00,-46.10791378504172,201512.14715223035,0.0496248,0.04949524,LONG,stop_loss,-0.4610791378504172,1.0,20.0
2020-05-08 02:30:00,2020-05-08 05:00:00,-209.70537454242012,189263.44439974672,0.052836405,0.05183407,LONG,stop_loss,-2.0970537454242013,1.0,20.0
2020-05-08 05:00:00,2020-05-10 00:00:00,-1264.7796541374512,192730.47625820717,0.051885930000000004,0.045427275,LONG,stop_loss,-12.647796541374511,1.0,20.0
2020-05-10 20:00:00,2020-05-11 07:30:00,-150.61145766875177,211713.67292418182,0.047233605000000005,0.04661668,LONG,stop_loss,-1.5061145766875177,1.0,20.0
2020-05-12 05:00:00,2020-05-12 07:00:00,-305.3101008550834,196752.01769194144,0.0508254,0.049375300000000004,LONG,stop_loss,-3.0531010085508345,1.0,20.0
2020-05-12 07:00:00,2020-05-13 17:30:00,477.5943202487828,202327.9858046685,0.0494247,0.051884045000000004,LONG,take_profit,4.775943202487828,1.0,20.0
2020-05-17 14:00:00,2020-05-17 15:00:00,-58.834508842576184,192359.5554032068,0.05198598,0.051784095,LONG,stop_loss,-0.5883450884257618,1.0,20.0
2020-05-17 15:00:00,2020-05-17 16:30:00,-120.62040973336981,192916.47362962025,0.051835905,0.05131433,LONG,stop_loss,-1.2062040973336983,1.0,20.0
2020-05-18 03:30:00,2020-05-18 04:00:00,-119.40326640332813,182557.1232648516,0.054777375,0.05423287,LONG,stop_loss,-1.1940326640332815,1.0,20.000000000000004
2020-05-18 04:00:00,2020-05-18 08:30:00,-123.89294847600146,184205.7224244494,0.05428713,0.053723125000000004,LONG,stop_loss,-1.2389294847600147,1.0,20.0
2020-05-18 08:30:00,2020-05-19 02:00:00,-128.50109828806427,185953.53486047674,0.053776875,0.05319339000000001,LONG,stop_loss,-1.2850109828806429,1.0,20.0
2020-05-19 22:00:00,2020-05-20 04:00:00,-132.402264756628,176652.57155798204,0.05660829,0.055972,LONG,stop_loss,-1.32402264756628,1.0,19.999999999999996
2020-05-25 07:30:00,2020-05-25 09:30:00,-199.98941538873063,188977.1695736552,0.052916445,0.05196400500000001,LONG,stop_loss,-1.9998941538873063,1.0,19.999999999999996
2020-05-27 05:30:00,2020-05-27 06:00:00,-136.77222982711564,181068.8858469316,0.0552276,0.054582695,LONG,stop_loss,-1.3677222982711563,1.0,20.0
2020-05-27 06:00:00,2020-05-28 11:30:00,270.0161345805778,183025.1327366897,0.054637305,0.056221875000000004,LONG,take_profit,2.700161345805778,1.0,20.0
2020-05-28 13:30:00,2020-05-28 16:00:00,-45.28582647451674,169983.03569303782,0.0588294,0.058680645000000003,LONG,stop_loss,-0.4528582647451674,1.0,19.999999999999996
2020-05-28 16:00:00,2020-05-28 18:00:00,659.1468854228991,170243.6126511774,0.058739355,0.06272862,LONG,take_profit,6.5914688542289905,1.0,20.0
2020-05-28 18:00:00,2020-05-28 18:30:00,-123.90996343765404,159257.52866078116,0.06279138,0.06213891500000001,LONG,stop_loss,-1.2390996343765404,1.0,20.0
2020-05-28 18:30:00,2020-05-28 23:00:00,789.5164256379135,160768.89977079982,0.062201085,0.067236365,LONG,take_profit,7.895164256379135,1.0,20.0
2020-05-28 23:00:00,2020-05-28 23:30:00,-377.4992643413679,148580.3849970362,0.067303635,0.064897535,LONG,stop_loss,-3.7749926434136793,1.0,20.0
2020-05-28 23:30:00,2020-05-29 02:30:00,-97.69255677105104,153935.04541430195,0.064962465,0.064457755,LONG,stop_loss,-0.9769255677105104,1.0,20.0
2020-05-29 02:30:00,2020-05-29 11:00:00,-226.72792770927433,154985.3077802857,0.064522245,0.06318839,LONG,stop_loss,-2.2672792770927432,1.0,20.0
2020-05-30 22:30:00,2020-05-31 00:00:00,-126.42865366168952,130380.93528242399,0.07669833000000001,0.07588204000000001,LONG,stop_loss,-1.2642865366168952,1.0,20.0
2020-05-31 00:00:00,2020-05-31 07:30:00,1014.7974063547788,131651.77158522952,0.07595796,0.08381807000000001,LONG,take_profit,10.147974063547787,1.0,20.000000000000004
2020-05-31 10:30:00,2020-05-31 14:30:00,-738.4208376580948,120132.24157152192,0.0832416,0.07726134999999999,LONG,stop_loss,-7.384208376580947,1.0,20.0
2020-06-02 21:00:00,2020-06-03 04:00:00,-154.68114656741164,126008.60437154092,0.07935966,0.078290835,LONG,stop_loss,-1.5468114656741165,1.0,20.0
2020-06-03 05:30:00,2020-06-03 13:30:00,656.0303120194277,127341.09439101319,0.078529245,0.08383806,LONG,take_profit,6.560303120194277,1.0,20.0
2020-06-03 23:30:00,2020-06-07 14:00:00,-215.64376297124866,116818.63603027845,0.08560278,0.08392801500000001,LONG,stop_loss,-2.1564376297124865,1.0,20.0
2020-06-07 19:30:00,2020-06-09 00:00:00,-31.1617865442417,116736.77293565316,0.08566281,0.08556719500000001,LONG,stop_loss,-0.311617865442417,1.0,20.0
2020-06-10 11:00:00,2020-06-10 15:30:00,-156.57401318833848,121771.47293799493,0.08212104,0.08099948,LONG,stop_loss,-1.565740131883385,1.0,20.0
2020-06-10 19:00:00,2020-06-11 00:00:00,345.3025420720866,122307.91114477023,0.08176086,0.084747605,LONG,take_profit,3.4530254207208664,1.0,20.0
2020-06-11 00:00:00,2020-06-11 02:00:00,-141.92453130670282,117879.49638814275,0.084832395,0.08379808,LONG,stop_loss,-1.4192453130670282,1.0,20.0
2020-06-11 02:00:00,2020-06-11 06:00:00,-76.46568414266088,119215.20155952558,0.08388192,0.083408275,LONG,stop_loss,-0.7646568414266087,1.0,20.0
2020-06-12 05:30:00,2020-06-12 07:00:00,340.3889007013218,129569.64608180743,0.07717857,0.07996,LONG,take_profit,3.403889007013218,1.0,20.0
2020-06-12 07:00:00,2020-06-12 15:00:00,-279.74512743628156,124937.53123438281,0.08004,0.077961,LONG,stop_loss,-2.7974512743628157,1.0,20.0
2020-06-15 14:30:00,2020-06-15 18:30:00,521.3297766127974,137900.14485031212,0.07251624000000001,0.07644176000000001,LONG,take_profit,5.213297766127975,1.0,20.0
2020-06-15 18:30:00,2020-06-16 14:00:00,218.1876530354082,130687.79417822469,0.07651824,0.07834081000000001,LONG,stop_loss,2.1818765303540824,1.0,20.0
2020-06-18 15:00:00,2020-06-18 15:30:00,-148.66415277210072,121151.5454394015,0.08254125000000001,0.08147924,LONG,stop_loss,-1.4866415277210074,1.0,20.0
2020-06-18 23:00:00,2020-06-19 01:30:00,-158.57437547467893,122517.80459365806,0.08162079,0.080489735,LONG,stop_loss,-1.5857437547467892,1.0,20.0
2020-06-19 09:00:00,2020-06-20 08:00:00,-197.94651864603063,124470.76586239881,0.08034015,0.07891052500000001,LONG,stop_loss,-1.9794651864603063,1.0,20.0
2020-06-20 20:30:00,2020-06-21 05:30:00,144.71297996927544,126663.3189551467,0.07894945499999999,0.08024985500000001,LONG,take_profit,1.4471297996927543,1.0,20.0
2020-06-24 06:00:00,2020-06-24 07:00:00,-192.25634389348164,115136.53379507689,0.086853405,0.08535730000000001,LONG,stop_loss,-1.9225634389348163,1.0,20.0
2020-06-24 07:00:00,2020-06-24 07:30:00,-227.68948078653844,117037.49998537029,0.08544270000000001,0.08366814500000001,LONG,stop_loss,-2.2768948078653843,1.0,20.0
2020-06-30 01:30:00,2020-06-30 04:30:00,-202.7055684709449,118354.08524275458,0.084492225,0.082948505,LONG,stop_loss,-2.027055684709449,1.0,20.0
2020-07-01 13:00:00,2020-07-01 13:30:00,172.2084296736674,115602.61969408541,0.08650323,0.08816589500000001,LONG,take_profit,1.7220842967366743,1.0,20.0
2020-07-01 13:30:00,2020-07-01 16:00:00,435.47286440670496,113309.17694989938,0.088254105,0.09227384000000001,LONG,take_profit,4.35472864406705,1.0,20.0
2020-07-01 16:00:00,2020-07-01 23:30:00,440.721220845384,108264.7584353404,0.09236616,0.09662166500000001,LONG,take_profit,4.407212208453839,1.0,20.0
2020-07-01 23:30:00,2020-07-02 00:30:00,-242.87811302789694,103393.01229699622,0.096718335,0.094562695,LONG,stop_loss,-2.4287811302789697,1.0,20.0
2020-07-02 00:30:00,2020-07-02 15:00:00,-191.5498872485329,105644.25006606728,0.094657305,0.09303346,LONG,stop_loss,-1.915498872485329,1.0,20.0
2020-07-03 16:00:00,2020-07-03 17:30:00,-191.17225671597902,99541.90318445001,0.100460205,0.09874060500000001,LONG,stop_loss,-1.91172256715979,1.0,20.0
2020-07-03 17:30:00,2020-07-03 22:30:00,-308.0850292537699,101174.23320933925,0.098839395,0.09599198,LONG,stop_loss,-3.0808502925376993,1.0,20.0
2020-07-06 23:00:00,2020-07-07 11:30:00,240.23740184963998,95536.25022701801,0.10467231,0.10739627500000001,LONG,take_profit,2.4023740184963995,1.0,20.0
2020-07-07 12:00:00,2020-07-07 22:00:00,647.8949440481512,91037.45786274364,0.109844895,0.11718138,LONG,take_profit,6.478949440481512,1.0,20.0
2020-07-07 22:00:00,2020-07-08 01:00:00,697.697275551923,85252.49487163618,0.11729861999999999,0.12571711000000002,LONG,stop_loss,6.97697275551923,1.0,20.0
2020-07-08 01:00:00,2020-07-09 01:30:00,-396.9358761547831,79464.16360908431,0.12584289,0.12109942000000001,LONG,stop_loss,-3.9693587615478307,1.0,20.0
2020-07-09 06:30:00,2020-07-09 13:30:00,-371.25617028214,79218.5345070193,0.126233085,0.12179907000000001,LONG,stop_loss,-3.7125617028214,1.0,20.0
2020-07-09 20:30:00,2020-07-10 02:00:00,-316.06838913365686,80624.36475559107,0.124031985,0.12035979000000001,LONG,stop_loss,-3.1606838913365687,1.0,20.0
2020-07-11 21:30:00,2020-07-12 04:00:00,-223.0691584900605,79168.33662376733,0.126313125,0.12374809500000002,LONG,stop_loss,-2.230691584900605,1.0,20.000000000000004
2020-07-12 05:30:00,2020-07-12 11:30:00,-173.38834896719692,80598.35899323138,0.124072005,0.12216888500000002,LONG,stop_loss,-1.7338834896719693,1.0,19.999999999999996
2020-07-13 01:30:00,2020-07-13 19:30:00,-363.7519876425433,75719.71589962594,0.13206600000000002,0.127526205,LONG,stop_loss,-3.6375198764254333,1.0,20.0
2020-07-14 11:30:00,2020-07-14 17:00:00,523.4195600612373,79325.41665675098,0.126063,0.13291350999999998,LONG,take_profit,5.234195600612374,1.0,20.0
2020-07-14 18:30:00,2020-07-15 02:00:00,-218.1448630814933,75297.59302961145,0.13280637,0.13017488,LONG,stop_loss,-2.181448630814933,1.0,20.0
2020-07-15 10:30:00,2020-07-16 06:30:00,-295.67845592960686,76825.53803805246,0.13016505,0.12657668,LONG,stop_loss,-2.9567845592960684,1.0,20.0
2020-07-16 15:00:00,2020-07-16 20:00:00,-276.43678517685447,79281.37145038968,0.12613303499999998,0.12289852000000001,LONG,stop_loss,-2.7643678517685446,1.0,20.0
2020-07-21 11:00:00,2020-07-21 13:30:00,-114.84095612955535,80846.09317116092,0.12369181500000001,0.12251871,LONG,stop_loss,-1.1484095612955536,1.0,20.0
2020-07-21 13:30:00,2020-07-22 02:30:00,-129.4223650126314,81538.60742984683,0.12264129,0.12129932,LONG,stop_loss,-1.2942236501263138,1.0,20.0
2020-07-23 01:30:00,2020-07-23 03:00:00,-150.8354258331605,79540.04853374681,0.12572283,0.12407793,LONG,stop_loss,-1.508354258331605,1.0,20.0
2020-07-23 03:00:00,2020-07-23 10:00:00,86.69186109378089,80513.95600733547,0.12420207,0.125527205,LONG,take_profit,0.8669186109378089,1.0,20.0
2020-07-23 11:00:00,2020-07-23 14:00:00,-134.05755455605467,79476.80103968372,0.12582288,0.124387775,LONG,stop_loss,-1.3405755455605466,1.0,20.0
2020-07-24 17:00:00,2020-07-24 22:00:00,-152.44737319626475,81134.8526564707,0.12325159499999999,0.12161916,LONG,stop_loss,-1.5244737319626473,1.0,20.0
2020-07-25 02:00:00,2020-07-25 08:30:00,270.10734645065196,77384.65855334952,0.12922458,0.13297348,LONG,take_profit,2.7010734645065195,1.0,20.0
2020-07-25 08:30:00,2020-07-25 16:00:00,304.90745006330474,75127.7999004106,0.13310651999999998,0.13743125,LONG,take_profit,3.0490745006330475,1.0,20.0
2020-07-25 16:00:00,2020-07-25 23:00:00,517.8205442733172,72690.9272636409,0.13756875000000002,0.14496748,LONG,take_profit,5.178205442733172,1.0,20.0
2020-07-25 23:00:00,2020-07-26 02:00:00,-44.459295448800745,68912.0414971775,0.14511252,0.144757585,LONG,stop_loss,-0.44459295448800745,1.0,20.0
2020-07-26 02:00:00,2020-07-26 10:30:00,-25.856355120098733,69011.96229200184,0.14490241499999998,0.144817555,LONG,stop_loss,-0.25856355120098734,1.0,20.000000000000004
2020-07-26 13:30:00,2020-07-27 03:30:00,-445.9337097897748,67997.83998061517,0.14706349500000002,0.14079956500000002,LONG,stop_loss,-4.459337097897748,1.0,20.0
2020-07-27 19:00:00,2020-07-28 00:00:00,-228.97077425151315,71098.32478838117,0.14065029,0.13771111000000003,LONG,stop_loss,-2.2897077425151315,1.0,20.000000000000004
2020-07-28 14:30:00,2020-07-28 19:00:00,385.3037766830887,71392.87499107589,0.14007,0.14574709000000002,LONG,take_profit,3.8530377668308873,1.0,20.0
2020-07-28 22:00:00,2020-07-29 00:30:00,-307.20039873849316,66350.2555679144,0.15071531999999999,0.14638677000000003,LONG,stop_loss,-3.0720039873849316,1.0,20.0
2020-07-29 00:30:00,2020-07-29 09:00:00,-281.00700844443463,68243.90617745886,0.14653323000000001,0.14270860999999999,LONG,stop_loss,-2.8100700844443467,1.0,20.000000000000004
2020-08-04 17:00:00,2020-08-04 21:00:00,-320.29813629199754,68826.6251119035,0.14529261,0.14092949999999999,LONG,stop_loss,-3.2029813629199753,1.0,20.0
2020-08-04 21:30:00,2020-08-05 21:00:00,-140.88724612301743,69342.32342688098,0.14421207,0.14246873000000002,LONG,stop_loss,-1.4088724612301744,1.0,19.999999999999996
2020-08-06 01:30:00,2020-08-06 04:00:00,-187.68051230705476,69807.25309925007,0.14325159,0.14084954,LONG,stop_loss,-1.8768051230705476,1.0,20.000000000000004
2020-08-06 10:00:00,2020-08-07 00:00:00,209.6924425308315,69914.67892243022,0.14303148000000002,0.146316805,LONG,take_profit,2.096924425308315,1.0,20.0
2020-08-08 05:30:00,2020-08-08 21:30:00,270.6956578368043,70786.13667670413,0.1412706,0.145377275,LONG,take_profit,2.7069565783680427,1.0,19.999999999999996
2020-08-09 02:30:00,2020-08-09 09:30:00,-245.81396319619273,67058.05098121856,0.14912452499999998,0.145757085,LONG,stop_loss,-2.4581396319619273,1.0,20.0
2020-08-09 16:00:00,2020-08-09 17:30:00,-268.6827374291217,68426.11418327257,0.146143035,0.14250871,LONG,stop_loss,-2.6868273742912168,1.0,20.0
2020-08-12 08:00:00,2020-08-13 04:00:00,607.7126664808748,74885.760835773,0.13353673500000002,0.14191900500000001,LONG,take_profit,6.077126664808747,1.0,20.0
2020-08-13 23:30:00,2020-08-15 04:00:00,-226.21445549626665,71648.76343190411,0.13956975000000002,0.13669162,LONG,stop_loss,-2.262144554962666,1.0,20.0
2020-08-16 16:00:00,2020-08-16 17:30:00,-103.48270693731432,72082.81046264694,0.13872933,0.13757118000000002,LONG,stop_loss,-1.0348270693731432,1.0,20.000000000000004
2020-08-17 13:00:00,2020-08-17 13:30:00,21.050371131232307,70931.81817295171,0.140980455,0.141559185,LONG,take_profit,0.21050371131232307,1.0,20.000000000000004
2020-08-17 13:30:00,2020-08-18 11:30:00,-341.7638515346583,70571.22430806061,0.141700815,0.137141395,LONG,stop_loss,-3.4176385153465825,1.0,20.0
2020-08-19 14:00:00,2020-08-19 14:30:00,-214.5576133009455,73861.97530853255,0.13538766,0.13275359,LONG,stop_loss,-2.1455761330094547,1.0,20.0
2020-08-20 21:00:00,2020-08-21 01:00:00,-105.19263138472195,75235.24650922562,0.132916425,0.131784075,LONG,stop_loss,-1.0519263138472195,1.0,19.999999999999996
2020-08-21 01:30:00,2020-08-21 03:00:00,-96.43899311020368,75542.30593870927,0.13237615500000002,0.131364285,LONG,stop_loss,-0.9643899311020369,1.0,20.0
2020-08-22 06:30:00,2020-08-23 05:30:00,-234.51352183181342,80559.38179052652,0.124132035,0.12146923500000001,LONG,stop_loss,-2.345135218318134,1.0,20.0
2020-08-24 11:30:00,2020-08-24 14:00:00,-129.40199379692447,79565.37572640204,0.12568281,0.124307815,LONG,stop_loss,-1.2940199379692447,1.0,20.0
2020-08-24 14:00:00,2020-08-25 00:00:00,-135.2205918428571,80365.05989185997,0.124432185,0.12299847000000001,LONG,stop_loss,-1.3522059184285709,1.0,20.0
2020-08-26 02:30:00,2020-08-26 08:30:00,-259.97070177851396,87155.58509548852,0.11473734000000001,0.11198398000000001,LONG,stop_loss,-2.5997070177851396,1.0,20.0
2020-08-29 09:30:00,2020-08-29 10:30:00,-181.092510375133,87891.33396720563,0.11377686000000001,0.111944,LONG,stop_loss,-1.81092510375133,1.0,20.0
2020-08-29 10:30:00,2020-08-29 18:00:00,283.0846184050837,89241.09373884485,0.112056,0.11545224500000001,LONG,take_profit,2.830846184050837,1.0,19.999999999999996
2020-08-29 18:30:00,2020-08-29 19:30:00,-118.93704716489522,86394.69702438088,0.115747845,0.11460267,LONG,stop_loss,-1.1893704716489522,1.0,19.999999999999996
2020-08-29 19:30:00,2020-08-29 23:00:00,177.36773859712568,87170.7875348912,0.11471732999999999,0.11698148000000001,LONG,take_profit,1.773677385971257,1.0,20.0
2020-08-29 23:00:00,2020-08-30 06:00:00,-145.22489609603923,85398.17582664579,0.11709852000000001,0.11563215500000001,LONG,stop_loss,-1.4522489609603921,1.0,20.0
2020-08-31 18:30:00,2020-08-31 21:30:00,-224.17823216905632,80281.14456827812,0.12456225,0.12201896,LONG,stop_loss,-2.2417823216905632,1.0,20.000000000000004
2020-08-31 21:30:00,2020-09-01 00:00:00,-180.56519577694684,81872.56306316043,0.12214103999999999,0.12017988,LONG,stop_loss,-1.8056519577694683,1.0,20.0
2020-09-01 00:30:00,2020-09-01 20:30:00,207.86225934651787,82060.77585181136,0.12186090000000001,0.12463765000000002,LONG,stop_loss,2.078622593465179,1.0,19.999999999999996
2020-09-02 21:00:00,2020-09-03 03:30:00,-269.686639114033,85646.97942374143,0.11675835,0.11384305,LONG,stop_loss,-2.6968663911403303,1.0,20.0
2020-09-04 08:30:00,2020-09-04 14:30:00,-27.991190444291593,100240.72308445117,0.099759855,0.099680135,LONG,stop_loss,-0.2799119044429159,1.0,20.0
2020-09-04 17:00:00,2020-09-05 11:00:00,-537.8594899882856,100220.62066329714,0.099779865,0.09461267,LONG,stop_loss,-5.378594899882857,1.0,19.999999999999996
2020-09-06 07:30:00,2020-09-06 10:00:00,2.045491299914939,110539.73124032984,0.09046521,0.090664645,LONG,stop_loss,0.020454912999149387,1.0,20.0
2020-09-06 10:00:00,2020-09-07 11:30:00,-426.4674751148282,110186.33556113575,0.090755355,0.087066445,LONG,stop_loss,-4.264674751148282,1.0,20.0
2020-09-07 15:00:00,2020-09-08 06:00:00,643.3644503715005,110442.0165607804,0.09054525,0.0965517,LONG,take_profit,6.433644503715005,1.0,20.0
2020-09-08 06:00:00,2020-09-08 06:30:00,-196.4950857904377,103467.9347696752,0.0966483,0.09494250500000001,LONG,stop_loss,-1.964950857904377,1.0,20.0
2020-09-08 06:30:00,2020-09-08 08:30:00,-244.5397987394328,105221.62857933072,0.095037495,0.09290352500000001,LONG,stop_loss,-2.445397987394328,1.0,20.0
2020-09-13 23:30:00,2020-09-14 00:00:00,-143.62539109592277,105265.95575303448,0.09499747500000001,0.093823065,LONG,stop_loss,-1.4362539109592276,1.0,20.0
2020-09-14 02:00:00,2020-09-14 15:30:00,238.3554951693024,105288.13334826319,0.094977465,0.09743126,LONG,take_profit,2.383554951693024,1.0,20.0
2020-09-14 15:30:00,2020-09-14 16:00:00,-76.11217780522915,102533.87873154107,0.09752874,0.096981485,LONG,stop_loss,-0.7611217780522915,1.0,20.0
2020-09-14 16:00:00,2020-09-14 18:00:00,-141.18953405910693,103009.40429506982,0.097078515,0.095902025,LONG,stop_loss,-1.4118953405910692,1.0,20.0
2020-09-14 18:00:00,2020-09-15 08:30:00,-191.37601079606094,104168.86397864122,0.095997975,0.0943528,LONG,stop_loss,-1.9137601079606092,1.0,20.0
2020-09-16 07:30:00,2020-09-16 10:00:00,-168.84972124432244,107693.16343875256,0.092856405,0.09147424000000001,LONG,stop_loss,-1.6884972124432245,1.0,20.0
2020-09-22 00:00:00,2020-09-22 01:00:00,-225.49412182362775,122248.073614856,0.08180087999999999,0.08011992,LONG,stop_loss,-2.2549412182362776,1.0,20.0
2020-09-22 04:00:00,2020-09-22 07:00:00,-190.67255332976765,121786.31045145151,0.082111035,0.08070962500000001,LONG,stop_loss,-1.9067255332976767,1.0,20.000000000000004
2020-09-24 17:00:00,2020-09-25 00:00:00,-17.85647880798265,121445.9598876139,0.08234115,0.08235880000000001,LONG,take_profit,-0.1785647880798265,1.0,20.0
2020-09-25 00:00:00,2020-09-25 02:30:00,507.0890040416693,121298.57401396388,0.0824412,0.08678658500000001,LONG,take_profit,5.0708900404166934,1.0,20.0
2020-09-25 02:30:00,2020-09-25 05:30:00,-294.61565773603064,115110.0138057195,0.08687341500000001,0.084487735,LONG,stop_loss,-2.946156577360306,1.0,20.0
2020-09-25 05:30:00,2020-09-25 07:00:00,382.4635026624876,118242.07380516533,0.084572265,0.08797599,LONG,take_profit,3.824635026624876,1.0,20.0
2020-09-25 07:00:00,2020-09-25 08:30:00,-251.31413161858077,113553.76617530818,0.08806401,0.086026965,LONG,stop_loss,-2.513141316185808,1.0,20.0
2020-09-25 08:30:00,2020-09-25 11:00:00,552.6682377412455,116126.43776868391,0.08611303499999999,0.09104445500000001,LONG,take_profit,5.526682377412455,1.0,19.999999999999996
2020-09-25 11:00:00,2020-09-25 15:00:00,547.9754260535786,109726.67141015068,0.091135545,0.09631182,LONG,take_profit,5.479754260535786,1.0,20.0
2020-09-25 15:00:00,2020-09-26 12:00:00,-283.99575222766407,103725.63821866568,0.09640818,0.09386304499999999,LONG,stop_loss,-2.839957522276641,1.0,20.0
2020-09-30 11:00:00,2020-09-30 12:00:00,-77.67272740558995,101492.71424401528,0.09852924,0.09796099500000001,LONG,stop_loss,-0.7767272740558996,1.0,20.0
2020-09-30 12:30:00,2020-09-30 13:00:00,39.87225321051181,101307.54610531751,0.09870933,0.099300325,LONG,stop_loss,0.3987225321051181,1.0,20.0
2020-10-01 12:30:00,2020-10-01 15:30:00,-398.8089439201511,97104.85280045298,0.102981465,0.099080435,LONG,stop_loss,-3.9880894392015107,1.0,20.0
2020-10-02 20:00:00,2020-10-05 00:00:00,481.82081549683113,106681.63623386301,0.093736845,0.098440755,LONG,take_profit,4.818208154968311,1.0,20.000000000000004
2020-10-05 01:30:00,2020-10-05 06:00:00,-113.16052633581651,101472.10658630077,0.09854925,0.09763116000000001,LONG,stop_loss,-1.131605263358165,1.0,20.000000000000004
2020-10-05 06:00:00,2020-10-05 10:00:00,-114.88140859954777,102323.94040489993,0.09772884,0.09680157500000001,LONG,stop_loss,-1.1488140859954776,1.0,20.0
2020-10-06 17:00:00,2020-10-06 18:30:00,-351.0762442007627,104299.30604978217,0.095877915,0.092703625,LONG,stop_loss,-3.510762442007627,1.0,20.0
2020-10-07 05:00:00,2020-10-08 06:00:00,-61.30486361704038,108019.04786286203,0.092576265,0.09219388,LONG,stop_loss,-0.6130486361704038,1.0,20.0
2020-10-08 12:00:00,2020-10-08 14:30:00,338.6039700340261,108147.61413926232,0.09246621000000001,0.095782085,LONG,take_profit,3.3860397003402607,1.0,20.0
2020-10-08 14:30:00,2020-10-09 16:00:00,372.3990211927339,104299.30604978217,0.095877915,0.09964015500000001,LONG,take_profit,3.7239902119273394,1.0,20.0
2020-10-09 16:00:00,2020-10-09 21:30:00,249.59285930311998,100260.83357157813,0.09973984500000001,0.10242876000000001,LONG,take_profit,2.4959285930312,1.0,20.0
2020-10-09 21:30:00,2020-10-10 02:00:00,255.6286766842972,97531.24998780861,0.10253124,0.105357295,LONG,take_profit,2.5562867668429723,1.0,20.000000000000004
2020-10-10 02:00:00,2020-10-10 03:00:00,91.31423188889315,94820.24949009226,0.105462705,0.106636655,LONG,stop_loss,0.9131423188889315,1.0,20.000000000000004
2020-10-10 03:00:00,2020-10-10 05:30:00,-216.33027239309214,93682.6553449304,0.10674334499999999,0.10464765000000001,LONG,stop_loss,-2.1633027239309213,1.0,20.0
2020-10-10 05:30:00,2020-10-10 12:30:00,415.59547828759816,95463.25213706422,0.10475235000000001,0.109315315,LONG,take_profit,4.155954782875981,1.0,20.0
2020-10-10 12:30:00,2020-10-10 16:00:00,-249.2142764678729,91387.05768264264,0.109424685,0.106916515,LONG,stop_loss,-2.492142764678729,1.0,20.0
2020-10-10 16:00:00,2020-10-10 23:30:00,-185.02359271892516,93437.43571796415,0.107023485,0.105257345,LONG,stop_loss,-1.8502359271892515,1.0,20.0
2020-10-12 21:30:00,2020-10-12 22:30:00,-167.68402745097396,88876.06703495131,0.11251623000000001,0.110854545,LONG,stop_loss,-1.6768402745097395,1.0,20.0
2020-10-12 22:30:00,2020-10-12 23:00:00,-118.26661820113124,90118.13631548666,0.11096545499999999,0.10987503500000001,LONG,stop_loss,-1.1826661820113125,1.0,20.0
2020-10-12 23:00:00,2020-10-13 18:00:00,-151.76891950640652,90921.5182275141,0.109984965,0.10853570500000001,LONG,stop_loss,-1.5176891950640652,1.0,20.0
2020-10-17 08:30:00,2020-10-17 17:00:00,-127.78872611886854,94079.46629095089,0.10629312,0.1051474,LONG,stop_loss,-1.2778872611886853,1.0,19.999999999999996
2020-10-19 13:30:00,2020-10-19 14:00:00,-87.61381737035711,91504.18839833952,0.10928461499999999,0.10854570000000001,LONG,stop_loss,-0.876138173703571,1.0,20.0
2020-10-19 14:00:00,2020-10-19 16:00:00,96.94981238662514,92035.01380065033,0.1086543,0.10992501,LONG,take_profit,0.9694981238662513,1.0,20.0
2020-10-19 16:00:00,2020-10-19 22:00:00,-92.67097493260944,90880.1827491419,0.11003499,0.109235355,LONG,stop_loss,-0.9267097493260944,1.0,20.0
2020-10-19 22:00:00,2020-10-19 23:30:00,-146.99753152063414,91453.9527747335,0.109344645,0.107955995,LONG,stop_loss,-1.4699753152063415,1.0,20.0
2020-10-21 15:30:00,2020-10-21 23:00:00,-162.97189113718244,93037.34989063228,0.107483715,0.105947,LONG,stop_loss,-1.6297189113718242,1.0,20.0
2020-10-23 23:00:00,2020-10-24 09:00:00,-137.55279993204815,91975.72926061123,0.108724335,0.10744625000000001,LONG,stop_loss,-1.3755279993204816,1.0,19.999999999999996
2020-10-26 21:30:00,2020-10-27 21:30:00,-154.6405818272797,96672.81650788881,0.103441695,0.10204895,LONG,stop_loss,-1.5464058182727969,1.0,20.0
2020-10-28 22:00:00,2020-10-29 10:30:00,-202.01099832723582,100644.4718432245,0.09935965499999999,0.09755120000000002,LONG,stop_loss,-2.020109983272358,1.0,20.0
2020-11-01 20:30:00,2020-11-01 22:30:00,-135.52679729205946,101523.64142966608,0.098499225,0.097361295,LONG,stop_loss,-1.3552679729205945,1.0,20.0
2020-11-01 22:30:00,2020-11-02 00:00:00,245.8813289177202,102607.56081255132,0.09745870499999999,0.10004995,LONG,take_profit,2.458813289177202,1.0,19.999999999999996
2020-11-02 00:00:00,2020-11-02 02:00:00,-181.69138208118548,99850.17481269356,0.10015004999999999,0.09853071000000001,LONG,stop_loss,-1.8169138208118547,1.0,20.0
2020-11-02 02:00:00,2020-11-02 08:30:00,-228.61956929832843,101389.75957344924,0.09862929,0.09657169,LONG,stop_loss,-2.2861956929832843,1.0,20.0
2020-11-03 10:30:00,2020-11-04 05:00:00,311.22783762040524,108724.05633363021,0.09197596499999999,0.095022465,LONG,take_profit,3.1122783762040527,1.0,20.0
2020-11-05 16:30:00,2020-11-05 17:30:00,-45.4211992212655,102892.75786237002,0.09718857,0.09694150500000001,LONG,stop_loss,-0.454211992212655,1.0,20.0
2020-11-05 17:30:00,2020-11-06 00:30:00,120.38552432207376,103051.88677957133,0.097038495,0.098400775,LONG,take_profit,1.2038552432207377,1.0,19.999999999999996
2020-11-06 03:00:00,2020-11-06 03:30:00,-5.47844954522772,98115.26944881343,0.101920935,0.10206894000000001,LONG,take_profit,-0.054784495452277204,1.0,20.0
2020-11-06 03:30:00,2020-11-06 13:30:00,654.7879487596576,97875.07343077383,0.10217106000000001,0.10906544,LONG,take_profit,6.5478794875965765,1.0,20.0
2020-11-06 13:30:00,2020-11-06 14:30:00,-245.1389884236745,91596.43052374107,0.10917455999999999,0.10671661500000001,LONG,stop_loss,-2.451389884236745,1.0,20.0
2020-11-06 14:30:00,2020-11-07 02:00:00,538.884180650145,93612.46135385055,0.106823385,0.11279357500000001,LONG,take_profit,5.388841806501451,1.0,20.0
2020-11-07 02:00:00,2020-11-07 04:30:00,-147.73276631511436,88568.91890784781,0.112906425,0.11146424,LONG,stop_loss,-1.4773276631511436,1.0,20.000000000000004
2020-11-07 04:30:00,2020-11-07 08:00:00,-192.13550685202475,89625.20174632914,0.11157576,0.10965514500000001,LONG,stop_loss,-1.9213550685202474,1.0,20.0
2020-11-07 08:30:00,2020-11-07 13:30:00,-98.34577489793114,89980.21694950148,0.11113554,0.11026484,LONG,stop_loss,-0.9834577489793113,1.0,20.0
2020-11-08 08:30:00,2020-11-08 14:30:00,341.7484526967296,96105.79325721755,0.10405199999999999,0.107816065,LONG,take_profit,3.417484526967296,1.0,20.0
2020-11-08 14:30:00,2020-11-09 03:00:00,-276.3416539621167,92657.85203254495,0.107923935,0.105157395,LONG,stop_loss,-2.763416539621167,1.0,19.999999999999996
2020-11-17 07:30:00,2020-11-17 11:00:00,297.1219865971194,92452.15520072725,0.108164055,0.111594175,LONG,take_profit,2.971219865971194,1.0,19.999999999999996
2020-11-17 11:00:00,2020-11-17 13:30:00,-212.5262178583782,89520.84638379423,0.111705825,0.10955519500000001,LONG,stop_loss,-2.125262178583782,1.0,20.0
2020-11-17 13:30:00,2020-11-17 22:00:00,-193.13804551970844,91186.95829532546,0.109664805,0.10776609000000001,LONG,stop_loss,-1.9313804551970843,1.0,19.999999999999996
2020-11-21 15:30:00,2020-11-21 17:00:00,-302.1917769336965,76713.50448039471,0.13035514499999998,0.12667663,LONG,stop_loss,-3.021917769336965,1.0,20.0
2020-11-21 17:00:00,2020-11-22 00:00:00,673.1046075510465,78862.25736745009,0.12680337,0.13559217,LONG,take_profit,6.731046075510465,1.0,20.0
2020-11-24 03:30:00,2020-11-24 06:00:00,12.591164453296974,59177.04262137729,0.16898445,0.16953519,LONG,stop_loss,0.12591164453296974,1.0,20.0
2020-11-24 06:00:00,2020-11-24 10:00:00,-865.145756328297,58925.848949125255,0.16970480999999998,0.15536228,LONG,stop_loss,-8.65145756328297,1.0,20.0
2020-11-26 20:30:00,2020-11-28 13:00:00,1669.3470034897289,72844.56306938725,0.137278605,0.160469725,LONG,take_profit,16.693470034897288,1.0,20.0
2020-11-28 13:00:00,2020-11-29 05:00:00,19.783907485684264,62254.76486297493,0.160630275,0.161269325,LONG,stop_loss,0.19783907485684266,1.0,20.0
2020-11-29 07:00:00,2020-12-01 12:00:00,-986.6293831323695,61789.08567476895,0.16184088,0.146196865,LONG,stop_loss,-9.866293831323695,1.0,20.0
2020-12-02 07:00:00,2020-12-03 15:00:00,721.8927336331822,63968.015992003995,0.156328125,0.167925995,LONG,take_profit,7.218927336331822,1.0,20.0
2020-12-05 04:00:00,2020-12-08 08:30:00,-291.9003898440129,64860.49642278148,0.15417704999999998,0.14998497,LONG,stop_loss,-2.919003898440129,1.0,20.0
2020-12-09 23:30:00,2020-12-10 06:00:00,-305.9023591047338,67492.75777399301,0.148164045,0.143928,LONG,stop_loss,-3.059023591047338,1.0,20.0
2020-12-11 21:00:00,2020-12-12 06:00:00,439.5202932607602,71174.26830983853,0.140500215,0.146956485,LONG,take_profit,4.395202932607602,1.0,20.000000000000004
2020-12-12 06:00:00,2020-12-12 10:00:00,-172.6802401696507,67979.34094232896,0.147103515,0.144857535,LONG,stop_loss,-1.726802401696507,1.0,20.000000000000004
2020-12-13 08:00:00,2020-12-13 13:00:00,247.6700205386863,65986.68052254985,0.151545735,0.15560216000000002,LONG,take_profit,2.4767002053868628,1.0,20.0
2020-12-13 13:00:00,2020-12-14 04:30:00,-355.9792354593513,64202.22571139917,0.15575784,0.1505247,LONG,stop_loss,-3.5597923545935126,1.0,19.999999999999996
2020-12-14 21:00:00,2020-12-16 00:00:00,-240.0183949683744,64654.90975322223,0.154667295,0.15126433,LONG,stop_loss,-2.400183949683744,1.0,20.0
2020-12-16 15:30:00,2020-12-17 01:00:00,367.92194065886144,61915.39675866087,0.161510715,0.16777607000000003,LONG,take_profit,3.6792194065886146,1.0,20.0
2020-12-17 01:00:00,2020-12-17 09:00:00,-311.49579862755377,59543.68222775303,0.16794393000000002,0.16304843500000002,LONG,stop_loss,-3.1149579862755377,1.0,20.0
2020-12-24 09:00:00,2020-12-24 21:30:00,845.9822248772459,71602.56822659663,0.139659795,0.151754085,LONG,take_profit,8.45982224877246,1.0,20.0
2020-12-24 21:30:00,2020-12-25 11:30:00,966.1762130855807,65830.22129190953,0.151905915,0.166886515,LONG,take_profit,9.661762130855807,1.0,20.0
2020-12-25 11:30:00,2020-12-25 12:00:00,-218.46308504129675,59861.06784901853,0.167053485,0.16373809,LONG,stop_loss,-2.1846308504129675,1.0,20.0
2020-12-25 12:00:00,2020-12-25 14:30:00,-370.8821221180379,61012.10168935799,0.16390190999999998,0.15815088500000002,LONG,stop_loss,-3.7088212211803793,1.0,20.0
2020-12-25 14:30:00,2020-12-26 05:00:00,-331.1535933985851,63167.55671333265,0.158309115,0.15338327000000002,LONG,stop_loss,-3.3115359339858506,1.0,20.0
2020-12-27 06:00:00,2020-12-27 08:00:00,-318.28173170084966,62161.841524663374,0.160870395,0.15607192500000003,LONG,stop_loss,-3.182817317008497,1.0,20.0
2020-12-29 01:00:00,2020-12-29 03:30:00,-533.4459811564941,53414.93426010381,0.18721356,0.17760115499999998,LONG,stop_loss,-5.33445981156494,1.0,20.0
2020-12-29 03:30:00,2021-01-03 13:30:00,1014.601164159887,56249.66232624585,0.177778845,0.196171865,LONG,take_profit,10.14601164159887,1.0,20.0
2021-01-03 13:30:00,2021-01-03 15:30:00,-50.35472124843494,50924.75925383718,0.196368135,0.195772065,LONG,stop_loss,-0.5035472124843494,1.0,20.0
2021-01-03 15:30:00,2021-01-04 03:30:00,1453.6893053447754,51028.75631158741,0.19596793499999998,0.22484752,LONG,take_profit,14.536893053447756,1.0,20.0
2021-01-04 03:30:00,2021-01-04 07:00:00,-357.28135043431257,44430.13201791707,0.22507248,0.217481205,LONG,stop_loss,-3.572813504343126,1.0,20.0
2021-01-04 07:00:00,2021-01-04 09:30:00,-521.7131583112334,45935.02687968484,0.217698795,0.20677656000000003,LONG,stop_loss,-5.217131583112334,1.0,20.0
2021-01-04 11:30:00,2021-01-05 22:00:00,2232.3187086394682,47037.51940679855,0.21259624500000002,0.260479695,LONG,take_profit,22.32318708639468,1.0,20.0
2021-01-06 13:00:00,2021-01-07 18:30:00,-389.2707185957132,32441.827059465177,0.30824404499999997,0.29686149500000003,LONG,stop_loss,-3.8927071859571325,1.0,20.0
2021-01-08 07:00:00,2021-01-08 18:00:00,-666.9686867623509,32267.966097661418,0.309904875,0.289855,LONG,stop_loss,-6.669686867623509,1.0,20.0
2021-01-09 19:30:00,2021-01-10 10:00:00,-643.3566090276147,29631.503657616508,0.337478655,0.3164417,LONG,stop_loss,-6.4335660902761465,1.0,20.0
2021-01-13 22:00:00,2021-01-14 22:00:00,-217.50190387171426,32400.812042111724,0.30863424,0.30253865500000005,LONG,stop_loss,-2.1750190387171426,1.0,20.0
2021-01-16 04:00:00,2021-01-16 11:00:00,1270.2841149286965,32629.284730839077,0.30647315999999997,0.34601690500000004,LONG,take_profit,12.702841149286964,1.0,20.0
2021-01-16 11:00:00,2021-01-16 11:30:00,136.2213202881785,28871.43620194293,0.346363095,0.351774025,LONG,take_profit,1.362213202881785,1.0,20.0
2021-01-16 11:30:00,2021-01-20 12:00:00,-283.47062297804,28398.927400910998,0.352125975,0.34284849,LONG,stop_loss,-2.8347062297804,1.0,20.0
2021-01-20 16:30:00,2021-01-21 10:00:00,-387.7591092240423,28251.2295394178,0.353966895,0.34094944,LONG,stop_loss,-3.8775910922404226,1.0,19.999999999999996
2021-01-22 18:30:00,2021-01-23 11:00:00,-540.7545371430422,28232.875257755564,0.35419701,0.33575204000000003,LONG,stop_loss,-5.407545371430422,1.0,20.0
2021-01-24 10:00:00,2021-01-24 14:30:00,-292.6487566366611,27778.556734806218,0.359989905,0.350174825,LONG,stop_loss,-2.9264875663666112,1.0,20.0
2021-01-26 16:30:00,2021-01-27 05:00:00,-330.41746354209556,29496.834879004353,0.339019425,0.32849567,LONG,stop_loss,-3.3041746354209556,1.0,20.0
2021-01-30 17:00:00,2021-01-31 14:30:00,-471.02569129384057,27509.433569346395,0.363511665,0.347116355,LONG,stop_loss,-4.710256912938406,1.0,20.0
2021-02-01 20:00:00,2021-02-01 22:00:00,1449.33977991778,27257.36316439124,0.366873345,0.420779505,LONG,take_profit,14.493397799177801,1.0,20.0
2021-02-01 22:00:00,2021-02-01 22:30:00,-727.6508777607196,23741.662506830624,0.42120049499999995,0.391394205,LONG,stop_loss,-7.276508777607196,1.0,19.999999999999996
2021-02-01 22:30:00,2021-02-02 13:30:00,1340.9870669251816,25524.151532854834,0.391785795,0.44510733500000005,LONG,take_profit,13.409870669251816,1.0,20.0
2021-02-02 13:30:00,2021-02-02 19:30:00,-591.7126616221678,22444.035880696614,0.445552665,0.420079855,LONG,stop_loss,-5.917126616221678,1.0,19.999999999999996
2021-02-02 21:30:00,2021-02-05 02:30:00,1202.4405233232615,23486.7057494845,0.42577278,0.47782097,LONG,take_profit,12.024405233232615,1.0,20.0
2021-02-05 02:30:00,2021-02-05 10:00:00,943.3858132641438,20907.42270583321,0.47829902999999996,0.5243776800000001,LONG,take_profit,9.433858132641438,1.0,20.0
2021-02-05 10:00:00,2021-02-05 13:00:00,-498.03846628073654,19051.16365269637,0.52490232,0.49980997,LONG,stop_loss,-4.980384662807365,1.0,20.0
2021-02-05 13:00:00,2021-02-05 20:30:00,899.7630916973641,19987.606484723085,0.50031003,0.5463267,LONG,take_profit,8.997630916973641,1.0,20.0
2021-02-05 20:30:00,2021-02-05 21:30:00,-241.45559126766653,18285.771128339966,0.5468733,0.534762485,LONG,stop_loss,-2.4145559126766654,1.0,20.0
2021-02-05 21:30:00,2021-02-06 19:30:00,1456.8451708579303,18681.200117284312,0.535297515,0.61435267,LONG,take_profit,14.568451708579303,1.0,20.0
2021-02-06 21:00:00,2021-02-07 15:00:00,-659.902494957575,15618.899721454887,0.640249965,0.59928021,LONG,stop_loss,-6.59902494957575,1.0,20.0
2021-02-10 01:30:00,2021-02-10 07:30:00,705.6947911419647,13307.861554004508,0.75143553,0.8059668150000001,LONG,take_profit,7.056947911419647,1.0,20.000000000000004
2021-02-10 07:30:00,2021-02-10 12:30:00,228.43661604841313,12395.057478267574,0.8067731850000001,0.8268163850000001,LONG,stop_loss,2.284366160484131,1.0,20.0
2021-02-10 12:30:00,2021-02-11 16:00:00,1556.6095168872894,12082.495193296452,0.827643615,0.958130695,LONG,take_profit,15.566095168872893,1.0,20.0
2021-02-13 22:30:00,2021-02-14 04:00:00,-339.8065475207379,11121.870408544337,0.89912934,0.870374595,LONG,stop_loss,-3.398065475207379,1.0,20.0
2021-02-14 20:30:00,2021-02-14 21:30:00,79.71428018568122,11541.973161599852,0.866402985,0.8750422600000001,LONG,stop_loss,0.7971428018568122,1.0,19.999999999999996
2021-02-14 21:30:00,2021-02-14 23:30:00,-407.35309779203686,11416.597179547935,0.87591774,0.841988795,LONG,stop_loss,-4.073530977920369,1.0,20.000000000000004
2021-02-15 00:00:00,2021-02-15 01:30:00,-495.88857941101713,11592.30639722414,0.862641105,0.821589,LONG,stop_loss,-4.958885794110171,1.0,20.000000000000004
2021-02-15 07:00:00,2021-02-20 01:00:00,1894.3639869545173,12150.206047446723,0.8230313100000001,0.98058946,LONG,take_profit,18.943639869545173,1.0,20.0
2021-02-20 03:30:00,2021-02-20 22:00:00,1482.0949644202537,9656.26086751809,1.03559754,1.1911541250000002,LONG,take_profit,14.820949644202539,1.0,20.0
2021-02-20 22:00:00,2021-02-20 22:30:00,-463.88017864363337,8386.828192784245,1.192345875,1.139420005,LONG,stop_loss,-4.638801786436334,1.0,20.0
2021-02-20 22:30:00,2021-02-22 00:30:00,-785.6491143194972,8767.622960508972,1.140559995,1.05323312,LONG,stop_loss,-7.856491143194972,1.0,19.999999999999996
2021-02-22 14:30:00,2021-02-23 08:00:00,-1411.6098312976453,9610.024901208224,1.0405800299999999,0.89577189,LONG,stop_loss,-14.116098312976453,1.0,20.0
2021-02-25 18:00:00,2021-02-25 22:00:00,-169.0451907608126,8788.360589774577,1.13786865,1.120909265,LONG,stop_loss,-1.690451907608126,1.0,20.0
2021-02-26 21:00:00,2021-02-26 22:00:00,-555.4895497995881,7793.61734381628,1.28310123,1.2143925000000002,LONG,stop_loss,-5.554895497995881,1.0,20.000000000000004
2021-02-26 22:00:00,2021-02-27 09:00:00,1855.8548297867526,8226.339505144546,1.2156075000000002,1.4436378200000002,LONG,take_profit,18.558548297867524,1.0,20.0
2021-02-27 10:00:00,2021-02-27 13:30:00,-715.0588796162212,7036.306132919362,1.421200245,1.3224184600000002,LONG,stop_loss,-7.150588796162212,1.0,20.000000000000004
2021-03-05 06:30:00,2021-03-05 08:00:00,-512.4027477315691,8680.738664886769,1.1519757,1.0952521000000002,LONG,stop_loss,-5.124027477315691,1.0,20.0
2021-03-05 08:30:00,2021-03-05 12:30:00,194.59847349052663,9086.365907955113,1.1005500000000001,1.124167635,LONG,stop_loss,1.9459847349052664,1.0,20.0
2021-03-07 16:30:00,2021-03-07 20:00:00,-246.9194121132968,8836.845524331711,1.13162553,1.1059467500000002,LONG,stop_loss,-2.469194121132968,1.0,20.0
2021-03-09 10:30:00,2021-03-09 17:30:00,-234.47372412730718,8443.293938696908,1.18437189,1.1589702250000002,LONG,stop_loss,-2.344737241273072,1.0,20.000000000000004
2021-03-09 18:00:00,2021-03-10 02:00:00,-119.52786466474946,8547.485781631356,1.169934675,1.1582905650000002,LONG,stop_loss,-1.1952786466474945,1.0,20.0
2021-03-12 09:30:00,2021-03-12 10:00:00,-297.889021986722,8982.172704581963,1.1133163799999999,1.0823785400000001,LONG,stop_loss,-2.97889021986722,1.0,19.999999999999996
2021-03-13 02:30:00,2021-03-13 12:00:00,1109.5751108718882,9435.122339145719,1.0598696699999999,1.17958991,LONG,take_profit,11.095751108718883,1.0,20.0
2021-03-13 12:30:00,2021-03-13 19:00:00,-389.0118976702523,8728.954882581067,1.14561252,1.103338055,LONG,stop_loss,-3.890118976702523,1.0,20.0
2021-03-13 20:00:00,2021-03-14 01:00:00,-348.89201403913603,9010.351307830868,1.10983464,1.0733330650000001,LONG,stop_loss,-3.4889201403913606,1.0,20.000000000000004
2021-03-16 17:30:00,2021-03-17 21:00:00,1223.4403544550887,8295.709387761548,1.20544242,1.355331995,LONG,take_profit,12.234403544550887,1.0,19.999999999999996
2021-03-17 22:00:00,2021-03-18 16:00:00,-356.7654000353343,7315.593297579248,1.3669431300000001,1.320909215,LONG,stop_loss,-3.5676540003533432,1.0,20.0
2021-03-21 01:00:00,2021-03-21 02:30:00,-273.92052073434985,8049.061411827265,1.24238088,1.21083428,LONG,stop_loss,-2.7392052073434985,1.0,20.0
2021-03-21 14:30:00,2021-03-21 23:00:00,-208.01421961151152,8276.406656523517,1.208253825,1.185536935,LONG,stop_loss,-2.080142196115115,1.0,20.0
2021-03-23 01:30:00,2021-03-23 05:00:00,-410.21485342583003,8695.086993258481,1.15007475,1.1051971250000001,LONG,stop_loss,-4.1021485342583,1.0,19.999999999999996
2021-03-23 07:30:00,2021-03-23 22:00:00,-37.16619689782777,8857.75529626337,1.128954195,1.12701621,LONG,stop_loss,-0.3716619689782777,1.0,20.0
2021-03-24 06:30:00,2021-03-24 20:00:00,-274.6536074278051,8859.247029560915,1.1287641000000002,1.1000197150000002,LONG,stop_loss,-2.7465360742780516,1.0,20.0
2021-03-25 04:00:00,2021-03-26 10:30:00,963.3606049360673,9094.551003858587,1.099559505,1.2076858550000003,LONG,take_profit,9.633606049360672,1.0,20.000000000000004
2021-03-26 11:30:00,2021-03-26 12:00:00,-310.09971176929946,7929.961281448595,1.261040205,1.2244574650000002,LONG,stop_loss,-3.100997117692995,1.0,20.0
2021-03-26 12:00:00,2021-03-27 03:00:00,-364.3352482786254,8158.7195007229175,1.225682535,1.183477965,LONG,stop_loss,-3.643352482786254,1.0,20.0
2021-03-31 12:30:00,2021-03-31 15:30:00,-22.87125732435732,8385.069210361262,1.192596,1.192253575,LONG,stop_loss,-0.2287125732435732,1.0,20.0
2021-03-31 15:30:00,2021-04-03 21:30:00,-211.22793886621028,8379.094185145346,1.1934464249999999,1.1706243950000002,LONG,stop_loss,-2.1122793886621025,1.0,20.0
2021-04-05 15:30:00,2021-04-06 11:00:00,-92.65187416896863,8281.13814770218,1.2075634800000001,1.198790305,LONG,stop_loss,-0.9265187416896864,1.0,20.0
2021-04-10 07:30:00,2021-04-10 12:30:00,-158.01880802431882,8137.728681721359,1.228844115,1.2118837550000001,LONG,stop_loss,-1.5801880802431882,1.0,20.0
2021-04-11 12:30:00,2021-04-11 13:00:00,-282.98777145045995,7831.662395297575,1.276868115,1.2432880450000001,LONG,stop_loss,-2.8298777145045992,1.0,20.0
2021-04-11 13:00:00,2021-04-12 02:00:00,520.9406301664632,8035.149246127633,1.244531955,1.311853745,LONG,take_profit,5.209406301664632,1.0,20.0
2021-04-12 05:00:00,2021-04-12 07:30:00,-369.90245938704624,7479.16198891829,1.33704819,1.290264545,LONG,stop_loss,-3.6990245938704627,1.0,20.0
2021-04-13 14:00:00,2021-04-13 15:00:00,-157.4434756326571,7087.9504862996755,1.41084507,1.391453925,LONG,stop_loss,-1.574434756326571,1.0,20.0
2021-04-13 15:00:00,2021-04-14 04:00:00,743.9316857033175,7179.54422925017,1.392846075,1.49925,LONG,take_profit,7.439316857033175,1.0,20.0
2021-04-14 04:00:00,2021-04-14 08:30:00,-76.28202565383889,6663.334999167083,1.50075,1.4923034750000002,LONG,stop_loss,-0.7628202565383889,1.0,20.0
2021-04-14 08:30:00,2021-04-14 09:00:00,-445.9078725598189,6694.352164194518,1.493796525,1.430174555,LONG,stop_loss,-4.4590787255981885,1.0,20.0
2021-04-14 10:30:00,2021-04-14 13:30:00,-484.95110917708513,6727.515497008545,1.486432845,1.417320985,LONG,stop_loss,-4.849511091770851,1.0,20.0
2021-04-16 16:00:00,2021-04-17 15:30:00,-330.7801248081809,7062.557852721945,1.4159176050000002,1.3719137000000001,LONG,stop_loss,-3.307801248081809,1.0,20.0
2021-04-17 21:30:00,2021-04-17 23:30:00,-233.4585900790848,7147.660472804302,1.39905918,1.36919506,LONG,stop_loss,-2.334585900790848,1.0,20.0
2021-04-19 20:30:00,2021-04-19 23:00:00,-346.4603787297396,8089.516813362976,1.236167775,1.195811795,LONG,stop_loss,-3.464603787297396,1.0,20.0
2021-04-20 09:00:00,2021-04-22 21:00:00,-215.41751932582676,8390.559677264171,1.19181561,1.1685254450000002,LONG,stop_loss,-2.1541751932582676,1.0,20.0
2021-04-23 10:30:00,2021-04-25 21:30:00,-549.1049717361312,9018.399966390227,1.108844145,1.05017465,LONG,stop_loss,-5.491049717361313,1.0,20.0
2021-04-26 06:30:00,2021-04-26 09:00:00,-351.59496728471913,8166.518913923217,1.22451195,1.1839077500000001,LONG,stop_loss,-3.5159496728471913,1.0,20.0
2021-04-26 09:00:00,2021-04-27 09:30:00,939.9083953169047,8438.161670536618,1.18509225,1.29885025,LONG,take_profit,9.399083953169047,1.0,20.0
2021-04-27 12:00:00,2021-04-27 13:30:00,-189.56760837653565,7602.496766373031,1.31535735,1.2930531500000002,LONG,stop_loss,-1.8956760837653563,1.0,20.0
2021-04-27 13:30:00,2021-04-28 06:00:00,-352.7763342569267,7725.90438181234,1.2943468500000002,1.2512740500000001,LONG,stop_loss,-3.527763342569267,1.0,20.0
2021-04-28 11:00:00,2021-04-29 07:30:00,773.701168988596,7702.090235609637,1.29834885,1.40139895,LONG,take_profit,7.73701168988596,1.0,20.0
2021-05-05 21:00:00,2021-05-06 09:30:00,816.9085353517014,6916.956746540225,1.4457225,1.56671625,LONG,take_profit,8.169085353517014,1.0,20.0
2021-05-06 11:30:00,2021-05-06 18:30:00,-684.4172499890569,6012.3932259087005,1.6632312,1.55272325,LONG,stop_loss,-6.844172499890569,1.0,20.0
2021-05-11 06:30:00,2021-05-12 23:30:00,-629.9248291767841,6020.360497982548,1.6610300999999998,1.5597197500000002,LONG,stop_loss,-6.2992482917678405,1.0,20.0
2021-05-13 05:00:00,2021-05-13 09:30:00,-384.06962749923827,5933.865173801131,1.6852421999999998,1.6238876500000001,LONG,stop_loss,-3.8406962749923825,1.0,20.0
2021-05-14 20:00:00,2021-05-15 01:30:00,618.3101695475025,5176.612025456093,1.9317654,2.05507195,LONG,take_profit,6.183101695475026,1.0,20.0
2021-05-15 01:30:00,2021-05-15 12:30:00,979.160212705282,4861.146101235653,2.0571280499999998,2.2626681,LONG,take_profit,9.79160212705282,1.0,20.0
2021-05-15 12:30:00,2021-05-15 16:00:00,-458.4911087172186,4415.14378423475,2.2649318999999997,2.16561665,LONG,stop_loss,-4.584911087172186,1.0,20.0
2021-05-15 16:30:00,2021-05-16 18:30:00,-560.6151671521853,4457.4778124027225,2.24342115,2.1221384000000003,LONG,stop_loss,-5.606151671521853,1.0,20.0
2021-05-16 23:00:00,2021-05-17 02:30:00,-651.9165354800256,4463.648847244831,2.2403196,2.0987501,LONG,stop_loss,-6.519165354800256,1.0,20.0
2021-05-19 16:30:00,2021-05-19 20:30:00,-1529.4000295620463,5654.5612688111705,1.7684838,1.50154885,LONG,stop_loss,-15.294000295620464,1.0,20.0
2021-05-22 00:30:00,2021-05-22 05:00:00,-1248.9851261214005,6352.082935335637,1.57428675,1.38080925,LONG,stop_loss,-12.489851261214005,1.0,20.0
2021-05-22 09:30:00,2021-05-23 07:30:00,-751.3578122854968,6695.024783140615,1.49364645,1.38440745,LONG,stop_loss,-7.513578122854968,1.0,20.0
2021-05-23 20:30:00,2021-05-24 12:30:00,1941.4460849967504,7908.69006073004,1.2644319,1.5124434000000002,LONG,take_profit,19.414460849967504,1.0,20.0
2021-05-26 04:00:00,2021-05-27 01:30:00,-394.131476258701,5866.644655015922,1.70455185,1.6407792,LONG,stop_loss,-3.94131476258701,1.0,20.000000000000004
2021-05-28 03:30:00,2021-05-28 04:30:00,-340.3953247612826,5960.76007797628,1.6776384,1.6238876500000001,LONG,stop_loss,-3.403953247612826,1.0,20.000000000000004
2021-05-28 18:30:00,2021-05-28 21:00:00,-687.7546596620896,6407.874406174269,1.5605799,1.4563714500000002,LONG,stop_loss,-6.8775465966208955,1.0,20.0
2021-05-30 06:30:00,2021-05-31 00:30:00,-379.26153666638265,6141.3225798774965,1.62831375,1.5698147,LONG,stop_loss,-3.792615366663826,1.0,20.000000000000004
2021-06-03 12:30:00,2021-06-03 13:30:00,-285.6669407110514,5373.946179230402,1.86082995,1.8113938500000002,LONG,stop_loss,-2.856669407110514,1.0,20.0
2021-06-04 15:30:00,2021-06-05 11:30:00,-282.39121677954745,5818.4902193215885,1.7186589,1.6735628000000002,LONG,stop_loss,-2.823912167795475,1.0,20.0
2021-06-08 08:00:00,2021-06-08 13:30:00,-603.8699552274564,6365.4327466250315,1.5709851000000001,1.47926,LONG,stop_loss,-6.038699552274564,1.0,20.0
2021-06-12 10:30:00,2021-06-13 14:30:00,-306.5901030471505,6935.675871730361,1.44182055,1.4004994000000002,LONG,stop_loss,-3.0659010304715046,1.0,20.0
2021-06-13 20:30:00,2021-06-14 00:00:00,-171.28828051249957,6339.191031109674,1.57748835,1.5536228,LONG,stop_loss,-1.7128828051249958,1.0,20.0
2021-06-14 00:00:00,2021-06-14 09:30:00,-315.99295823009646,6430.135421224026,1.5551772,1.50914505,LONG,stop_loss,-3.1599295823009648,1.0,20.0
2021-06-15 08:00:00,2021-06-15 08:30:00,-222.5404855393743,6214.251740083701,1.6092042,1.5766113,LONG,stop_loss,-2.225404855393743,1.0,20.0
2021-06-15 08:30:00,2021-06-15 14:30:00,-169.95893710302093,6336.377899550288,1.5781886999999999,1.55452235,LONG,stop_loss,-1.6995893710302092,1.0,19.999999999999996
2021-06-17 23:30:00,2021-06-18 01:30:00,-206.94619554446942,6731.5480190939015,1.4855424,1.45777075,LONG,stop_loss,-2.069461955444694,1.0,20.0
2021-06-18 04:00:00,2021-06-18 10:00:00,-122.48879750163375,6754.749272657042,1.48043985,1.465267,LONG,stop_loss,-1.2248879750163375,1.0,20.0
2021-06-20 15:00:00,2021-06-20 20:00:00,475.5896471717738,7246.956568119653,1.3798896,1.4482755,LONG,take_profit,4.755896471717738,1.0,20.0
2021-06-20 20:00:00,2021-06-20 23:00:00,-180.98265567009452,6897.862317978346,1.4497245,1.42638645,LONG,stop_loss,-1.8098265567009453,1.0,20.0
2021-06-20 23:00:00,2021-06-21 02:00:00,-219.7007942668705,7003.715576168892,1.42781355,1.3993,LONG,stop_loss,-2.197007942668705,1.0,20.0
2021-06-21 13:30:00,2021-06-21 16:00:00,-455.75433465201195,7486.332483522302,1.33576755,1.2775609,LONG,stop_loss,-4.557543346520119,1.0,20.0
2021-06-22 02:30:00,2021-06-22 05:30:00,-463.0600443032514,7979.404836939666,1.2532263,1.19770085,LONG,stop_loss,-4.630600443032514,1.0,20.0
2021-06-22 15:00:00,2021-06-24 15:30:00,1635.2883212279169,8478.96377566222,1.1793894,1.37461235,LONG,take_profit,16.352883212279167,1.0,20.0
2021-06-24 15:30:00,2021-06-25 07:00:00,-388.1039579097944,7267.507088453883,1.37598765,1.3253370000000002,LONG,stop_loss,-3.8810395790979437,1.0,20.0
2021-06-28 02:30:00,2021-06-29 10:30:00,496.3136187922141,7587.4914588557085,1.31795865,1.3860066500000001,LONG,take_profit,4.963136187922141,1.0,20.0
2021-06-29 12:30:00,2021-06-29 22:00:00,-204.89206405442695,7201.010445785754,1.3886939999999999,1.36301815,LONG,stop_loss,-2.0489206405442695,1.0,20.000000000000004
2021-06-30 17:30:00,2021-07-01 09:00:00,-222.31195263791386,7486.893257491105,1.3356675,1.30864535,LONG,stop_loss,-2.2231195263791386,1.0,20.0
2021-07-02 17:00:00,2021-07-03 09:30:00,550.9391029720988,7366.599719008421,1.3574784,1.43498215,LONG,take_profit,5.509391029720987,1.0,20.0
2021-07-03 09:30:00,2021-07-03 21:30:00,-265.1849230361485,6961.7625539810715,1.43641785,1.40119905,LONG,stop_loss,-2.6518492303614853,1.0,20.0
2021-07-04 07:30:00,2021-07-05 01:30:00,-154.506905251155,6920.788324851562,1.4449220999999999,1.4254869,LONG,stop_loss,-1.54506905251155,1.0,20.0
2021-07-09 04:30:00,2021-07-09 08:00:00,-187.38252243250435,7462.855595274117,1.33996965,1.3175409,LONG,stop_loss,-1.8738252243250435,1.0,20.0
2021-07-12 07:00:00,2021-07-12 09:30:00,-135.9064395564148,7307.890983951616,1.3683838499999998,1.3525234,LONG,stop_loss,-1.359064395564148,1.0,20.0
2021-07-14 09:00:00,2021-07-14 16:00:00,225.06553102314874,8050.098662009201,1.2422208000000001,1.2726633500000002,LONG,take_profit,2.2506553102314872,1.0,20.0
2021-07-14 16:30:00,2021-07-15 04:00:00,-251.96025446489975,7847.218731844723,1.27433685,1.2447773000000002,LONG,stop_loss,-2.5196025446489974,1.0,20.0
2021-07-20 15:00:00,2021-07-21 00:30:00,-281.6159148889976,9358.61657186388,1.068534,1.04057945,LONG,stop_loss,-2.816159148889976,1.0,20.0
2021-07-21 06:30:00,2021-07-21 16:30:00,413.8301406604793,8758.3267602091,1.1417706,1.19130405,LONG,take_profit,4.138301406604793,1.0,20.000000000000004
2021-07-21 16:30:00,2021-07-21 18:30:00,-315.80687464808375,8385.772714783645,1.1924959499999999,1.1572211000000001,LONG,stop_loss,-3.1580687464808377,1.0,20.0
2021-07-21 18:30:00,2021-07-24 16:30:00,684.4396267922345,8632.753928787895,1.1583789,1.2399797,LONG,take_profit,6.844396267922345,1.0,20.0
2021-07-24 17:00:00,2021-07-24 19:30:00,-191.18911298687092,8063.737393102561,1.24011975,1.21889025,LONG,stop_loss,-1.9118911298687091,1.0,20.0
2021-07-24 19:30:00,2021-07-25 14:00:00,-237.24971872407446,8195.9840088156,1.22010975,1.1936029,LONG,stop_loss,-2.3724971872407448,1.0,20.0
2021-07-26 02:00:00,2021-07-26 20:00:00,-325.44103184774025,7559.94440568083,1.32276105,1.2823585,LONG,stop_loss,-3.2544103184774027,1.0,20.0
2021-07-27 13:30:00,2021-07-27 14:00:00,-244.32992977519135,7686.098507190576,1.3010502,1.27186375,LONG,stop_loss,-2.4432992977519135,1.0,20.0
2021-07-30 23:30:00,2021-07-31 05:30:00,-126.64546602298802,7614.079758323017,1.31335635,1.29935,LONG,stop_loss,-1.26645466022988,1.0,20.0
2021-07-31 05:30:00,2021-08-01 02:00:00,393.42751701072433,7688.463460577403,1.30065,1.35442245,LONG,take_profit,3.9342751701072434,1.0,20.0
2021-08-01 02:00:00,2021-08-01 16:00:00,-186.2846534079263,7375.841265405228,1.35577755,1.3332330500000003,LONG,stop_loss,-1.862846534079263,1.0,20.0
2021-08-03 07:00:00,2021-08-03 13:30:00,395.0952378535263,7690.829869768101,1.3002498,1.35422255,LONG,take_profit,3.9509523785352636,1.0,20.0
2021-08-03 21:00:00,2021-08-04 04:00:00,-285.13673276790155,7314.308451335985,1.36718325,1.3309342,LONG,stop_loss,-2.8513673276790157,1.0,20.0
2021-08-04 17:00:00,2021-08-05 09:00:00,-214.5929209308374,7242.755433877265,1.38069,1.3538227500000002,LONG,stop_loss,-2.145929209308374,1.0,20.000000000000004
2021-08-06 18:00:00,2021-08-07 09:30:00,375.582123468182,7118.947648682782,1.404702,1.4602695,LONG,take_profit,3.75582123468182,1.0,20.0
2021-08-07 09:30:00,2021-08-07 12:30:00,-97.0053029611135,6841.206364647929,1.4617305,1.4504744,LONG,stop_loss,-0.9700530296111349,1.0,20.0
2021-08-07 12:30:00,2021-08-07 16:00:00,-208.97800272961624,6887.4052499659765,1.4519256,1.4244874,LONG,stop_loss,-2.0897800272961624,1.0,20.0
2021-08-10 12:00:00,2021-08-10 15:30:00,-199.03915828422595,6310.7731397592015,1.5845919000000002,1.5562215,LONG,stop_loss,-1.9903915828422596,1.0,20.0
2021-08-10 15:30:00,2021-08-10 21:00:00,749.5718614681118,6419.397879737075,1.5577785,1.6776607500000003,LONG,take_profit,7.4957186146811186,1.0,20.0
2021-08-10 21:00:00,2021-08-11 06:00:00,660.4074876472985,5954.722966190422,1.6793392500000002,1.79360275,LONG,take_profit,6.604074876472985,1.0,20.0
2021-08-11 06:00:00,2021-08-11 08:00:00,-219.8301490101974,5569.797993173934,1.79539725,1.7595198,LONG,stop_loss,-2.198301490101974,1.0,19.999999999999996
2021-08-11 08:00:00,2021-08-11 14:00:00,650.4194483081119,5677.688308765409,1.7612802,1.8793598500000002,LONG,take_profit,6.504194483081119,1.0,20.000000000000004
2021-08-11 14:00:00,2021-08-11 15:30:00,-254.73425229628347,5315.64245000831,1.88124015,1.8370810000000002,LONG,stop_loss,-2.547342522962835,1.0,20.000000000000004
2021-08-11 15:30:00,2021-08-11 21:00:00,-159.89767901685627,5437.977420430155,1.838919,1.8131929500000001,LONG,stop_loss,-1.5989767901685628,1.0,20.0
2021-08-11 21:30:00,2021-08-11 22:00:00,-291.3820344429857,5459.6616041681455,1.83161535,1.7819086,LONG,stop_loss,-2.913820344429857,1.0,20.0
2021-08-12 00:00:00,2021-08-12 05:00:00,-474.7201229317309,5439.457142177211,1.83841875,1.75482215,LONG,stop_loss,-4.747201229317309,1.0,20.0
2021-08-12 18:00:00,2021-08-13 06:30:00,1159.6009290617606,5656.801459477404,1.7677834499999998,1.9763113500000002,LONG,take_profit,11.596009290617607,1.0,20.0
2021-08-13 07:00:00,2021-08-13 23:30:00,821.2327629918875,5075.4087740570885,1.97028465,2.1360314500000004,LONG,take_profit,8.212327629918875,1.0,20.0
2021-08-14 06:00:00,2021-08-14 09:30:00,-186.5609317969547,4580.241269705171,2.1832911,2.146926,LONG,stop_loss,-1.865609317969547,1.0,20.0
2021-08-14 09:30:00,2021-08-15 07:30:00,-362.0650010190434,4653.166898859695,2.149074,2.0755617,LONG,stop_loss,-3.620650010190434,1.0,20.0
2021-08-17 01:00:00,2021-08-17 06:30:00,-299.40751425952374,4728.899743920621,2.1146568,2.0555717000000002,LONG,stop_loss,-2.9940751425952374,1.0,20.000000000000004
2021-08-18 05:00:00,2021-08-19 00:30:00,795.8640065687151,4983.547316888025,2.0066028,2.1703143000000003,LONG,take_profit,7.958640065687152,1.0,19.999999999999996
2021-08-19 19:30:00,2021-08-19 20:30:00,-130.60054361269357,4176.592076699939,2.39429655,2.3678155000000003,LONG,stop_loss,-1.3060054361269355,1.0,19.999999999999996
2021-08-19 20:30:00,2021-08-22 07:00:00,1079.0684480469783,4219.080835268309,2.3701845,2.6306840000000005,LONG,take_profit,10.790684480469782,1.0,20.0
2021-08-22 07:30:00,2021-08-22 13:00:00,-195.4088428297389,3813.2854521958816,2.62241055,2.57641115,LONG,stop_loss,-1.954088428297389,1.0,20.000000000000004
2021-08-22 13:00:00,2021-08-23 00:00:00,517.620199482444,3877.488652190179,2.57898885,2.7176405,LONG,take_profit,5.17620199482444,1.0,20.0
2021-08-23 01:30:00,2021-08-24 14:00:00,-329.7237320404315,3574.239199953735,2.7977982000000003,2.71114375,LONG,stop_loss,-3.297237320404315,1.0,20.0
2021-08-24 19:30:00,2021-08-24 23:30:00,-284.4239724175599,3580.2566532043643,2.7930958500000003,2.7192397,LONG,stop_loss,-2.8442397241755994,1.0,20.0
2021-08-25 12:30:00,2021-08-25 14:00:00,-107.74540102601796,3686.696358950472,2.71245555,2.6886550000000002,LONG,stop_loss,-1.0774540102601795,1.0,20.0
2021-08-26 21:00:00,2021-08-27 00:00:00,-154.67525207754775,3898.2069027888556,2.565282,2.5307340000000003,LONG,stop_loss,-1.5467525207754775,1.0,20.0
2021-08-27 14:00:00,2021-08-28 14:30:00,-218.28829040976873,3488.6570676267447,2.8664325,2.8095945,LONG,stop_loss,-2.182882904097687,1.0,20.0
2021-09-01 17:00:00,2021-09-01 19:30:00,-260.63950106269976,3444.1772910925656,2.903451,2.8335825000000003,LONG,stop_loss,-2.606395010626998,1.0,20.0
2021-09-01 19:30:00,2021-09-02 01:30:00,511.9671733798003,3525.5740736333773,2.8364175,2.9873056,LONG,take_profit,5.119671733798003,1.0,20.0
2021-09-02 02:30:00,2021-09-02 14:30:00,-216.41295646745087,3330.557313812271,3.0025005,2.9435275,LONG,stop_loss,-2.1641295646745085,1.0,20.0
2021-09-07 23:00:00,2021-09-08 06:00:00,-593.8823942712391,4001.2019610691045,2.4992490000000003,2.3558215000000002,LONG,stop_loss,-5.938823942712392,1.0,20.0
2021-09-08 12:00:00,2021-09-10 14:30:00,-486.7044566678755,4116.557866042267,2.429214,2.3158415000000003,LONG,stop_loss,-4.8670445666787545,1.0,20.0
2021-09-11 12:00:00,2021-09-11 13:30:00,-336.32632457220166,3605.7007571250447,2.773386,2.6856565,LONG,stop_loss,-3.363263245722017,1.0,19.999999999999996
2021-09-11 13:30:00,2021-09-11 22:30:00,-375.7599689176609,3719.762746092529,2.6883434999999998,2.592703,LONG,stop_loss,-3.757599689176609,1.0,20.0
2021-09-13 13:30:00,2021-09-13 14:00:00,-427.64751661537434,4059.7085697606108,2.4632310000000004,2.362818,LONG,stop_loss,-4.276475166153744,1.0,20.0
2021-09-15 14:00:00,2021-09-16 00:30:00,-252.61349826479565,3977.318941007013,2.5142565,2.4557715,LONG,stop_loss,-2.526134982647956,1.0,20.0
2021-09-18 01:30:00,2021-09-19 12:00:00,-131.58827365978044,4235.170550318061,2.36118,2.334832,LONG,stop_loss,-1.3158827365978045,1.0,20.0
2021-09-20 13:30:00,2021-09-20 18:30:00,-507.2391548828251,4591.181671451826,2.1780885,2.0719635,LONG,stop_loss,-5.072391548828251,1.0,20.0
2021-09-20 22:00:00,2021-09-20 23:30:00,-323.9559155499324,4668.380429122198,2.1420705,2.076961,LONG,stop_loss,-3.239559155499324,1.0,20.0
2021-09-22 18:00:00,2021-09-22 19:00:00,-96.62464899164428,4444.198532125667,2.2501245,2.232883,LONG,stop_loss,-0.9662464899164428,1.0,20.0
2021-09-22 19:00:00,2021-09-24 09:30:00,-450.3443622861783,4474.038719225885,2.235117,2.13893,LONG,stop_loss,-4.503443622861783,1.0,20.000000000000004
2021-09-26 09:30:00,2021-09-26 23:00:00,-316.43096405039495,4408.911556572839,2.2681335,2.200899,LONG,stop_loss,-3.1643096405039497,1.0,20.0
2021-09-29 03:30:00,2021-10-01 10:30:00,726.604507683447,4821.515918355342,2.0740365,2.228885,LONG,take_profit,7.2660450768344695,1.0,20.0
2021-10-01 11:00:00,2021-10-01 13:30:00,-213.33887219326684,4474.038719225885,2.235117,2.1919035,LONG,stop_loss,-2.1333887219326684,1.0,20.000000000000004
2021-10-01 13:30:00,2021-10-02 15:30:00,425.5455810626383,4557.684677952861,2.1940965,2.2918535,LONG,take_profit,4.255455810626383,1.0,20.000000000000004
2021-10-02 17:00:00,2021-10-02 23:00:00,-233.43097948426018,4330.590337413616,2.309154,2.2598695,LONG,stop_loss,-2.3343097948426017,1.0,20.0
2021-10-03 00:00:00,2021-10-03 00:30:00,-227.33926276545424,4387.621816835218,2.279139,2.2318835000000004,LONG,stop_loss,-2.2733926276545424,1.0,20.000000000000004
2021-10-04 13:00:00,2021-10-04 14:30:00,-170.89134231792255,4547.316878412477,2.199099,2.1659165,LONG,stop_loss,-1.7089134231792253,1.0,20.0
2021-10-06 15:30:00,2021-10-07 00:30:00,-235.51388885163882,4470.036895684537,2.237118,2.188905,LONG,stop_loss,-2.355138888516388,1.0,20.0
2021-10-07 10:00:00,2021-10-08 20:30:00,-316.9142060823346,4349.435378046399,2.299149,2.2308840000000005,LONG,stop_loss,-3.1691420608233463,1.0,20.0
2021-10-12 13:30:00,2021-10-12 15:00:00,-165.56362436470084,4677.118623654947,2.1380685,2.106946,LONG,stop_loss,-1.6556362436470085,1.0,19.999999999999996
2021-10-13 23:30:00,2021-10-14 09:00:00,-157.77944285052666,4566.0130190729205,2.1900945000000003,2.1599195,LONG,stop_loss,-1.5777944285052667,1.0,20.0
2021-10-14 14:00:00,2021-10-14 15:00:00,-66.06000248972835,4510.380188966888,2.217108,2.2068960000000004,LONG,stop_loss,-0.6606000248972835,1.0,20.0
2021-10-14 15:00:00,2021-10-14 16:30:00,-143.1064721262574,4526.722146173289,2.2091040000000004,2.1819085,LONG,stop_loss,-1.4310647212625738,1.0,19.999999999999996
2021-10-15 18:30:00,2021-10-16 17:00:00,-196.4201195215071,4500.226248874663,2.2221105,2.1829080000000003,LONG,stop_loss,-1.964201195215071,1.0,20.0
2021-10-17 07:00:00,2021-10-17 14:30:00,-107.86299193365176,4582.761347432656,2.1820905,2.1629180000000003,LONG,stop_loss,-1.0786299193365176,1.0,20.0
2021-10-17 23:30:00,2021-10-18 09:30:00,-127.2100650323561,4631.6044943237375,2.1590789999999997,2.1359315000000003,LONG,stop_loss,-1.272100650323561,1.0,20.0
2021-10-20 13:00:00,2021-10-20 14:30:00,179.0009179510699,4646.677126336879,2.1520754999999996,2.1949020000000004,LONG,take_profit,1.7900091795106992,1.0,20.0
2021-10-20 14:30:00,2021-10-20 20:00:00,-152.8229327958956,4551.458332764401,2.197098,2.1679155000000003,LONG,stop_loss,-1.5282293279589563,1.0,20.0
2021-10-20 20:00:00,2021-10-21 00:30:00,273.9885520586862,4608.115490433667,2.1700845,2.2338825,LONG,take_profit,2.7398855205868617,1.0,20.0
2021-10-21 00:30:00,2021-10-21 02:00:00,-114.92121947974316,4472.036912192674,2.2361174999999998,2.2148920000000003,LONG,stop_loss,-1.1492121947974316,1.0,20.000000000000004
2021-10-21 02:00:00,2021-10-21 15:00:00,-309.4987524288404,4510.380188966888,2.217108,2.152923,LONG,stop_loss,-3.0949875242884044,1.0,20.0
2021-10-24 20:30:00,2021-10-25 15:30:00,200.47121448691766,4705.745055908957,2.1250620000000002,2.1719135,LONG,take_profit,2.0047121448691767,1.0,20.0
2021-10-26 05:00:00,2021-10-26 06:00:00,-102.84827504205981,4555.607337625626,2.195097,2.176911,LONG,stop_loss,-1.028482750420598,1.0,20.0
2021-10-26 06:00:00,2021-10-26 14:00:00,-153.83803965785617,4589.073690886421,2.179089,2.1499245,LONG,stop_loss,-1.5383803965785618,1.0,20.0
2021-10-28 05:30:00,2021-11-03 05:00:00,563.3693496313805,5117.7688165645795,1.9539765,2.0679655,LONG,take_profit,5.633693496313804,1.0,20.0
2021-11-03 06:30:00,2021-11-04 07:30:00,-258.9224695307138,4873.233787786749,2.0520255,2.0029980000000003,LONG,stop_loss,-2.589224695307138,1.0,19.999999999999996
2021-11-05 02:00:00,2021-11-05 15:00:00,-115.25106924449332,5017.5715355173825,1.992996,1.9740125000000002,LONG,stop_loss,-1.152510692444933,1.0,20.000000000000004
2021-11-07 17:30:00,2021-11-08 01:00:00,153.71781306166162,4967.695078901901,2.013006,2.0479755,LONG,take_profit,1.5371781306166163,1.0,20.0
2021-11-08 01:00:00,2021-11-08 08:30:00,-117.75492927035668,4877.990482552769,2.0500245,2.0299845000000003,LONG,stop_loss,-1.177549292703567,1.0,20.0
2021-11-08 18:30:00,2021-11-09 05:30:00,310.89616329276265,4736.9680088865525,2.111055,2.180909,LONG,take_profit,3.1089616329276266,1.0,20.0
2021-11-09 05:30:00,2021-11-09 08:00:00,423.26370270410183,4580.661090169855,2.183091,2.2798595,LONG,take_profit,4.232637027041018,1.0,20.0
2021-11-09 08:00:00,2021-11-09 16:00:00,-91.31024579775048,4381.8511612234215,2.2821405,2.2658665,LONG,stop_loss,-0.9131024579775049,1.0,20.0
2021-11-09 16:00:00,2021-11-10 04:00:00,-241.5169433368893,4408.911556572839,2.2681335,2.2178904999999998,LONG,stop_loss,-2.4151694333688933,1.0,20.0
2021-11-11 07:00:00,2021-11-11 12:30:00,-170.23840442904313,4677.118623654947,2.1380685,2.1059465000000004,LONG,stop_loss,-1.7023840442904312,1.0,19.999999999999996
2021-11-12 17:30:00,2021-11-16 00:00:00,-289.66653995219116,4901.913927783533,2.0400195,1.9850070000000002,LONG,stop_loss,-2.8966653995219116,1.0,20.0
2021-11-16 14:30:00,2021-11-16 20:00:00,-333.8147421134776,5152.06314368589,1.9409699999999999,1.8800595000000002,LONG,stop_loss,-3.338147421134776,1.0,20.000000000000004
2021-11-17 10:30:00,2021-11-18 13:00:00,-272.07913006340067,5382.338448438677,1.8579285,1.8110940000000002,LONG,stop_loss,-2.7207913006340063,1.0,19.999999999999996
2021-11-18 19:30:00,2021-11-18 22:00:00,-183.77187986545408,5494.778723887095,1.8199094999999998,1.7901045,LONG,stop_loss,-1.8377187986545407,1.0,20.0
2021-11-19 00:30:00,2021-11-19 02:30:00,-284.3061424462082,5531.268676674391,1.8079034999999999,1.7601195,LONG,stop_loss,-2.8430614244620815,1.0,19.999999999999996
2021-11-19 17:00:00,2021-11-21 22:30:00,-173.08791227728278,5302.388593501658,1.8859425,1.8570710000000001,LONG,stop_loss,-1.7308791227728277,1.0,20.0
2021-11-22 10:30:00,2021-11-22 13:00:00,-189.26391119997825,5494.778723887095,1.8199094999999998,1.7891050000000002,LONG,stop_loss,-1.8926391119997825,1.0,20.0
2021-11-22 13:30:00,2021-11-22 18:00:00,-178.19837334080188,5491.759614698145,1.82091,1.7921035,LONG,stop_loss,-1.7819837334080189,1.0,20.0
2021-11-25 14:30:00,2021-11-25 19:00:00,-260.17944944578454,5757.489918635152,1.736868,1.695152,LONG,stop_loss,-2.6017944944578453,1.0,20.0
2021-11-25 19:30:00,2021-11-25 23:30:00,-200.21247895441093,5872.50440584643,1.702851,1.6721635000000001,LONG,stop_loss,-2.002124789544109,1.0,19.999999999999996
2021-11-26 20:30:00,2021-11-26 23:00:00,-263.6424013025091,6317.953539033264,1.582791,1.5442275,LONG,stop_loss,-2.636424013025091,1.0,20.0
2021-11-28 10:30:00,2021-11-28 13:30:00,-148.06466103783322,6562.706827807369,1.5237615,1.5042475,LONG,stop_loss,-1.4806466103783322,1.0,19.999999999999996
2021-11-28 20:30:00,2021-11-28 23:30:00,463.2573838163224,6579.988478440174,1.5197595,1.5932030000000001,LONG,take_profit,4.632573838163224,1.0,19.999999999999996
2021-11-28 23:30:00,2021-11-30 06:00:00,-224.27991775755828,6270.390526192362,1.594797,1.5622185,LONG,stop_loss,-2.242799177575583,1.0,20.0
2021-12-02 11:30:00,2021-12-02 18:30:00,509.35739688643935,5995.802338782619,1.6678335,1.7561215,LONG,take_profit,5.093573968864393,1.0,20.0
2021-12-02 18:30:00,2021-12-02 21:30:00,-274.48573379786956,5688.675298093697,1.7578785,1.713143,LONG,stop_loss,-2.7448573379786954,1.0,20.0
2021-12-02 21:30:00,2021-12-03 02:30:00,-303.93329589580924,5831.3900226083,1.714857,1.6661665,LONG,stop_loss,-3.0393329589580924,1.0,20.000000000000004
2021-12-04 16:00:00,2021-12-05 14:00:00,-448.3131677596264,7093.685236870564,1.4097045000000001,1.349325,LONG,stop_loss,-4.483131677596265,1.0,20.000000000000004
2021-12-06 19:30:00,2021-12-07 01:00:00,770.391154571082,7414.690280972272,1.3486740000000002,1.4552720000000001,LONG,take_profit,7.70391154571082,1.0,20.0
2021-12-07 01:00:00,2021-12-07 16:30:00,-311.30695641190295,6864.699518372682,1.456728,1.4142925000000002,LONG,stop_loss,-3.113069564119029,1.0,20.0
2021-12-11 13:00:00,2021-12-11 21:30:00,418.47271410734373,7736.070045472619,1.292646,1.349325,LONG,take_profit,4.184727141073438,1.0,20.0
2021-12-11 21:30:00,2021-12-12 09:30:00,-207.59509134321627,7403.705554630093,1.350675,1.3253370000000002,LONG,stop_loss,-2.0759509134321625,1.0,20.0
2021-12-15 19:30:00,2021-12-16 19:00:00,-246.32921744850742,7730.087005994296,1.2936465,1.2643674999999999,LONG,stop_loss,-2.4632921744850744,1.0,20.0
2021-12-17 16:00:00,2021-12-17 17:00:00,-236.79446900753544,7957.804537221834,1.256628,1.229385,LONG,stop_loss,-2.3679446900753542,1.0,20.0
2021-12-18 11:30:00,2021-12-18 19:00:00,-149.68356077552096,7983.2288328679115,1.252626,1.2363815000000002,LONG,stop_loss,-1.4968356077552096,1.0,20.0
2021-12-19 04:00:00,2021-12-19 06:30:00,-175.44335112137267,7659.005746169062,1.3056524999999999,1.285357,LONG,stop_loss,-1.7544335112137266,1.0,20.0
2021-12-19 06:30:00,2021-12-19 09:00:00,-123.21433373515387,7772.163684876069,1.286643,1.273363,LONG,stop_loss,-1.2321433373515387,1.0,20.0
2021-12-19 09:00:00,2021-12-19 18:00:00,-171.14106996737007,7845.370878140207,1.274637,1.2553720000000002,LONG,stop_loss,-1.7114106996737006,1.0,20.0
2021-12-21 09:30:00,2021-12-21 15:30:00,-69.57505399439808,7919.970284271492,1.262631,1.2563715,LONG,stop_loss,-0.6957505399439807,1.0,20.0
2021-12-21 15:30:00,2021-12-22 04:30:00,375.3273959678897,7951.473746022773,1.2576284999999998,1.3073460000000001,LONG,take_profit,3.753273959678897,1.0,20.0
2021-12-22 04:30:00,2021-12-22 05:30:00,-144.5592799930314,7641.439219228307,1.308654,1.2923535,LONG,stop_loss,-1.445592799930314,1.0,20.0
2021-12-22 05:30:00,2021-12-22 10:30:00,402.6734274007632,7730.087005994296,1.2936465,1.3483255,LONG,take_profit,4.026734274007633,1.0,20.0
2021-12-22 10:30:00,2021-12-22 12:30:00,-178.10478748764814,7409.193846368144,1.3496744999999999,1.3283355000000001,LONG,stop_loss,-1.7810478748764815,1.0,20.0
2021-12-22 12:30:00,2021-12-23 16:30:00,421.0210244764764,7520.694129985422,1.3296645,1.3883055000000002,LONG,take_profit,4.210210244764764,1.0,20.0
2021-12-23 18:00:00,2021-12-24 15:00:00,-187.91260727024846,6869.417524914518,1.4557275,1.431284,LONG,stop_loss,-1.8791260727024848,1.0,20.0
2021-12-27 09:00:00,2021-12-27 22:30:00,-120.57794936728469,6473.447214216725,1.544772,1.5292350000000001,LONG,stop_loss,-1.205779493672847,1.0,20.0
2021-12-28 11:00:00,2021-12-28 16:00:00,-271.68867179313645,6717.071571741011,1.488744,1.451274,LONG,stop_loss,-2.7168867179313647,1.0,20.0
2021-12-29 15:30:00,2021-12-29 17:30:00,-258.50119257740636,7144.390635275642,1.3996995,1.3663165000000002,LONG,stop_loss,-2.5850119257740634,1.0,20.0
2021-12-30 07:00:00,2021-12-31 18:30:00,-201.46523753048828,7458.957088619869,1.34067,1.3163415,LONG,stop_loss,-2.0146523753048826,1.0,20.0
2022-01-01 00:30:00,2022-01-01 04:30:00,-202.62469065992795,7509.393312359598,1.3316655,1.3073460000000001,LONG,stop_loss,-2.0262469065992796,1.0,20.0
2022-01-01 23:00:00,2022-01-02 01:30:00,-183.0147727011752,7290.300874362236,1.3716855,1.349325,LONG,stop_loss,-1.8301477270117519,1.0,20.0
2022-01-02 02:00:00,2022-01-03 16:00:00,-206.9397404618732,7376.385607934039,1.3556775,1.3303345,LONG,stop_loss,-2.0693974046187322,1.0,20.0
2022-01-04 07:30:00,2022-01-04 18:30:00,-165.7082779365026,7543.398112264622,1.3256625,1.3063465,LONG,stop_loss,-1.657082779365026,1.0,19.999999999999996
2022-01-06 13:30:00,2022-01-07 03:30:00,-248.7542360206763,8106.246957624188,1.2336165000000001,1.205397,LONG,stop_loss,-2.487542360206763,1.0,20.0
2022-01-08 22:00:00,2022-01-08 23:00:00,-362.7246571677617,8119.4171395212215,1.2316155000000002,1.189405,LONG,stop_loss,-3.6272465716776168,1.0,20.0
2022-01-10 21:00:00,2022-01-12 03:30:00,681.694007877329,8790.67941842623,1.1375685,1.2173910000000001,LONG,take_profit,6.81694007877329,1.0,20.0
2022-01-12 03:30:00,2022-01-12 07:30:00,-177.63054433374472,8206.077585181136,1.218609,1.1994,LONG,stop_loss,-1.7763054433374472,1.0,20.0
2022-01-12 07:30:00,2022-01-12 11:00:00,278.03015159087425,8329.168748958855,1.2006,1.2363815000000002,LONG,take_profit,2.7803015159087425,1.0,20.0
2022-01-12 11:00:00,2022-01-12 16:00:00,357.65272577938885,8080.0343563060815,1.2376185000000002,1.2843575,LONG,take_profit,3.5765272577938885,1.0,20.0
2022-01-12 16:00:00,2022-01-13 00:30:00,343.1724993534364,7778.212061284533,1.2856425,1.3323335,LONG,take_profit,3.4317249935343646,1.0,20.0
2022-01-13 00:30:00,2022-01-13 02:30:00,-209.86005871782734,7498.126405664385,1.3336664999999999,1.3083455,LONG,stop_loss,-2.0986005871782734,1.0,20.0
2022-01-13 02:30:00,2022-01-13 05:00:00,-182.63067854918955,7635.601603323626,1.3096545,1.2883555,LONG,stop_loss,-1.8263067854918955,1.0,20.0
2022-01-16 03:00:00,2022-01-16 10:30:00,230.16137764451037,7436.757811570405,1.344672,1.3783105,LONG,take_profit,2.3016137764451035,1.0,20.0
2022-01-16 10:30:00,2022-01-17 02:30:00,737.9096601083085,7248.007613307197,1.3796895,1.4842575000000002,LONG,take_profit,7.379096601083085,1.0,20.0
2022-01-17 05:30:00,2022-01-17 23:30:00,720.4279081116713,6703.556337190224,1.4917455000000002,1.6021985,LONG,take_profit,7.204279081116713,1.0,20.000000000000004
2022-01-18 03:00:00,2022-01-18 07:30:00,-349.825670968658,6274.326741211942,1.5937965,1.5412290000000002,LONG,stop_loss,-3.4982567096865798,1.0,20.0
2022-01-18 21:30:00,2022-01-19 04:00:00,-233.45742607311257,6785.473522573404,1.4737365,1.4422785000000002,LONG,stop_loss,-2.3345742607311255,1.0,20.0
2022-01-22 12:30:00,2022-01-22 18:00:00,-548.6018193089247,9102.916665528803,1.098549,1.0404795,LONG,stop_loss,-5.486018193089247,1.0,20.0
2022-01-22 20:30:00,2022-01-24 09:00:00,-593.7233141061292,9246.070766651826,1.0815405,1.01949,LONG,stop_loss,-5.9372331410612915,1.0,20.0
2022-01-26 17:00:00,2022-01-26 18:00:00,-229.0711890431598,9053.444292346578,1.1045520000000002,1.0814590000000002,LONG,stop_loss,-2.290711890431598,1.0,19.999999999999996
2022-01-31 13:30:00,2022-01-31 17:00:00,213.9016038855553,9760.744627686156,1.024512,1.0484755,LONG,take_profit,2.139016038855553,1.0,20.0
2022-01-31 17:00:00,2022-02-01 23:30:00,417.60293351894234,9528.124403003456,1.0495245,1.095452,LONG,take_profit,4.1760293351894235,1.0,20.0
2022-02-02 01:00:00,2022-02-02 05:30:00,-158.18938376824508,9161.32218033971,1.0915455,1.0764615,LONG,stop_loss,-1.5818938376824507,1.0,20.0
2022-02-03 05:30:00,2022-02-03 09:30:00,-183.8353104487219,9619.829161453923,1.0395195,1.0224885,LONG,stop_loss,-1.838353104487219,1.0,20.0
2022-02-03 14:00:00,2022-02-04 05:00:00,308.4853217147484,9675.704258229067,1.0335165,1.067466,LONG,take_profit,3.0848532171474843,1.0,20.000000000000004
2022-02-04 18:00:00,2022-02-05 00:30:00,279.06793645943304,9094.633756824955,1.0995495,1.1324335,LONG,take_profit,2.7906793645943306,1.0,20.0
2022-02-05 00:30:00,2022-02-05 06:00:00,296.24523131197134,8821.714473742828,1.1335665,1.169415,LONG,take_profit,2.962452313119713,1.0,19.999999999999996
2022-02-05 06:00:00,2022-02-05 07:00:00,-132.45659221671175,8542.737178419336,1.170585,1.157421,LONG,stop_loss,-1.3245659221671175,1.0,19.999999999999996
2022-02-05 07:00:00,2022-02-05 15:00:00,-107.6375283860654,8631.262952288967,1.158579,1.1484255,LONG,stop_loss,-1.076375283860654,1.0,20.0
2022-02-05 15:00:00,2022-02-05 16:30:00,-308.2196847616214,8698.870756092798,1.1495745,1.1164415,LONG,stop_loss,-3.0821968476162143,1.0,20.0
2022-02-07 07:00:00,2022-02-07 14:30:00,347.95875493035976,8594.155200989358,1.1635815,1.2063965,LONG,take_profit,3.4795875493035977,1.0,20.0
2022-02-07 14:30:00,2022-02-07 15:00:00,-121.03895856545608,8280.863710646747,1.2076035,1.195402,LONG,stop_loss,-1.2103895856545608,1.0,19.999999999999996
2022-02-07 15:00:00,2022-02-07 18:30:00,-155.28770731690958,8357.025500627611,1.196598,1.1804095000000001,LONG,stop_loss,-1.552877073169096,1.0,19.999999999999996
2022-02-07 19:00:00,2022-02-08 06:00:00,413.44743038866096,8371.023868300357,1.194597,1.2463765000000002,LONG,take_profit,4.134474303886609,1.0,20.000000000000004
2022-02-08 06:00:00,2022-02-08 06:30:00,-158.17469773533443,8015.238571572272,1.2476235000000002,1.2303845000000002,LONG,stop_loss,-1.5817469773533444,1.0,20.0
2022-02-08 06:30:00,2022-02-08 08:00:00,-265.34036799634373,8119.4171395212215,1.2316155000000002,1.201399,LONG,stop_loss,-2.6534036799634375,1.0,20.0
2022-02-08 22:30:00,2022-02-10 14:00:00,-123.67791381376753,8520.888745737959,1.1735865,1.161419,LONG,stop_loss,-1.2367791381376754,1.0,20.000000000000004
2022-02-12 16:30:00,2022-02-12 21:30:00,-226.06052114129963,9341.12383060806,1.070535,1.0484755,LONG,stop_loss,-2.2606052114129964,1.0,20.0
2022-02-15 03:00:00,2022-02-15 23:30:00,238.50374164169335,9263.208988647475,1.0795394999999999,1.1074460000000002,LONG,take_profit,2.3850374164169335,1.0,20.0
2022-02-18 05:30:00,2022-02-18 11:30:00,-165.1255048804083,9657.007245169687,1.0355174999999999,1.0204895,LONG,stop_loss,-1.6512550488040831,1.0,20.0
2022-02-19 04:30:00,2022-02-19 10:00:00,-158.70666252601956,9905.84985009973,1.0095044999999998,0.995502,LONG,stop_loss,-1.5870666252601955,1.0,20.000000000000004
2022-02-20 18:30:00,2022-02-20 20:30:00,-156.18453930929226,10521.055261842763,0.950475,0.937531,LONG,stop_loss,-1.5618453930929226,1.0,20.0
2022-02-21 07:30:00,2022-02-21 09:30:00,-203.46802084146896,10209.39989657878,0.9794895,0.961519,LONG,stop_loss,-2.0346802084146893,1.0,20.0
2022-02-22 10:00:00,2022-02-23 09:00:00,734.9009717878902,11595.130508991444,0.862431,0.9275360000000001,LONG,take_profit,7.349009717878902,1.0,20.0
2022-02-23 09:00:00,2022-02-23 19:30:00,-342.1826586706651,10770.476830550242,0.9284640000000001,0.8985505,LONG,stop_loss,-3.4218265867066506,1.0,20.0
2022-02-24 15:00:00,2022-02-24 20:00:00,773.2214797124051,12556.535802450533,0.796398,0.8595700000000001,LONG,take_profit,7.732214797124051,1.0,20.0
2022-02-24 20:00:00,2022-02-28 22:30:00,945.7729274897437,11622.095928779796,0.86043,0.943528,LONG,take_profit,9.457729274897437,1.0,20.0
2022-02-28 22:30:00,2022-03-01 14:00:00,477.97135330639844,10587.926375795154,0.944472,0.991504,LONG,take_profit,4.779713533063985,1.0,20.0
2022-03-03 13:00:00,2022-03-03 14:30:00,-116.20863786014117,10782.095467907902,0.9274635,0.9185405000000001,LONG,stop_loss,-1.1620863786014117,1.0,20.0
2022-03-04 10:00:00,2022-03-04 14:00:00,-86.56354721846276,11319.368628256654,0.8834415,0.877561,LONG,stop_loss,-0.8656354721846276,1.0,20.0
2022-03-05 05:30:00,2022-03-06 10:00:00,-171.52990210915786,11800.475205136512,0.8474235,0.8345825,LONG,stop_loss,-1.7152990210915784,1.0,20.000000000000004
2022-03-06 16:00:00,2022-03-06 19:30:00,-206.91362701175984,11800.475205136512,0.8474235,0.831584,LONG,stop_loss,-2.0691362701175984,1.0,20.000000000000004
2022-03-09 05:00:00,2022-03-10 01:30:00,-196.89246069089475,11927.210619034158,0.8384189999999999,0.823588,LONG,stop_loss,-1.9689246069089474,1.0,19.999999999999996
2022-03-10 19:30:00,2022-03-11 01:00:00,-203.0891484950588,12370.052597463644,0.808404,0.7936030000000001,LONG,stop_loss,-2.030891484950588,1.0,20.0
2022-03-17 03:30:00,2022-03-17 18:30:00,-171.36299774640875,11786.559550413473,0.848424,0.835582,LONG,stop_loss,-1.7136299774640877,1.0,20.0
2022-03-18 16:30:00,2022-03-19 12:30:00,262.4524505896951,11703.749998537032,0.8544269999999999,0.8785605000000001,LONG,take_profit,2.624524505896951,1.0,20.0
2022-03-19 12:30:00,2022-03-19 18:30:00,345.05637966000035,11370.878838169083,0.8794395,0.9115440000000001,LONG,take_profit,3.4505637966000036,1.0,20.0
2022-03-19 18:30:00,2022-03-19 22:00:00,-260.02801230963485,10959.432564419545,0.912456,0.8905545,LONG,stop_loss,-2.600280123096349,1.0,20.000000000000004
2022-03-19 22:00:00,2022-03-20 12:00:00,-97.26776342468378,11217.735688833473,0.8914455,0.8845575000000001,LONG,stop_loss,-0.9726776342468377,1.0,20.0
2022-03-22 05:00:00,2022-03-22 13:30:00,384.9253328607268,10644.305110490548,0.9394695,0.977511,LONG,take_profit,3.849253328607268,1.0,20.0
2022-03-22 13:30:00,2022-03-22 16:30:00,-132.14229286174807,10219.838955777735,0.9784889999999999,0.967516,LONG,stop_loss,-1.3214229286174808,1.0,20.0
2022-03-22 16:30:00,2022-03-23 13:00:00,496.3379054274511,10325.415804494447,0.968484,1.0184905,LONG,take_profit,4.963379054274511,1.0,20.0
2022-03-23 15:00:00,2022-03-24 07:30:00,662.196355006017,9358.61657186388,1.068534,1.141429,LONG,take_profit,6.62196355006017,1.0,20.0
2022-03-24 07:30:00,2022-03-25 00:00:00,-239.94256812049204,8752.191329904224,1.142571,1.1174410000000001,LONG,stop_loss,-2.3994256812049204,1.0,20.0
2022-03-26 03:00:00,2022-03-26 23:30:00,413.4019584410678,9053.444292346578,1.1045520000000002,1.1524235,LONG,take_profit,4.134019584410678,1.0,19.999999999999996
2022-03-26 23:30:00,2022-03-27 04:30:00,-142.6316590187132,8668.69254011329,1.1535765,1.13943,LONG,stop_loss,-1.426316590187132,1.0,19.999999999999996
2022-03-27 20:30:00,2022-03-28 05:30:00,333.59270104982267,8661.180674827232,1.154577,1.195402,LONG,take_profit,3.335927010498227,1.0,20.0
2022-03-28 05:30:00,2022-03-28 06:00:00,-121.87631936540085,8357.025500627611,1.196598,1.1844075,LONG,stop_loss,-1.2187631936540084,1.0,19.999999999999996
2022-03-28 06:00:00,2022-03-28 13:00:00,425.2457315645979,8434.60126476846,1.1855925,1.2383805,LONG,take_profit,4.252457315645979,1.0,20.000000000000004
2022-03-28 13:00:00,2022-03-28 14:00:00,-150.93937292854747,8066.991524415354,1.2396195,1.2233880000000001,LONG,stop_loss,-1.5093937292854747,1.0,20.0
2022-03-28 14:00:00,2022-03-28 21:30:00,-201.3921470637221,8165.851714665543,1.224612,1.2023985000000001,LONG,stop_loss,-2.013921470637221,1.0,20.0
2022-03-29 01:30:00,2022-03-29 22:00:00,-229.2968478354336,8308.397754572423,1.2036015,1.1784105,LONG,stop_loss,-2.2929684783543363,1.0,20.0
2022-04-01 07:30:00,2022-04-01 11:30:00,-177.6733372444196,8691.306520652717,1.150575,1.1324335,LONG,stop_loss,-1.776733372444196,1.0,20.0
2022-04-02 23:00:00,2022-04-02 23:30:00,-158.07198964620133,8542.737178419336,1.170585,1.1544225000000001,LONG,stop_loss,-1.5807198964620133,1.0,19.999999999999996
2022-04-03 04:00:00,2022-04-04 06:00:00,415.5283764635709,8572.043309391616,1.166583,1.2173910000000001,LONG,take_profit,4.155283764635708,1.0,20.0
2022-04-04 09:00:00,2022-04-04 10:30:00,-145.2959670206103,8239.903131698784,1.2136065,1.1984005000000002,LONG,stop_loss,-1.4529596702061032,1.0,20.0
2022-04-07 07:00:00,2022-04-07 15:00:00,-232.55731581213837,9211.983869816246,1.0855424999999999,1.0624685,LONG,stop_loss,-2.3255731581213834,1.0,20.0
2022-04-09 07:30:00,2022-04-09 10:30:00,-97.04201590479906,9582.936240412871,1.0435215,1.035482,LONG,stop_loss,-0.9704201590479905,1.0,20.0
2022-04-10 19:30:00,2022-04-10 22:00:00,-227.16615376522216,9393.799340931038,1.064532,1.0424785,LONG,stop_loss,-2.2716615376522213,1.0,20.0
2022-04-12 05:00:00,2022-04-14 05:00:00,256.3427203595657,10610.406049629113,0.942471,0.9685155,LONG,take_profit,2.563427203595657,1.0,20.0
2022-04-18 12:30:00,2022-04-18 18:00:00,314.10516963740554,11105.558331945138,0.90045,0.9305345000000002,LONG,take_profit,3.1410516963740553,1.0,20.0
2022-04-18 18:30:00,2022-04-20 11:30:00,378.1987500873213,10747.314514785618,0.9304650000000001,0.967516,LONG,take_profit,3.781987500873213,1.0,20.0
2022-04-20 11:30:00,2022-04-20 13:30:00,-143.51778656126467,10325.415804494447,0.968484,0.9565215,LONG,stop_loss,-1.4351778656126468,1.0,20.0
2022-04-20 13:30:00,2022-04-20 15:00:00,-144.8226461481903,10444.09874477599,0.9574785,0.945527,LONG,stop_loss,-1.4482264614819031,1.0,19.999999999999996
2022-04-22 11:30:00,2022-04-22 13:30:00,-138.58201334115557,10864.133150815896,0.9204600000000001,0.909545,LONG,stop_loss,-1.3858201334115559,1.0,20.0
2022-04-25 11:30:00,2022-04-25 20:00:00,354.6843031226517,11662.7800452166,0.8574285,0.8895550000000001,LONG,take_profit,3.5468430312265173,1.0,20.000000000000004
2022-04-25 20:00:00,2022-04-26 12:30:00,-177.03889628219605,11230.339886236656,0.890445,0.87646155,LONG,stop_loss,-1.7703889628219605,1.0,20.0
2022-04-27 06:30:00,2022-04-27 11:00:00,-132.03068299579286,11870.549285927107,0.842421,0.8329833000000001,LONG,stop_loss,-1.3203068299579286,1.0,20.0
2022-04-30 00:00:00,2022-04-30 14:00:00,-203.44540326807382,12307.60066340429,0.8125060500000001,0.7976010000000001,LONG,stop_loss,-2.0344540326807383,1.0,20.0
2022-05-01 05:00:00,2022-05-03 19:30:00,-217.4922038916282,12848.69841721381,0.7782889500000001,0.76291835,LONG,stop_loss,-2.1749220389162818,1.0,20.0
2022-05-04 08:30:00,2022-05-04 11:00:00,220.31273869391282,12397.671171856393,0.8066031,0.8259868,LONG,take_profit,2.203127386939128,1.0,20.0
2022-05-04 11:00:00,2022-05-04 18:30:00,370.13709505363494,12094.63032278633,0.8268132,0.85907025,LONG,take_profit,3.7013709505363495,1.0,19.999999999999996
2022-05-04 18:30:00,2022-05-05 14:00:00,-291.5134579307213,11628.85689208915,0.85992975,0.8365815,LONG,stop_loss,-2.915134579307213,1.0,20.0
2022-05-06 09:30:00,2022-05-06 11:00:00,-300.7404327948952,12540.781052384724,0.7973985,0.7750123,LONG,stop_loss,-3.007404327948952,1.0,20.0
2022-05-06 15:00:00,2022-05-07 03:30:00,-287.1834199003468,12613.582153900335,0.7927962,0.771614,LONG,stop_loss,-2.871834199003468,1.0,20.0
2022-05-08 11:00:00,2022-05-08 13:00:00,-185.98467081686582,13339.119843521452,0.74967465,0.7372312000000001,LONG,stop_loss,-1.859846708168658,1.0,20.0
2022-05-08 15:00:00,2022-05-08 17:00:00,-162.64125984218083,13405.314510126911,0.7459728,0.7353321500000001,LONG,stop_loss,-1.6264125984218083,1.0,20.0
2022-05-08 18:00:00,2022-05-09 02:00:00,-246.03137652127452,13425.120884822867,0.74487225,0.7280358000000001,LONG,stop_loss,-2.4603137652127454,1.0,20.0
2022-05-10 04:30:00,2022-05-10 21:30:00,-508.4644858663174,15644.079666224174,0.63921945,0.60799585,LONG,stop_loss,-5.084644858663174,1.0,20.0
2022-05-12 11:00:00,2022-05-13 05:00:00,2414.189979100028,20918.79970437552,0.4780389,0.59440265,LONG,take_profit,24.14189979100028,1.0,19.999999999999996
2022-05-13 05:30:00,2022-05-13 08:30:00,-102.31148128107624,17226.822645209624,0.5804901,0.575712,LONG,stop_loss,-1.0231148128107623,1.0,20.0
2022-05-13 08:30:00,2022-05-13 22:30:00,-676.9172011216598,17352.434893664282,0.5762879999999999,0.53843065,LONG,stop_loss,-6.7691720112165985,1.0,20.0
2022-05-14 17:00:00,2022-05-15 11:30:00,739.8026015960742,19302.824447181585,0.5180589,0.55742115,LONG,take_profit,7.398026015960742,1.0,20.0
2022-05-15 11:30:00,2022-05-15 14:00:00,-289.73154986071495,17921.826248432175,0.55797885,0.5429284000000001,LONG,stop_loss,-2.897315498607149,1.0,20.0
2022-05-15 14:00:00,2022-05-15 20:00:00,626.5646042957902,18400.22551316389,0.5434716,0.5786105500000001,LONG,take_profit,6.265646042957902,1.0,20.0
2022-05-15 20:00:00,2022-05-16 06:00:00,-392.3893796753384,17265.50785757579,0.57918945,0.55762105,LONG,stop_loss,-3.923893796753384,1.0,20.0
2022-05-24 15:30:00,2022-05-26 05:00:00,-210.01253103345525,19366.406701706306,0.51635805,0.5065466000000001,LONG,stop_loss,-2.1001253103345525,1.0,20.0
2022-05-26 16:00:00,2022-05-26 19:00:00,-348.3137990123179,20030.065127756763,0.4992495,0.48285845,LONG,stop_loss,-3.4831379901231787,1.0,20.0
2022-05-27 11:00:00,2022-05-27 17:00:00,-301.4973852684176,21388.834792960894,0.46753364999999997,0.4543727,LONG,stop_loss,-3.0149738526841756,1.0,20.0
2022-05-30 01:30:00,2022-05-30 02:30:00,282.19265367316206,20151.21471522303,0.496248,0.51124425,LONG,take_profit,2.8219265367316204,1.0,20.0
2022-05-30 02:30:00,2022-05-30 12:30:00,428.9788341410938,19540.571845064762,0.51175575,0.5347325,LONG,take_profit,4.2897883414109375,1.0,20.0
2022-05-30 12:30:00,2022-05-30 21:30:00,427.49120766719386,18682.24766121612,0.5352675,0.55922025,LONG,take_profit,4.274912076671939,1.0,20.0
2022-05-30 21:30:00,2022-05-31 04:30:00,827.0563645791061,17864.168898571268,0.55977975,0.6071962500000001,LONG,take_profit,8.27056364579106,1.0,20.0
2022-05-31 04:30:00,2022-05-31 05:00:00,853.0721059223467,16452.679010289092,0.6078037500000001,0.6608694,LONG,take_profit,8.530721059223467,1.0,20.0
2022-05-31 05:00:00,2022-05-31 12:00:00,-440.95709555990265,15116.4587095442,0.6615306,0.633683,LONG,stop_loss,-4.409570955599026,1.0,20.0
2022-05-31 12:00:00,2022-05-31 18:30:00,-553.1309108852513,15764.98816837638,0.634317,0.6004996,LONG,stop_loss,-5.531309108852513,1.0,20.0
2022-06-02 01:00:00,2022-06-02 05:00:00,-293.16689389762473,17553.569544697268,0.5696847,0.5541228,LONG,stop_loss,-2.931668938976247,1.0,20.0
2022-06-05 20:00:00,2022-06-05 21:00:00,-167.01069604086575,17352.434893664282,0.5762879999999999,0.5678159500000001,LONG,stop_loss,-1.6701069604086576,1.0,20.0
2022-06-05 21:00:00,2022-06-06 01:00:00,360.39068830309355,17593.73789605813,0.56838405,0.59000485,LONG,take_profit,3.6039068830309358,1.0,20.0
2022-06-06 03:00:00,2022-06-06 06:30:00,593.4501032880357,16545.278097584214,0.60440205,0.6414791000000001,LONG,take_profit,5.934501032880357,1.0,20.0
2022-06-06 06:30:00,2022-06-06 11:00:00,-207.44289432099148,15573.391241431325,0.6421209,0.6300848,LONG,stop_loss,-2.0744289432099148,1.0,20.0
2022-06-06 11:00:00,2022-06-06 13:30:00,-285.1331377458461,15855.016654109495,0.6307151999999999,0.61399285,LONG,stop_loss,-2.851331377458461,1.0,20.0
2022-06-06 14:00:00,2022-06-06 14:30:00,-262.99334971407654,16076.889977079982,0.62201085,0.6068964,LONG,stop_loss,-2.6299334971407657,1.0,20.0
2022-06-07 18:00:00,2022-06-07 22:30:00,-100.82326867504015,16105.385914841483,0.6209103,0.6158919,LONG,stop_loss,-1.0082326867504015,1.0,20.0
2022-06-07 22:30:00,2022-06-08 13:30:00,657.4055361154215,16220.387047631653,0.6165081,0.6582707,LONG,take_profit,6.5740553611542145,1.0,20.0
2022-06-12 14:30:00,2022-06-12 20:30:00,-376.47999022610753,18738.28739923252,0.5336666999999999,0.51464255,LONG,stop_loss,-3.7647999022610756,1.0,20.0
2022-06-15 22:30:00,2022-06-16 09:00:00,-622.5580365710675,19001.90589116088,0.526263,0.49455260000000006,LONG,stop_loss,-6.225580365710675,1.0,20.0
2022-06-18 22:00:00,2022-06-19 01:30:00,-423.76479878527607,21766.120424108503,0.4594296,0.44087945,LONG,stop_loss,-4.23764798785276,1.0,20.0
2022-06-19 22:00:00,2022-06-20 00:30:00,-288.1079881720984,20659.368538136885,0.4840419,0.47106435,LONG,stop_loss,-2.881079881720984,1.0,20.0
2022-06-20 00:30:00,2022-06-20 11:30:00,661.0174373878209,21207.30426214858,0.47153565,0.50364805,LONG,take_profit,6.61017437387821,1.0,20.0
2022-06-20 12:00:00,2022-06-20 19:00:00,-183.78077924780848,20245.093171461664,0.49394685000000005,0.48585695,LONG,stop_loss,-1.837807792478085,1.0,20.0
2022-06-22 09:30:00,2022-06-22 20:30:00,-247.90489549803667,21166.88373305935,0.4724361,0.46166905,LONG,stop_loss,-2.4790489549803665,1.0,20.0
2022-06-23 00:00:00,2022-06-24 01:00:00,498.58792235841264,21238.849338611613,0.4708353,0.49525225,LONG,take_profit,4.985879223584126,1.0,20.0
2022-06-24 12:00:00,2022-06-24 14:30:00,-192.33753317554462,19807.773481471708,0.5048523,0.49615180000000003,LONG,stop_loss,-1.923375331755446,1.0,20.0
2022-06-24 14:30:00,2022-06-25 12:00:00,-243.31904152677822,20134.976830682164,0.4966482,0.4855571,LONG,stop_loss,-2.433190415267782,1.0,20.000000000000004
2022-06-26 07:30:00,2022-06-26 13:00:00,-189.78887700108282,19261.90498892007,0.5191594500000001,0.5103447000000001,LONG,stop_loss,-1.8978887700108285,1.0,20.0
2022-06-26 13:00:00,2022-06-26 17:00:00,-204.12552439017472,19575.01468615477,0.5108553,0.50144915,LONG,stop_loss,-2.0412552439017473,1.0,20.0
2022-07-02 20:00:00,2022-07-03 01:30:00,-174.05013246053315,21837.45356947919,0.45792885,0.45087445000000004,LONG,stop_loss,-1.7405013246053314,1.0,20.0
2022-07-04 13:00:00,2022-07-04 13:30:00,-163.16643011540887,21490.007522577136,0.46533255,0.45867055,LONG,stop_loss,-1.6316643011540888,1.0,20.000000000000004
2022-07-04 13:30:00,2022-07-04 15:30:00,-134.48840844341268,21780.349746678196,0.45912945,0.45387295000000005,LONG,stop_loss,-1.3448840844341268,1.0,20.0
2022-07-04 16:00:00,2022-07-05 12:00:00,-185.26872290649797,21880.478324760563,0.4570284,0.44947515,LONG,stop_loss,-1.8526872290649796,1.0,20.0
2022-07-05 18:30:00,2022-07-06 01:30:00,-91.51251732831535,21981.53177644738,0.45492735,0.45167405000000005,LONG,stop_loss,-0.9151251732831536,1.0,20.0
2022-07-07 02:00:00,2022-07-07 19:30:00,276.3680072895152,21434.70405050531,0.46653315,0.48035970000000006,LONG,take_profit,2.763680072895152,1.0,20.0
2022-07-07 19:30:00,2022-07-07 20:00:00,-108.9838060578538,20796.925715253066,0.48084030000000005,0.47656160000000003,LONG,stop_loss,-1.089838060578538,1.0,20.0
2022-07-07 20:00:00,2022-07-08 01:00:00,288.4783111799804,20962.673025903157,0.47703840000000003,0.491754,LONG,take_profit,2.8847831117998037,1.0,20.000000000000004
2022-07-08 01:00:00,2022-07-08 01:30:00,-121.366999427116,20315.045729167934,0.492246,0.48725625,LONG,stop_loss,-1.21366999427116,1.0,20.0
2022-07-08 01:30:00,2022-07-08 05:00:00,-163.19506913209997,20502.56922820641,0.48774375,0.4807595,LONG,stop_loss,-1.6319506913209998,1.0,19.999999999999996
2022-07-08 05:00:00,2022-07-08 06:00:00,-164.99507003255025,20779.630974533524,0.48124049999999996,0.47426275,LONG,stop_loss,-1.6499507003255025,1.0,20.0
2022-07-10 20:00:00,2022-07-11 00:00:00,-165.28526794212564,21485.3880024734,0.46543260000000003,0.45867055,LONG,stop_loss,-1.6528526794212566,1.0,20.000000000000004
2022-07-11 09:30:00,2022-07-11 12:00:00,-187.66277098189076,21909.255806117108,0.4564281,0.44877550000000005,LONG,stop_loss,-1.8766277098189077,1.0,20.0
2022-07-13 06:30:00,2022-07-13 12:30:00,-385.2683785285872,23539.808051697186,0.4248123,0.40929525,LONG,stop_loss,-3.852683785285872,1.0,20.0
2022-07-14 19:00:00,2022-07-15 11:30:00,-210.19802387419568,22536.645994928127,0.44372175,0.43528225000000004,LONG,stop_loss,-2.101980238741957,1.0,20.0
2022-07-16 16:30:00,2022-07-16 17:30:00,-165.43788678588638,21856.554775312976,0.45752865,0.45087445000000004,LONG,stop_loss,-1.6543788678588638,1.0,19.999999999999996
2022-07-16 17:30:00,2022-07-17 17:30:00,-173.9432013100073,22156.955217802315,0.45132555,0.44437770000000004,LONG,stop_loss,-1.7394320131000733,1.0,20.0
2022-07-18 07:30:00,2022-07-18 10:30:00,277.1955471295527,21050.974091724147,0.4750374,0.4891553,LONG,take_profit,2.771955471295527,1.0,20.0
2022-07-18 10:30:00,2022-07-18 17:30:00,-256.5766442483693,20422.972003985746,0.4896447,0.47806085000000004,LONG,stop_loss,-2.565766442483693,1.0,19.999999999999996
2022-07-18 21:30:00,2022-07-19 18:00:00,651.8525521209349,20862.038194010904,0.47933955,0.5115441000000001,LONG,take_profit,6.518525521209349,1.0,20.0
2022-07-19 18:00:00,2022-07-20 07:00:00,600.4801077382382,19529.11781701959,0.5120559,0.5438279500000001,LONG,take_profit,6.004801077382382,1.0,20.000000000000004
2022-07-20 07:00:00,2022-07-20 07:30:00,-287.043467790089,18369.78955844629,0.54437205,0.52983495,LONG,stop_loss,-2.8704346779008896,1.0,20.000000000000004
2022-07-20 07:30:00,2022-07-20 16:00:00,-267.44843198095384,18854.937745237927,0.53036505,0.51724125,LONG,stop_loss,-2.6744843198095385,1.0,20.0
2022-07-23 22:30:00,2022-07-25 00:00:00,-228.27881447484006,19449.31406645383,0.5141569500000001,0.5034481500000001,LONG,stop_loss,-2.2827881447484004,1.0,20.0
2022-07-25 20:00:00,2022-07-25 22:00:00,-193.5338878660908,20200.085890765207,0.4950474,0.48645665000000005,LONG,stop_loss,-1.9353388786609078,1.0,20.0
2022-07-26 22:00:00,2022-07-27 18:00:00,421.1665135174336,21494.629029571235,0.46523250000000005,0.485757,LONG,take_profit,4.211665135174336,1.0,20.0
2022-07-27 20:30:00,2022-07-28 12:30:00,-140.907032605821,19815.62747571496,0.5046522,0.49855060000000007,LONG,stop_loss,-1.4090703260582098,1.0,20.0
2022-07-28 13:00:00,2022-07-28 13:30:00,-187.08305878907572,19894.51134305459,0.5026512,0.49425275,LONG,stop_loss,-1.8708305878907574,1.0,20.0
2022-07-29 04:30:00,2022-07-29 12:00:00,-222.146710917594,18847.826699510886,0.53056515,0.51983995,LONG,stop_loss,-2.22146710917594,1.0,19.999999999999996
2022-07-30 15:30:00,2022-07-30 19:00:00,-163.36558860291711,18279.08284336252,0.5470733999999999,0.53923025,LONG,stop_loss,-1.633655886029171,1.0,20.0
2022-07-30 19:00:00,2022-07-30 21:00:00,-233.6837049501187,18526.41797729495,0.5397697499999999,0.52823575,LONG,stop_loss,-2.336837049501187,1.0,20.0
2022-08-02 14:00:00,2022-08-02 14:30:00,-0.03697071895876799,19982.0121926242,0.5004501,0.50144915,LONG,stop_loss,-0.0003697071895876799,1.0,20.0
2022-08-02 14:30:00,2022-08-03 00:00:00,-207.21454500973596,19922.26928194264,0.5019508500000001,0.49255360000000004,LONG,stop_loss,-2.0721454500973597,1.0,20.0
2022-08-03 14:00:00,2022-08-03 22:30:00,-157.49359367047253,19624.980362754024,0.50955465,0.5025486,LONG,stop_loss,-1.5749359367047255,1.0,20.0
2022-08-05 06:00:00,2022-08-05 12:30:00,-125.52783717430896,19506.249997561717,0.5126562,0.50724625,LONG,stop_loss,-1.2552783717430895,1.0,20.0
2022-08-06 06:30:00,2022-08-06 17:00:00,-41.57314234518912,19306.553020572963,0.5179588500000001,0.51684145,LONG,stop_loss,-0.4157314234518912,1.0,20.0
2022-08-07 22:00:00,2022-08-07 23:00:00,-131.41637303175762,18791.130849314955,0.53216595,0.52623675,LONG,stop_loss,-1.3141637303175762,1.0,20.0
2022-08-07 23:00:00,2022-08-08 06:00:00,277.3897666551328,18983.860396487416,0.52676325,0.54242865,LONG,take_profit,2.773897666551328,1.0,20.0
2022-08-08 06:00:00,2022-08-08 15:00:00,-171.73636693722256,18417.177996592272,0.54297135,0.5347325,LONG,stop_loss,-1.7173636693722256,1.0,20.0
2022-08-10 07:00:00,2022-08-10 12:30:00,385.6048147801105,19521.48925537231,0.512256,0.5330333500000001,LONG,take_profit,3.8560481478011046,1.0,20.0
2022-08-10 12:30:00,2022-08-12 00:00:00,-138.64309735250637,18741.801047722904,0.53356665,0.52723625,LONG,stop_loss,-1.3864309735250637,1.0,20.0
2022-08-13 00:30:00,2022-08-13 06:00:00,283.6918925096029,18461.40099510644,0.5416707,0.5581208000000001,LONG,take_profit,2.836918925096029,1.0,20.000000000000004
2022-08-13 06:00:00,2022-08-14 00:30:00,381.48442970491845,17899.35977569954,0.5586792,0.5811093,LONG,take_profit,3.8148442970491843,1.0,20.0
2022-08-14 01:00:00,2022-08-14 16:30:00,-270.9253555823297,17217.919894488583,0.5807902500000001,0.56621675,LONG,stop_loss,-2.7092535558232966,1.0,19.999999999999996
2022-08-20 04:30:00,2022-08-20 15:00:00,-241.76668533567894,21620.165474260488,0.46253115,0.45227375000000003,LONG,stop_loss,-2.4176668533567893,1.0,19.999999999999996
2022-08-20 21:30:00,2022-08-22 08:00:00,-300.0549647622448,22147.136048638655,0.45152565,0.43888045000000003,LONG,stop_loss,-3.000549647622448,1.0,20.0
2022-08-23 21:30:00,2022-08-24 01:30:00,-149.1041017535878,21667.033381206646,0.46153065,0.45557210000000004,LONG,stop_loss,-1.491041017535878,1.0,20.0
2022-08-27 07:30:00,2022-08-28 23:00:00,-238.2615920682305,22648.99727793026,0.44152065,0.43188395,LONG,stop_loss,-2.382615920682305,1.0,19.999999999999996
2022-08-29 15:30:00,2022-08-30 10:30:00,314.79674326888716,22400.274537764737,0.44642309999999996,0.46136920000000003,LONG,take_profit,3.147967432688872,1.0,20.0
2022-08-30 10:30:00,2022-08-30 11:00:00,-97.08559065354513,21652.95168706808,0.4618308,0.45827075000000006,LONG,stop_loss,-0.9708559065354512,1.0,20.000000000000004
2022-08-30 11:00:00,2022-08-30 12:30:00,-95.36035689897663,21799.351142313248,0.45872925000000003,0.45527225000000004,LONG,stop_loss,-0.9536035689897663,1.0,20.0
2022-08-30 12:30:00,2022-08-30 14:00:00,-190.0982659054667,21942.925354007955,0.45572775000000004,0.44797590000000004,LONG,stop_loss,-1.9009826590546668,1.0,20.0
2022-08-31 05:30:00,2022-08-31 06:30:00,-110.17508599279655,21681.13340292977,0.46123050000000004,0.45707135,LONG,stop_loss,-1.1017508599279655,1.0,20.0
2022-09-04 09:00:00,2022-09-05 07:30:00,-155.19821855799225,20204.169190925055,0.49494734999999995,0.48825575000000004,LONG,stop_loss,-1.5519821855799227,1.0,19.999999999999996
2022-09-07 13:00:00,2022-09-07 20:30:00,267.92619352199017,21443.901520597778,0.46633305,0.47976,LONG,take_profit,2.679261935219902,1.0,20.0
2022-09-07 22:00:00,2022-09-08 05:30:00,-142.61718827433768,20866.39352557542,0.4792395,0.47336320000000004,LONG,stop_loss,-1.426171882743377,1.0,20.0
2022-09-09 05:30:00,2022-09-09 10:30:00,122.60181518202242,20356.420567720215,0.4912455,0.49825075,LONG,take_profit,1.2260181518202242,1.0,20.000000000000004
2022-09-09 10:30:00,2022-09-09 16:00:00,-128.19164139093914,20050.155463892926,0.49874925,0.4933532,LONG,stop_loss,-1.2819164139093915,1.0,19.999999999999996
2022-09-09 16:00:00,2022-09-10 01:00:00,492.1730058795567,20249.194689527198,0.4938468,0.5191403,LONG,take_profit,4.921730058795567,1.0,20.0
2022-09-10 01:00:00,2022-09-10 07:30:00,-281.95700763403244,19243.362531287305,0.5196597,0.50604685,LONG,stop_loss,-2.8195700763403244,1.0,20.0
2022-09-10 08:00:00,2022-09-11 06:30:00,-129.62156778474056,19544.39284073255,0.5116556999999999,0.50604685,LONG,stop_loss,-1.2962156778474057,1.0,20.0
2022-09-12 01:30:00,2022-09-12 03:00:00,-214.99509504507105,19483.43567007919,0.5132565,0.50324825,LONG,stop_loss,-2.1499509504507106,1.0,20.0
2022-09-16 01:00:00,2022-09-16 08:00:00,-179.00423962320923,21297.6827162809,0.46953465,0.46206885000000003,LONG,stop_loss,-1.7900423962320924,1.0,20.000000000000004
2022-09-16 19:00:00,2022-09-17 00:30:00,322.6952324141154,21648.26185564355,0.46193085,0.477761,LONG,take_profit,3.2269523241411546,1.0,20.000000000000004
2022-09-17 00:30:00,2022-09-18 14:00:00,-155.39255476863983,20910.047068515953,0.47823899999999997,0.471764,LONG,stop_loss,-1.5539255476863982,1.0,20.0
2022-09-19 10:30:00,2022-09-21 01:30:00,330.4923226253352,22541.728684597707,0.4436217,0.4591703,LONG,take_profit,3.304923226253352,1.0,19.999999999999996
2022-09-26 08:00:00,2022-09-26 11:30:00,-175.10122033955054,22335.20111452653,0.44772375000000003,0.44077950000000005,LONG,stop_loss,-1.7510122033955053,1.0,19.999999999999996
2022-09-26 13:30:00,2022-09-27 17:30:00,-200.11384180193014,22395.25543076546,0.44652315,0.43848065,LONG,stop_loss,-2.0011384180193015,1.0,20.0
2022-09-28 12:30:00,2022-10-01 16:30:00,-119.84975224564758,23051.205024793875,0.4338168,0.42948515000000004,LONG,stop_loss,-1.1984975224564758,1.0,20.0
2022-10-04 14:00:00,2022-10-05 08:00:00,-127.07510659293146,23125.873435332313,0.43241609999999997,0.427786,LONG,stop_loss,-1.2707510659293146,1.0,20.0
2022-10-11 12:00:00,2022-10-11 13:30:00,-149.72539947254933,24956.31085830368,0.40070025000000004,0.39550215,LONG,stop_loss,-1.4972539947254933,1.0,20.0
2022-10-11 15:30:00,2022-10-11 18:30:00,-167.66733396018088,25043.85492044757,0.39929955,0.3934032,LONG,stop_loss,-1.676673339601809,1.0,20.000000000000004
2022-10-12 06:00:00,2022-10-12 12:30:00,-133.95190729508258,25368.026646575192,0.394197,0.38970505000000005,LONG,stop_loss,-1.339519072950826,1.0,20.000000000000004
2022-10-13 15:00:00,2022-10-14 21:30:00,-348.6255558899711,26789.071291210465,0.37328655,0.36101940000000005,LONG,stop_loss,-3.4862555588997113,1.0,20.0
2022-10-17 14:30:00,2022-10-18 01:30:00,-137.41441107403247,26868.286286964045,0.372186,0.36781600000000003,LONG,stop_loss,-1.3741441107403247,1.0,20.0
2022-10-19 15:30:00,2022-10-19 22:30:00,-219.7492873674882,27919.00139315817,0.35817899999999997,0.3510244,LONG,stop_loss,-2.1974928736748818,1.0,20.0
2022-10-20 04:00:00,2022-10-20 13:00:00,-114.41757994242185,28154.936616198946,0.3551775,0.351824,LONG,stop_loss,-1.1441757994242185,1.0,20.0
2023-12-28 08:00:00,2024-01-03 12:00:00,-1829.2863816727183,15153.126893193792,0.6599298,0.5405295999999999,LONG,stop_loss,-18.292863816727184,1.0,20.0
2024-01-08 08:00:00,2024-01-08 18:00:00,649.7623241842018,20240.993314602318,0.4940469,0.5271363,LONG,take_profit,6.497623241842018,1.0,20.0
2024-01-08 19:30:00,2024-01-09 01:30:00,-237.27187536280076,18516.121709430576,0.5400699,0.5283357,LONG,stop_loss,-2.3727187536280074,1.0,20.0
2024-01-09 01:30:00,2024-01-09 08:30:00,-158.50812013591997,18908.442108873678,0.5288643,0.5215391,LONG,stop_loss,-1.5850812013591997,1.0,20.0
2024-01-09 22:00:00,2024-01-10 08:30:00,-316.919267903406,19396.47292596667,0.51555765,0.5002497499999999,LONG,stop_loss,-3.16919267903406,1.0,20.0
2024-01-10 09:30:00,2024-01-10 11:30:00,-45.540623969283075,19441.747712022225,0.51435705,0.51304335,LONG,stop_loss,-0.4554062396928307,1.0,20.0
2024-01-10 22:30:00,2024-01-12 17:00:00,-468.076260063267,17532.016310736053,0.5703850500000001,0.5448274500000001,LONG,stop_loss,-4.68076260063267,1.0,20.0
2024-01-13 05:30:00,2024-01-13 16:30:00,-216.3014509402917,18097.053229677033,0.55257615,0.541729,LONG,stop_loss,-2.163014509402917,1.0,20.000000000000004
2024-01-15 03:30:00,2024-01-15 13:00:00,-154.26725181783254,18557.37560109659,0.5388693,0.5316340500000001,LONG,stop_loss,-1.5426725181783256,1.0,20.0
2024-01-15 18:30:00,2024-01-15 21:30:00,-101.31196472025037,18777.010142308143,0.53256615,0.52823575,LONG,stop_loss,-1.0131196472025037,1.0,20.0
2024-01-18 08:00:00,2024-01-18 09:30:00,-115.591008760661,19030.850149944068,0.5254626,0.52043965,LONG,stop_loss,-1.15591008760661,1.0,20.0
2024-01-18 15:30:00,2024-01-18 16:30:00,-172.26990046162402,19235.95554032068,0.5198598,0.5119439,LONG,stop_loss,-1.72269900461624,1.0,20.0
2024-01-19 10:00:00,2024-01-19 14:00:00,-165.91343783890437,19998.00419918092,0.5000499,0.4927535,LONG,stop_loss,-1.6591343783890438,1.0,20.0
2024-01-19 18:30:00,2024-01-20 07:00:00,399.8779398179701,20191.92423990025,0.4952475,0.51604185,LONG,take_profit,3.998779398179701,1.0,20.0
2024-01-22 13:00:00,2024-01-22 14:30:00,-122.08723293663697,20030.065127756763,0.4992495,0.49415280000000006,LONG,stop_loss,-1.2208723293663697,1.0,20.0
2024-01-23 04:00:00,2024-01-23 07:00:00,-196.70089553492582,20591.27008395267,0.4856427,0.47706135000000005,LONG,stop_loss,-1.9670089553492582,1.0,20.0
2024-01-23 15:00:00,2024-01-28 01:00:00,519.6584516562099,21397.992932456913,0.46733355000000004,0.49255360000000004,LONG,take_profit,5.1965845165620985,1.0,20.0
2024-01-28 04:00:00,2024-01-28 08:00:00,-52.132402775243214,20134.976830682164,0.4966482,0.49505235000000003,LONG,stop_loss,-0.5213240277524321,1.0,20.000000000000004
2024-01-28 08:00:00,2024-01-28 12:30:00,-40.07980463634409,20179.694122250403,0.49554765,0.49455260000000006,LONG,stop_loss,-0.4007980463634409,1.0,20.0
2024-01-29 18:30:00,2024-01-31 00:00:00,-174.63793199925135,19295.3716192097,0.518259,0.51024475,LONG,stop_loss,-1.7463793199925133,1.0,20.000000000000004
2024-01-31 15:30:00,2024-01-31 18:00:00,190.08378580182932,19659.72167338833,0.5086542,0.5193402,LONG,take_profit,1.9008378580182932,1.0,20.0
2024-01-31 18:00:00,2024-01-31 20:30:00,-374.1464448684044,19235.95554032068,0.5198598,0.50144915,LONG,stop_loss,-3.741464448684044,1.0,20.0
2024-02-02 00:30:00,2024-02-03 09:00:00,286.36825568333074,19659.72167338833,0.5086542,0.52423775,LONG,take_profit,2.8636825568333073,1.0,20.0
2024-02-05 04:00:00,2024-02-05 15:30:00,-126.24555245460292,20062.229021980376,0.4984491,0.4931533,LONG,stop_loss,-1.2624555245460292,1.0,19.999999999999996
2024-02-07 15:00:00,2024-02-07 20:30:00,235.99274666072603,20629.520121260317,0.48474225,0.4971513,LONG,take_profit,2.3599274666072603,1.0,19.999999999999996
2024-02-07 20:30:00,2024-02-08 04:00:00,277.29706919760923,20094.496378670334,0.4976487,0.51244365,LONG,take_profit,2.7729706919760924,1.0,20.0
2024-02-08 04:00:00,2024-02-08 07:30:00,231.10518663040273,19494.836159061095,0.5129563500000001,0.5258369500000001,LONG,take_profit,2.311051866304027,1.0,20.0
2024-02-08 07:30:00,2024-02-09 11:30:00,294.7133903111177,18998.29404818594,0.52636305,0.5429284000000001,LONG,take_profit,2.9471339031111765,1.0,20.0
2024-02-09 11:30:00,2024-02-09 14:00:00,-156.89307776156247,18400.22551316389,0.5434716,0.53603185,LONG,stop_loss,-1.5689307776156247,1.0,20.0
2024-02-09 14:30:00,2024-02-10 10:30:00,-167.63424469109867,18609.20219465765,0.5373685500000001,0.52943515,LONG,stop_loss,-1.6763424469109869,1.0,20.0
2024-02-10 23:30:00,2024-02-11 14:00:00,-109.69767156312929,18123.304621487987,0.55177575,0.5468264500000001,LONG,stop_loss,-1.096976715631293,1.0,20.0
2024-02-12 00:00:00,2024-02-12 01:00:00,-92.11280972534809,18279.08284336252,0.5470733999999999,0.5431283,LONG,stop_loss,-0.9211280972534809,1.0,20.0
2024-02-12 15:30:00,2024-02-13 03:30:00,-146.72164726552785,17966.928813141512,0.55657815,0.5495251,LONG,stop_loss,-1.4672164726552785,1.0,19.999999999999996
2024-02-13 21:00:00,2024-02-14 09:30:00,361.41127166186226,18299.162392439808,0.5464731,0.5673162,LONG,take_profit,3.6141127166186227,1.0,20.0
2024-02-14 10:00:00,2024-02-15 10:00:00,197.4481935914705,17504.38265980845,0.5712855,0.583708,LONG,take_profit,1.974481935914705,1.0,20.0
2024-02-15 15:00:00,2024-02-15 15:30:00,-177.63054433374472,16412.15517036227,0.6093045,0.5997,LONG,stop_loss,-1.7763054433374472,1.0,20.0
2024-02-15 15:30:00,2024-02-16 14:30:00,-171.52007329668248,16658.33749791771,0.6003,0.5912042500000001,LONG,stop_loss,-1.7152007329668248,1.0,20.0
2024-02-17 23:00:00,2024-02-18 08:00:00,306.3411815196023,16414.850548120587,0.60920445,0.6290853,LONG,take_profit,3.063411815196023,1.0,20.0
2024-02-18 08:00:00,2024-02-18 16:00:00,-217.2877558678545,15880.207338339094,0.6297147,0.6172912,LONG,stop_loss,-2.172877558678545,1.0,20.0
2024-02-21 21:30:00,2024-02-22 01:30:00,-176.70844523720572,16872.050132934884,0.5926962,0.58340815,LONG,stop_loss,-1.7670844523720572,1.0,20.000000000000004
2024-02-26 17:30:00,2024-02-28 08:00:00,377.72688643385294,16382.564331667963,0.61040505,0.6346825,LONG,take_profit,3.7772688643385295,1.0,20.0
2024-02-29 07:30:00,2024-02-29 17:30:00,-230.23358108802208,14623.266274690015,0.68384175,0.6694651,LONG,stop_loss,-2.3023358108802205,1.0,20.000000000000004
2024-03-02 00:00:00,2024-03-02 07:00:00,-276.0214834010039,13305.381388113185,0.7515756,0.7323336500000001,LONG,stop_loss,-2.7602148340100383,1.0,20.0
2024-03-02 07:00:00,2024-03-03 07:00:00,-415.8516169784613,13641.33001057817,0.73306635,0.7040478000000001,LONG,stop_loss,-4.158516169784613,1.0,20.0
2024-03-03 11:30:00,2024-03-04 05:30:00,447.8117236049368,13736.946809717736,0.7279638,0.7620188,LONG,take_profit,4.478117236049368,1.0,20.0
2024-03-04 05:30:00,2024-03-05 05:00:00,32.901146488667095,13109.919332044366,0.7627811999999999,0.7668164000000001,LONG,stop_loss,0.329011464886671,1.0,20.0
2024-03-06 04:30:00,2024-03-11 16:00:00,966.5713552855232,14325.644974560164,0.6980488499999999,0.76691635,LONG,take_profit,9.665713552855232,1.0,20.0
2024-03-11 18:30:00,2024-03-12 03:30:00,-227.8296859853772,12936.839889659106,0.7729862999999999,0.75692135,LONG,stop_loss,-2.278296859853772,1.0,20.0
2024-03-12 19:30:00,2024-03-14 09:00:00,660.6753082405041,13365.876569605007,0.7481739000000001,0.7991002500000001,LONG,take_profit,6.606753082405041,1.0,20.0
2024-03-14 10:00:00,2024-03-14 11:00:00,-285.25933262592247,12397.671171856393,0.8066031,0.7852072,LONG,stop_loss,-2.8525933262592247,1.0,20.0
2024-03-14 11:00:00,2024-03-14 13:30:00,-311.02747506083944,12722.762854825134,0.7859927999999999,0.76311825,LONG,stop_loss,-3.1102747506083945,1.0,20.0
2024-03-15 13:30:00,2024-03-16 14:00:00,-312.6390463304915,13930.317071429443,0.71785875,0.6968514000000001,LONG,stop_loss,-3.126390463304915,1.0,20.0
2024-03-17 09:00:00,2024-03-18 14:30:00,-303.3274812407923,14862.457247212824,0.67283625,0.65377295,LONG,stop_loss,-3.0332748124079227,1.0,20.0
2024-03-19 15:30:00,2024-03-19 20:00:00,-374.86332269377596,15974.112991450573,0.6260128500000001,0.60379795,LONG,stop_loss,-3.7486332269377596,1.0,20.0
2024-03-27 11:30:00,2024-03-27 13:30:00,-128.87581943762237,15220.04339690974,0.6570283499999999,0.6498749,LONG,stop_loss,-1.2887581943762236,1.0,20.0
2024-03-27 20:30:00,2024-03-28 01:30:00,-154.10396028979466,15329.7584336666,0.6523260000000001,0.64357805,LONG,stop_loss,-1.5410396028979467,1.0,20.0
2024-04-01 22:00:00,2024-04-02 01:00:00,-116.61354293951246,16048.494699342686,0.6231114,0.6170913,LONG,stop_loss,-1.1661354293951245,1.0,20.0
2024-04-03 01:30:00,2024-04-03 18:00:00,-190.68296789319297,17103.015911619823,0.5846922,0.5747125,LONG,stop_loss,-1.9068296789319297,1.0,20.0
2024-04-04 16:30:00,2024-04-04 19:30:00,-138.17779773395856,16912.01776438346,0.5912955,0.5843077,LONG,stop_loss,-1.3817779773395855,1.0,20.0
2024-04-05 08:00:00,2024-04-05 09:00:00,-211.53714938999795,17298.377464089,0.5780889,0.5670163500000001,LONG,stop_loss,-2.1153714938999797,1.0,20.0
2024-04-07 05:00:00,2024-04-07 18:30:00,-75.65779832278002,16920.606904944343,0.59099535,0.587706,LONG,stop_loss,-0.7565779832278002,1.0,20.0
2024-04-08 09:30:00,2024-04-09 08:00:00,-127.08119832358638,16463.51918753191,0.60740355,0.6008994,LONG,stop_loss,-1.2708119832358638,1.0,19.999999999999996
2024-04-10 16:30:00,2024-04-12 12:30:00,-167.36186392881197,17179.447402458965,0.5820909,0.5735131,LONG,stop_loss,-1.6736186392881196,1.0,20.0
2024-04-13 05:00:00,2024-04-13 16:00:00,-328.4078811824061,19513.866651211687,0.5124561,0.49665155000000005,LONG,stop_loss,-3.284078811824061,1.0,20.0
2024-04-14 04:00:00,2024-04-17 14:30:00,-364.8188282638523,21894.85760953039,0.45672825,0.4409794,LONG,stop_loss,-3.648188282638523,1.0,19.999999999999996
2024-04-19 13:30:00,2024-04-19 23:00:00,-169.39042106853458,21131.083506872357,0.47323649999999995,0.4661668,LONG,stop_loss,-1.693904210685346,1.0,20.0
2024-04-20 07:30:00,2024-04-20 09:00:00,-225.01019363532063,20114.71623817795,0.49714845,0.48695640000000007,LONG,stop_loss,-2.2501019363532064,1.0,19.999999999999996
2024-04-20 09:00:00,2024-04-20 11:00:00,-185.83251888013223,20515.19396295284,0.48744360000000003,0.47936020000000007,LONG,stop_loss,-1.8583251888013224,1.0,19.999999999999996
2024-04-20 19:30:00,2024-04-21 16:00:00,-197.02534083276768,19894.51134305459,0.5026512,0.493753,LONG,stop_loss,-1.9702534083276768,1.0,20.0
2024-04-22 13:00:00,2024-04-22 15:00:00,-117.3032613621343,19411.54107351063,0.51515745,0.5101448,LONG,stop_loss,-1.173032613621343,1.0,20.0
2024-04-24 04:30:00,2024-04-24 08:00:00,-155.75431009908002,19659.72167338833,0.5086542,0.501749,LONG,stop_loss,-1.5575431009908,1.0,20.0
2024-04-25 15:30:00,2024-04-26 00:30:00,-127.087804080212,21117.68962339029,0.47353665,0.46846565,LONG,stop_loss,-1.2708780408021199,1.0,20.0
2024-04-27 23:30:00,2024-04-28 22:30:00,-117.7016844896612,21402.57494379149,0.4672335,0.46266855,LONG,stop_loss,-1.177016844896612,1.0,20.000000000000004
2024-04-29 14:00:00,2024-04-29 19:00:00,-169.8070120854709,21856.554775312976,0.45752865,0.45067455000000006,LONG,stop_loss,-1.698070120854709,1.0,19.999999999999996
2024-04-29 22:00:00,2024-04-30 02:00:00,7.207644808483199,21894.85760953039,0.45672825,0.4579709,LONG,stop_loss,0.07207644808483199,1.0,19.999999999999996
2024-04-30 20:30:00,2024-05-01 07:00:00,-262.0561525204143,22762.474376567123,0.43931955,0.42868555,LONG,stop_loss,-2.6205615252041428,1.0,19.999999999999996
2024-05-02 15:00:00,2024-05-02 15:30:00,-88.61924395333278,21723.54379211177,0.46033005,0.4571713,LONG,stop_loss,-0.8861924395333278,1.0,20.0
2024-05-02 15:30:00,2024-05-03 09:00:00,-195.98546594651935,21851.776341824712,0.4576287,0.4495751,LONG,stop_loss,-1.9598546594651938,1.0,19.999999999999996
2024-05-03 14:30:00,2024-05-05 00:30:00,-124.68699299639229,21531.672767666143,0.4644321,0.45957010000000004,LONG,stop_loss,-1.246869929963923,1.0,20.0
2024-05-05 08:00:00,2024-05-05 12:00:00,-84.30031342232672,21732.990864863288,0.46012994999999995,0.4571713,LONG,stop_loss,-0.8430031342232672,1.0,20.0
2024-05-06 10:00:00,2024-05-06 10:30:00,-178.87734225286715,21279.54545188551,0.46993485,0.46246865000000004,LONG,stop_loss,-1.7887734225286716,1.0,20.0
2024-05-07 08:00:00,2024-05-07 11:30:00,-153.08417298501448,21991.20461771314,0.45472725,0.44867555000000003,LONG,stop_loss,-1.5308417298501447,1.0,19.999999999999996
2024-05-08 15:00:00,2024-05-10 16:00:00,-166.6933714780203,22059.153605717558,0.45332655,0.44667655000000006,LONG,stop_loss,-1.666933714780203,1.0,20.0
2024-05-13 06:30:00,2024-05-14 02:00:00,-148.2199137117831,22746.933315317765,0.4396197,0.4339829,LONG,stop_loss,-1.4821991371178311,1.0,20.000000000000004
2024-05-14 15:00:00,2024-05-14 17:30:00,-124.1536702912894,22977.017238507186,0.4352175,0.43068455000000005,LONG,stop_loss,-1.241536702912894,1.0,20.0
2024-05-15 07:30:00,2024-05-15 12:30:00,201.8454476637295,23195.6428376668,0.43111545,0.44067955000000003,LONG,take_profit,2.018454476637295,1.0,20.0
2024-05-15 13:00:00,2024-05-16 02:00:00,228.40593648295112,22480.887311629835,0.4448223,0.45587195,LONG,take_profit,2.284059364829511,1.0,20.0
2024-05-16 02:00:00,2024-05-16 12:30:00,-108.84617108240344,21914.059414055304,0.45632805,0.45227375000000003,LONG,stop_loss,-1.0884617108240344,1.0,20.0
2024-05-16 13:30:00,2024-05-16 14:30:00,-146.46448443178335,21986.367133195392,0.4548273,0.44907535,LONG,stop_loss,-1.4646448443178335,1.0,20.0
2024-05-16 15:00:00,2024-05-17 07:00:00,473.1303866430548,21981.53177644738,0.45492735,0.47736120000000004,LONG,take_profit,4.731303866430548,1.0,20.0
2024-05-17 08:00:00,2024-05-19 11:30:00,-84.07373036363232,20809.915675100197,0.48054015,0.47746115000000006,LONG,stop_loss,-0.8407373036363233,1.0,20.0
2024-05-20 03:00:00,2024-05-20 06:30:00,-216.9225890988164,21252.39740325457,0.47053515,0.46126925,LONG,stop_loss,-2.1692258909881637,1.0,20.0
2024-05-20 21:30:00,2024-05-22 04:30:00,-247.03795959594055,20106.62341329838,0.49734855,0.48605685000000004,LONG,stop_loss,-2.4703795959594053,1.0,20.0
2024-05-22 17:00:00,2024-05-22 18:00:00,-190.52660320025282,20591.27008395267,0.4856427,0.47736120000000004,LONG,stop_loss,-1.9052660320025283,1.0,20.0
2024-05-24 00:30:00,2024-05-24 05:30:00,-177.25207253241516,21352.280492951562,0.46833405,0.46096940000000003,LONG,stop_loss,-1.7725207253241515,1.0,20.000000000000004
2024-05-24 11:30:00,2024-05-24 13:30:00,-159.31545554083758,21564.190935815805,0.46373175,0.45727125,LONG,stop_loss,-1.5931545554083757,1.0,20.0
2024-05-24 18:00:00,2024-05-26 21:00:00,-142.5340535971176,21652.95168706808,0.4618308,0.4561718,LONG,stop_loss,-1.4253405359711762,1.0,20.000000000000004
2024-05-28 10:00:00,2024-05-28 13:30:00,-153.59610622298933,21695.251788041296,0.46093035,0.4547725,LONG,stop_loss,-1.5359610622298931,1.0,20.0
2024-06-07 11:00:00,2024-06-07 12:30:00,-147.57300887033207,20638.039435784896,0.48454215,0.4783607,LONG,stop_loss,-1.475730088703321,1.0,20.0
2024-06-07 12:30:00,2024-06-07 17:00:00,-148.97333197170815,20883.83305213252,0.4788393,0.47266355,LONG,stop_loss,-1.4897333197170815,1.0,20.0
2024-06-09 00:00:00,2024-06-09 04:30:00,-96.30540417591529,22877.094297895685,0.43711845,0.43378300000000003,LONG,stop_loss,-0.9630540417591529,1.0,20.0
2024-06-09 06:00:00,2024-06-09 19:00:00,146.35309122147024,22913.806737163286,0.4364181,0.44367805000000005,LONG,take_profit,1.4635309122147022,1.0,20.0
2024-06-09 19:00:00,2024-06-10 00:00:00,-72.75465443669268,22516.338136406,0.44412195000000004,0.44177900000000003,LONG,stop_loss,-0.7275465443669267,1.0,20.0
2024-06-12 03:00:00,2024-06-12 12:30:00,331.0895154832221,23612.101343611208,0.42351165,0.4383807,LONG,take_profit,3.310895154832221,1.0,20.0
2024-06-12 14:00:00,2024-06-12 18:00:00,-25.473615308209663,22618.245075244682,0.44212095,0.44187895,LONG,stop_loss,-0.25473615308209663,1.0,20.0
2024-06-12 18:00:00,2024-06-12 19:30:00,-226.58636978728333,22608.01289018463,0.44232105,0.43318330000000005,LONG,stop_loss,-2.2658636978728333,1.0,20.0
2024-06-12 20:00:00,2024-06-13 03:00:00,-188.20256385463418,22940.1021316287,0.43591785,0.4285856,LONG,stop_loss,-1.8820256385463419,1.0,20.0
2024-06-14 05:30:00,2024-06-14 14:00:00,-199.75671121248482,23589.810004131752,0.42391185000000003,0.41629175,LONG,stop_loss,-1.997567112124848,1.0,20.0
2024-06-14 21:30:00,2024-06-17 07:00:00,-112.13772799210844,24171.711000606105,0.41370674999999996,0.40989495000000004,LONG,stop_loss,-1.1213772799210844,1.0,19.999999999999996
2024-06-17 17:00:00,2024-06-18 00:00:00,-206.896222326614,24581.90481738963,0.40680330000000003,0.3992003,LONG,stop_loss,-2.06896222326614,1.0,20.0
2024-06-18 20:00:00,2024-06-19 04:00:00,453.8210990300478,26596.600582093197,0.37598790000000004,0.393803,LONG,take_profit,4.5382109903004775,1.0,20.0
2024-06-19 04:00:00,2024-06-19 09:30:00,-182.12705829826155,25368.026646575192,0.394197,0.38780600000000004,LONG,stop_loss,-1.8212705829826155,1.0,20.000000000000004
2024-06-20 11:00:00,2024-06-20 12:00:00,-123.21825216017547,25208.076919925912,0.39669825000000003,0.3926036,LONG,stop_loss,-1.2321825216017548,1.0,20.0
2024-06-20 12:00:00,2024-06-20 13:00:00,-149.52917634868842,25445.52570965027,0.39299639999999997,0.38790595,LONG,stop_loss,-1.495291763486884,1.0,20.0
2024-06-23 09:00:00,2024-06-23 11:00:00,-116.9090684954333,25575.748461490854,0.3909954,0.38720630000000006,LONG,stop_loss,-1.169090684954333,1.0,20.0
2024-06-24 13:30:00,2024-06-24 15:30:00,-233.2799879130206,26413.854383590442,0.3785892,0.37051465,LONG,stop_loss,-2.3327998791302056,1.0,19.999999999999996
2024-06-24 21:00:00,2024-06-25 12:00:00,481.2206050492886,26639.13245935668,0.3753876,0.3942028,LONG,take_profit,4.812206050492886,1.0,20.0
2024-06-25 12:00:00,2024-06-25 13:30:00,-128.78054887363487,25342.298424824097,0.3945972,0.39030475000000003,LONG,stop_loss,-1.2878054887363488,1.0,19.999999999999996
2024-06-25 13:30:00,2024-06-26 17:00:00,-173.25755816073857,25595.39692381722,0.39069525,0.38470755000000006,LONG,stop_loss,-1.7325755816073856,1.0,20.0
2024-06-27 21:00:00,2024-06-28 05:00:00,-124.3365504588188,25510.470900333396,0.3919959,0.38790595,LONG,stop_loss,-1.243365504588188,1.0,20.0
2024-06-29 04:30:00,2024-06-29 14:30:00,-181.39694739646907,25246.28062326503,0.39609795,0.38970505000000005,LONG,stop_loss,-1.8139694739646908,1.0,20.0
2024-06-30 07:00:00,2024-06-30 10:30:00,-122.78142662414879,25786.900151575395,0.3877938,0.38380800000000004,LONG,stop_loss,-1.227814266241488,1.0,19.999999999999996
2024-07-01 01:00:00,2024-07-02 08:30:00,220.56945693193177,25068.980433284738,0.39889935,0.40849565000000004,LONG,take_profit,2.2056945693193177,1.0,20.0
2024-07-02 08:30:00,2024-07-02 12:00:00,170.4406250508216,24455.597011868424,0.40890435,0.41669155,LONG,take_profit,1.7044062505082163,1.0,20.0
2024-07-02 12:00:00,2024-07-02 14:00:00,-99.48652203042153,23974.580232071537,0.41710845,0.413793,LONG,stop_loss,-0.9948652203042153,1.0,20.0
2024-07-02 14:00:00,2024-07-03 04:30:00,-95.14720900419343,24142.518112924216,0.414207,0.41109435,LONG,stop_loss,-0.9514720900419342,1.0,20.0
2024-07-03 06:30:00,2024-07-03 10:00:00,-241.1190274219265,24003.36815261918,0.4166082,0.40739620000000004,LONG,stop_loss,-2.411190274219265,1.0,20.000000000000004
2024-07-05 11:00:00,2024-07-08 01:00:00,-267.301030828733,28954.236670772374,0.34537260000000003,0.33683150000000006,LONG,stop_loss,-2.67301030828733,1.0,20.0
2024-07-08 04:30:00,2024-07-08 08:30:00,557.8202015815847,28548.993141247138,0.35027505000000003,0.37051465,LONG,take_profit,5.5782020158158465,1.0,20.0
2024-07-08 08:30:00,2024-07-08 14:30:00,-116.23189484297336,26962.510112626453,0.37088534999999995,0.36731625,LONG,stop_loss,-1.1623189484297336,1.0,20.0
2024-07-08 14:30:00,2024-07-11 01:30:00,674.0624925632438,27197.285710886055,0.36768375,0.39320330000000003,LONG,take_profit,6.740624925632438,1.0,20.0
2024-07-11 14:30:00,2024-07-11 15:30:00,-238.94929029509174,24887.95442915992,0.4018008,0.3930034,LONG,stop_loss,-2.3894929029509173,1.0,20.0
2024-07-13 15:30:00,2024-07-14 03:30:00,-154.29460385014957,23029.95967454061,0.434217,0.4283857,LONG,stop_loss,-1.5429460385014957,1.0,20.0
2024-07-16 04:00:00,2024-07-16 05:00:00,-219.0311611780932,22250.673416630954,0.4494246,0.44047965,LONG,stop_loss,-2.190311611780932,1.0,20.0
2024-07-19 03:30:00,2024-07-19 07:30:00,-130.8094157567994,23456.94085602118,0.42631304999999997,0.42158910000000005,LONG,stop_loss,-1.308094157567994,1.0,20.0
2024-07-19 19:30:00,2024-07-20 02:30:00,-150.16528503791537,22684.980705289658,0.4408203,0.43508235000000006,LONG,stop_loss,-1.5016528503791535,1.0,19.999999999999996
2024-07-23 08:30:00,2024-07-23 12:30:00,-126.25592021850247,23490.01762338572,0.42571275,0.42118930000000004,LONG,stop_loss,-1.2625592021850247,1.0,19.999999999999996
2024-07-25 21:30:00,2024-07-26 03:00:00,374.2836420934343,25439.04937325178,0.39309645000000004,0.4085956,LONG,take_profit,3.742836420934343,1.0,20.0
2024-07-26 03:00:00,2024-07-27 13:00:00,329.2346292607132,24449.614722971197,0.4090044,0.42328825000000003,LONG,take_profit,3.2923462926071316,1.0,20.0
2024-07-27 13:00:00,2024-07-27 19:00:00,-81.89113235589926,23600.950410273024,0.42371175,0.42108935000000003,LONG,stop_loss,-0.8189113235589925,1.0,20.000000000000004
2024-07-27 19:00:00,2024-07-27 20:00:00,-139.07172452226155,23724.192971162178,0.42151065,0.41649165000000005,LONG,stop_loss,-1.3907172452226155,1.0,20.0
2024-07-27 21:00:00,2024-07-28 00:00:00,-167.1683665742883,23662.411218633108,0.4226112,0.41639170000000003,LONG,stop_loss,-1.6716836657428833,1.0,20.0
2024-07-29 03:30:00,2024-07-29 12:00:00,-124.55255098432661,23651.212727758222,0.4228113,0.41839070000000006,LONG,stop_loss,-1.245525509843266,1.0,20.0
2024-08-01 10:30:00,2024-08-01 14:30:00,-212.47258284930075,25713.924617315733,0.38889435,0.3814092,LONG,stop_loss,-2.1247258284930073,1.0,20.000000000000004
2024-08-01 20:30:00,2024-08-02 06:00:00,-238.12010661335992,26028.652340496414,0.38419200000000003,0.37581200000000003,LONG,stop_loss,-2.381201066133599,1.0,19.999999999999996
2024-08-03 04:30:00,2024-08-03 06:00:00,51.64491848328251,27226.920454237606,0.36728354999999996,0.36991495,LONG,take_profit,0.5164491848328251,1.0,20.0
2024-08-03 06:00:00,2024-08-03 15:30:00,-310.7192715449886,27006.22128816705,0.37028505,0.35952015000000004,LONG,stop_loss,-3.1071927154498855,1.0,20.0
2024-08-03 21:30:00,2024-08-04 14:00:00,-243.55146690952262,27748.48000763638,0.36038010000000004,0.35232375,LONG,stop_loss,-2.4355146690952263,1.0,20.0
2024-08-04 20:00:00,2024-08-04 23:00:00,-197.06141260435544,28330.50594883964,0.3529764,0.34672655,LONG,stop_loss,-1.9706141260435546,1.0,20.000000000000004
2024-08-05 14:00:00,2024-08-21 17:00:00,1813.8194246928006,32138.271700162783,0.3111555,0.36821580000000004,LONG,take_profit,18.138194246928006,1.0,20.0
2024-08-21 17:30:00,2024-08-21 20:30:00,-145.03790954014195,26767.54820233161,0.3735867,0.36891545,LONG,stop_loss,-1.4503790954014197,1.0,19.999999999999996
2024-08-21 20:30:00,2024-08-23 08:30:00,462.60345579039256,27079.389051071867,0.36928455,0.38710635,LONG,take_profit,4.6260345579039255,1.0,20.000000000000004
2024-08-23 08:30:00,2024-08-23 09:00:00,-146.06787233803564,25806.874512653307,0.38749364999999997,0.3826086,LONG,stop_loss,-1.4606787233803564,1.0,20.0
2024-08-23 09:00:00,2024-08-23 12:30:00,-126.55461193123324,26110.24686193998,0.3829914,0.37891045,LONG,stop_loss,-1.2655461193123325,1.0,20.0
2024-08-24 18:30:00,2024-08-24 21:00:00,-185.1115338899531,25031.31104119866,0.39949965,0.39290345000000004,LONG,stop_loss,-1.8511153388995312,1.0,20.0
2024-08-25 13:30:00,2024-08-26 02:00:00,-102.68734655541115,25974.538718166907,0.38499239999999996,0.381809,LONG,stop_loss,-1.0268734655541116,1.0,20.0
2024-08-27 05:00:00,2024-08-27 08:00:00,-178.17468827614275,26955.23866976975,0.3709854,0.36511735,LONG,stop_loss,-1.7817468827614276,1.0,20.0
2024-08-28 09:30:00,2024-08-28 15:00:00,-191.61851431327523,27880.062758021268,0.35867925,0.35252365,LONG,stop_loss,-1.9161851431327523,1.0,20.0
2024-08-29 13:30:00,2024-08-29 18:00:00,-216.57021255919597,27451.256519501858,0.36428204999999997,0.35712135,LONG,stop_loss,-2.1657021255919595,1.0,20.0
2024-09-04 07:00:00,2024-09-05 12:30:00,376.86610328920847,31312.664469770134,0.31935959999999997,0.3320339,LONG,take_profit,3.7686610328920844,1.0,20.000000000000004
2024-09-07 02:00:00,2024-09-08 01:00:00,348.77295949181826,31579.786725910344,0.31665825000000003,0.32833575000000004,LONG,take_profit,3.4877295949181826,1.0,20.0
2024-09-08 05:00:00,2024-09-08 12:00:00,101.84669512874108,29979.011693913093,0.3335667,0.3376311,LONG,take_profit,1.0184669512874107,1.0,20.0
2024-09-08 12:00:00,2024-09-08 12:30:00,-121.67355635385309,29588.521310688644,0.3379689,0.33453265000000004,LONG,stop_loss,-1.2167355635385309,1.0,20.0
2024-09-08 12:30:00,2024-09-08 16:00:00,-62.82740613559271,29862.570955335,0.33486735,0.33343320000000004,LONG,stop_loss,-0.6282740613559271,1.0,20.0
2024-09-08 16:30:00,2024-09-09 00:30:00,238.07311013545288,29800.24597123025,0.33556769999999997,0.34422780000000003,LONG,take_profit,2.3807311013545287,1.0,20.0
2024-09-09 01:30:00,2024-09-09 05:00:00,-185.324766352788,28779.160664412968,0.34747365,0.34172905,LONG,stop_loss,-1.85324766352788,1.0,20.0
2024-09-09 05:00:00,2024-09-11 04:00:00,-155.6370659361733,29233.70137101675,0.34207095,0.33743120000000004,LONG,stop_loss,-1.5563706593617328,1.0,20.000000000000004
2024-09-11 23:30:00,2024-09-15 11:00:00,-137.53613278346558,28314.454670681655,0.3531765,0.34902540000000004,LONG,stop_loss,-1.3753613278346557,1.0,20.0
2024-09-19 01:00:00,2024-09-20 04:30:00,337.45345717945787,28721.27154813398,0.348174,0.36061960000000004,LONG,take_profit,3.374534571794579,1.0,20.0
2024-09-20 07:00:00,2024-09-20 13:00:00,-113.68675059286697,27911.20496718968,0.35827905,0.35492245000000006,LONG,stop_loss,-1.1368675059286697,1.0,19.999999999999996
2024-09-24 11:00:00,2024-09-24 14:30:00,-21.905929626280123,26977.0647739558,0.37068525,0.3706146,LONG,stop_loss,-0.21905929626280124,1.0,20.0
2024-09-24 14:30:00,2024-09-24 18:00:00,250.19931242577138,26955.23866976975,0.3709854,0.3810094,LONG,take_profit,2.5019931242577136,1.0,20.0
2024-09-24 18:00:00,2024-09-26 08:00:00,368.3472744215516,26219.838664088733,0.38139059999999997,0.3962018,LONG,take_profit,3.6834727442155164,1.0,20.0
2024-09-26 12:00:00,2024-09-27 01:30:00,260.1920585552143,25246.28062326503,0.39609795,0.4071963,LONG,take_profit,2.601920585552143,1.0,20.0
2024-09-27 01:30:00,2024-09-27 10:00:00,-167.31465882179114,24533.634017551856,0.40760369999999996,0.4015991,LONG,stop_loss,-1.6731465882179115,1.0,20.0
2024-10-01 03:30:00,2024-10-01 13:30:00,-171.28894431778156,26178.63409835156,0.38199089999999997,0.37621180000000004,LONG,stop_loss,-1.7128894431778157,1.0,20.0
2024-10-02 02:30:00,2024-10-02 09:30:00,-249.5250149612244,27802.510427679066,0.35967974999999996,0.3514242,LONG,stop_loss,-2.495250149612244,1.0,19.999999999999996
2024-10-04 09:00:00,2024-10-05 20:00:00,-152.1013739861168,28411.036096505468,0.3519759,0.34732625,LONG,stop_loss,-1.521013739861168,1.0,20.0
2024-10-06 20:00:00,2024-10-07 01:30:00,284.73933216233223,28115.3375492282,0.35567774999999996,0.36651665000000005,LONG,take_profit,2.847393321623322,1.0,19.999999999999996
2024-10-07 01:30:00,2024-10-07 05:30:00,-136.24266950244643,27256.619849333576,0.36688335000000005,0.3626186,LONG,stop_loss,-1.3624266950244646,1.0,19.999999999999996
2024-10-07 05:30:00,2024-10-07 09:00:00,-173.1814026834437,27549.620999863906,0.3629814,0.3574212,LONG,stop_loss,-1.731814026834437,1.0,20.0
2024-10-09 15:00:00,2024-10-09 16:00:00,-155.19762998127962,29131.45584013589,0.34327155000000004,0.3386306,LONG,stop_loss,-1.5519762998127962,1.0,20.0
2024-10-11 10:30:00,2024-10-11 17:30:00,154.79121710821119,28887.29045881684,0.34617299999999995,0.35222380000000003,LONG,take_profit,1.547912171082112,1.0,20.0
2024-10-11 17:30:00,2024-10-13 14:30:00,-146.2237780088387,28362.663163310513,0.3525762,0.34812585,LONG,stop_loss,-1.462237780088387,1.0,20.0
2024-10-14 15:30:00,2024-10-14 19:00:00,14.03807738004333,27534.442145318528,0.3631815,0.3644177,LONG,take_profit,0.1403807738004333,1.0,20.0
2024-10-14 19:00:00,2024-10-15 05:30:00,-216.31434968198784,27413.610802936437,0.3647823,0.3576211,LONG,stop_loss,-2.1631434968198784,1.0,20.0
2024-10-20 17:00:00,2024-10-21 00:00:00,183.56146191201952,27748.48000763638,0.36038010000000004,0.36771605,LONG,take_profit,1.8356146191201954,1.0,20.0
2024-10-21 00:00:00,2024-10-21 09:00:00,-127.74987608125734,27167.71540840072,0.36808395,0.36411785,LONG,stop_loss,-1.2774987608125734,1.0,20.0
2024-10-21 20:00:00,2024-10-22 13:30:00,-102.06496086030215,27733.08129509052,0.3605802,0.3576211,LONG,stop_loss,-1.0206496086030215,1.0,20.0
2024-10-24 00:30:00,2024-10-24 06:30:00,-173.8781583509298,28226.49674880154,0.35427705000000004,0.3488255,LONG,stop_loss,-1.738781583509298,1.0,20.000000000000004
2024-10-25 21:30:00,2024-10-25 23:00:00,-690.9484080460503,29131.45584013589,0.34327155000000004,0.3202398,LONG,stop_loss,-6.909484080460502,1.0,20.0
2024-10-26 17:30:00,2024-10-27 16:00:00,254.05232652881173,30232.9174190884,0.3307653,0.33983,LONG,take_profit,2.540523265288117,1.0,20.0
2024-10-27 16:00:00,2024-10-28 01:00:00,-103.45092159802455,29397.066172795952,0.34017000000000003,0.33733125,LONG,stop_loss,-1.0345092159802454,1.0,20.0
2024-10-28 07:00:00,2024-10-28 15:30:00,-145.53776492536718,29641.169925120474,0.3373686,0.33313335,LONG,stop_loss,-1.4553776492536719,1.0,20.0
2024-10-29 01:30:00,2024-10-29 23:00:00,229.18644742200837,28812.34505261062,0.34707345,0.35572205,LONG,take_profit,2.2918644742200835,1.0,20.0
2024-10-29 23:00:00,2024-10-30 11:00:00,-131.04591003177705,28083.73840615517,0.35607795,0.35212385,LONG,stop_loss,-1.3104591003177706,1.0,20.0
2024-11-01 07:30:00,2024-11-01 12:30:00,276.26792443194387,29182.489047447078,0.34267125000000004,0.3528235,LONG,take_profit,2.7626792443194383,1.0,20.0
2024-11-01 13:00:00,2024-11-02 03:00:00,242.15042308584628,28362.663163310513,0.3525762,0.361819,LONG,take_profit,2.421504230858463,1.0,20.0
2024-11-03 21:00:00,2024-11-04 00:30:00,-131.11443385184188,29755.887165080756,0.33606794999999995,0.33233375000000004,LONG,stop_loss,-1.3111443385184187,1.0,20.0
2024-11-06 03:30:00,2024-11-06 14:30:00,-208.38794888270044,27887.84179338902,0.3585792,0.351824,LONG,stop_loss,-2.0838794888270047,1.0,20.0
2024-11-07 01:00:00,2024-11-07 15:30:00,486.4030907415038,27050.074421517253,0.36968475,0.3884057,LONG,take_profit,4.864030907415038,1.0,20.0
2024-11-07 16:00:00,2024-11-07 23:30:00,483.7029288973075,25826.879841732876,0.3871935,0.40669655,LONG,take_profit,4.837029288973075,1.0,19.999999999999996
2024-11-07 23:30:00,2024-11-08 04:00:00,507.6828285292113,24563.781024208958,0.40710345,0.4285856,LONG,take_profit,5.0768282852921125,1.0,20.0
2024-11-08 04:00:00,2024-11-08 16:00:00,561.7636890509967,23309.24090193709,0.4290144,0.4539729,LONG,take_profit,5.617636890509967,1.0,20.0
2024-11-08 16:00:00,2024-11-08 16:30:00,-326.9238168234239,22005.72985193885,0.4544271,0.44047965,LONG,stop_loss,-3.269238168234239,1.0,20.0
2024-11-08 16:30:00,2024-11-09 23:00:00,1062.6263745821686,22679.83321704249,0.44092034999999996,0.48865555000000005,LONG,take_profit,10.626263745821687,1.0,20.0
2024-11-09 23:30:00,2024-11-10 03:00:00,820.4320681277394,20114.71623817795,0.49714845,0.5389304,LONG,take_profit,8.204320681277395,1.0,19.999999999999996
2024-11-10 03:00:00,2024-11-10 05:00:00,981.6041682422897,18536.725702430682,0.5394696,0.5935031000000001,LONG,take_profit,9.816041682422897,1.0,19.999999999999996
2024-11-10 05:00:00,2024-11-10 06:00:00,-393.390266806643,16832.270964551404,0.5940969,0.5719139000000001,LONG,stop_loss,-3.9339026680664304,1.0,20.0
2024-11-10 06:00:00,2024-11-10 12:30:00,1143.2457102451926,17467.673014244363,0.5724861,0.6390803,LONG,take_profit,11.432457102451927,1.0,20.0
2024-11-10 12:30:00,2024-11-10 13:30:00,-411.2213427224459,15631.846260166758,0.6397197,0.6146925,LONG,stop_loss,-4.112213427224459,1.0,20.0
2024-11-10 13:30:00,2024-11-10 20:30:00,-731.7319389085941,16252.036583334348,0.6153075,0.5715141,LONG,stop_loss,-7.317319389085942,1.0,20.0
2024-11-11 00:00:00,2024-11-11 05:30:00,-543.6156925670072,16523.39642709642,0.60520245,0.5735131,LONG,stop_loss,-5.436156925670072,1.0,20.0
2024-11-13 13:00:00,2024-11-13 14:30:00,1107.7351772313727,18359.66660314222,0.5446721999999999,0.6060968000000001,LONG,take_profit,11.077351772313728,1.0,20.0
2024-11-13 14:30:00,2024-11-13 15:00:00,-184.8532593861381,16482.52390954918,0.6067032,0.5967015,LONG,stop_loss,-1.8485325938613808,1.0,19.999999999999996
2024-11-13 15:00:00,2024-11-13 19:00:00,-458.3771263446984,16742.047736600714,0.5972985,0.5711143000000001,LONG,stop_loss,-4.583771263446984,1.0,20.000000000000004
2024-11-13 19:00:00,2024-11-14 14:30:00,-482.81461999136974,17492.128979262554,0.5716857000000001,0.54522725,LONG,stop_loss,-4.828146199913697,1.0,20.0
2024-11-15 10:00:00,2024-11-15 13:00:00,729.1932442128584,16299.743148647463,0.6135066,0.6594701000000001,LONG,take_profit,7.2919324421285845,1.0,20.0
2024-11-15 13:00:00,2024-11-16 00:00:00,1128.288389906288,15148.533644665995,0.6601299,0.7359318499999999,LONG,take_profit,11.282883899062881,1.0,20.0
2024-11-16 00:00:00,2024-11-16 15:00:00,481.51279107153124,13574.633299946523,0.73666815,0.7736130000000001,LONG,take_profit,4.815127910715312,1.0,20.0
2024-11-16 15:00:00,2024-11-16 23:00:00,-497.22779437154855,12913.439920866438,0.774387,0.7374311,LONG,stop_loss,-4.972277943715485,1.0,19.999999999999996
2024-11-18 06:00:00,2024-11-18 11:00:00,-381.0649455633939,12913.439920866438,0.774387,0.7464266,LONG,stop_loss,-3.8106494556339388,1.0,19.999999999999996
2024-11-20 09:00:00,2024-11-20 17:30:00,-465.89650811217973,11915.83512011281,0.8392194,0.8017989000000001,LONG,stop_loss,-4.6589650811217975,1.0,20.0
2024-11-22 03:30:00,2024-11-22 16:00:00,1031.722503261167,11471.367495409877,0.87173565,0.96341805,LONG,take_profit,10.31722503261167,1.0,20.0
2024-11-22 16:00:00,2024-11-23 00:00:00,1162.9187595226156,10369.335510686404,0.9643819499999999,1.0784605,LONG,take_profit,11.629187595226156,1.0,20.0
2024-11-23 00:00:00,2024-11-23 17:00:00,-227.20270078121104,9263.208988647475,1.0795394999999999,1.05717115,LONG,stop_loss,-2.2720270078121105,1.0,20.0
2024-11-24 20:00:00,2024-11-25 01:00:00,-242.7810151856492,9948.245743754977,1.00520235,0.98280835,LONG,stop_loss,-2.427810151856492,1.0,20.0
2024-11-25 03:30:00,2024-11-25 21:30:00,-507.5851871994014,9852.146376294357,1.01500725,0.9655170000000001,LONG,stop_loss,-5.075851871994014,1.0,20.0
2024-11-26 05:30:00,2024-11-26 07:30:00,-282.63681078412634,10151.333027372157,0.9850923,0.95922015,LONG,stop_loss,-2.8263681078412635,1.0,20.000000000000004
2024-11-26 16:00:00,2024-11-26 18:30:00,-342.21595868732203,10661.335998667331,0.93796875,0.9077459000000001,LONG,stop_loss,-3.4221595868732204,1.0,19.999999999999996
2024-11-27 20:00:00,2024-11-27 22:30:00,-300.07334558075723,9650.480350246813,1.03621785,1.0071961500000002,LONG,stop_loss,-3.0007334558075724,1.0,20.0
2024-11-29 02:00:00,2024-11-30 06:30:00,451.2099310893968,9533.577354779305,1.0489242,1.0983505500000001,LONG,take_profit,4.5120993108939675,1.0,20.0
2024-11-30 07:00:00,2024-11-30 10:00:00,-433.8104691116896,8860.032354180148,1.12866405,1.08195875,LONG,stop_loss,-4.338104691116896,1.0,20.0
2024-11-30 11:00:00,2024-12-01 00:30:00,-323.1739752723738,9137.870267645478,1.0943469000000001,1.0611691500000002,LONG,stop_loss,-3.231739752723738,1.0,20.0
2024-12-01 22:30:00,2024-12-02 08:30:00,-404.3318972728161,8874.98002020123,1.1267631,1.083458,LONG,stop_loss,-4.043318972728161,1.0,20.000000000000004
2024-12-02 17:00:00,2024-12-09 11:30:00,-594.8220748919014,8549.313573475858,1.16968455,1.1024485,LONG,stop_loss,-5.948220748919013,1.0,20.0
2024-12-09 14:30:00,2024-12-09 15:00:00,-248.60801508574414,8714.038795772121,1.1475735,1.12133905,LONG,stop_loss,-2.4860801508574415,1.0,19.999999999999996
2024-12-10 10:00:00,2024-12-10 12:30:00,-531.4876164408308,9723.710962886102,1.02841395,0.97581185,LONG,stop_loss,-5.314876164408309,1.0,20.0
2024-12-10 20:30:00,2024-12-11 13:30:00,966.0639788746106,10148.24093689778,0.98539245,1.08255845,LONG,take_profit,9.660639788746106,1.0,20.0
2024-12-11 14:30:00,2024-12-12 05:30:00,737.9023418770929,9178.990264258082,1.08944445,1.1720137000000002,LONG,take_profit,7.379023418770929,1.0,20.0
2024-12-12 05:30:00,2024-12-12 10:00:00,-226.79622665215237,8523.795410839693,1.1731863,1.14892525,LONG,stop_loss,-2.2679622665215238,1.0,20.0
2024-12-12 10:00:00,2024-12-12 15:00:00,-156.87979846527207,8695.086993258481,1.15007475,1.13433255,LONG,stop_loss,-1.5687979846527207,1.0,19.999999999999996
2024-12-15 01:30:00,2024-12-15 07:00:00,-191.2594295368862,9326.306334562494,1.07223585,1.0538728000000002,LONG,stop_loss,-1.9125942953688617,1.0,20.0
2024-12-18 11:00:00,2024-12-18 12:30:00,-142.77921506143002,9562.765498230601,1.0457226,1.0328833000000002,LONG,stop_loss,-1.4277921506143003,1.0,20.0
2024-12-18 17:30:00,2024-12-18 19:30:00,-287.53399393766585,9650.480350246813,1.03621785,1.0084955,LONG,stop_loss,-2.8753399393766585,1.0,20.0
2024-12-19 07:00:00,2024-12-19 13:30:00,-277.2623203512871,10138.975957344923,0.9862929,0.9609193,LONG,stop_loss,-2.772623203512871,1.0,20.0
2024-12-20 02:30:00,2024-12-20 05:30:00,-364.3061933600129,10930.6676495523,0.9148572,0.8833581,LONG,stop_loss,-3.6430619336001295,1.0,20.0
2024-12-20 13:30:00,2024-12-21 06:00:00,1332.172926312687,11608.597559524536,0.8614305,0.9779108000000001,LONG,take_profit,13.32172926312687,1.0,20.000000000000004
2024-12-21 06:00:00,2024-12-21 09:00:00,-236.24817190750412,10215.660771413148,0.9788892,0.9577209000000001,LONG,stop_loss,-2.362481719075041,1.0,20.0
2024-12-21 09:00:00,2024-12-21 12:30:00,-410.5368334409293,10431.019097005452,0.9586791,0.92123915,LONG,stop_loss,-4.105368334409293,1.0,20.0
2024-12-22 08:00:00,2024-12-22 14:30:00,-293.64782900188897,11083.391548847443,0.9022509000000001,0.877561,LONG,stop_loss,-2.9364782900188895,1.0,20.0
2024-12-27 02:00:00,2024-12-27 07:30:00,-141.07139919265344,11456.903368581643,0.8728362,0.8622686500000001,LONG,stop_loss,-1.4107139919265346,1.0,20.0
2024-12-30 01:00:00,2024-12-30 02:00:00,-197.39387166515752,11240.443655814917,0.8896446,0.87386285,LONG,stop_loss,-1.9739387166515754,1.0,20.0
2024-12-30 02:00:00,2024-12-30 13:30:00,-404.77730138704993,11432.005603054587,0.87473715,0.8410792500000001,LONG,stop_loss,-4.0477730138705,1.0,20.0
2025-01-01 18:00:00,2025-01-01 19:00:00,210.02532639596933,11221.513976367603,0.8911453500000001,0.9116439500000001,LONG,take_profit,2.100253263959693,1.0,20.0
2025-01-01 19:00:00,2025-01-02 10:30:00,551.5961227806213,10958.231004002439,0.9125560500000001,0.9647174,LONG,take_profit,5.515961227806213,1.0,20.0
2025-01-02 10:30:00,2025-01-02 15:00:00,-158.3373791761382,10355.369352207445,0.9656826,0.9523236,LONG,stop_loss,-1.583373791761382,1.0,20.0
2025-01-02 15:00:00,2025-01-03 03:30:00,737.4990842110432,10490.136963424247,0.9532764,1.025487,LONG,take_profit,7.374990842110432,1.0,19.999999999999996
2025-01-03 04:00:00,2025-01-03 10:30:00,430.733057330705,9870.632528886652,1.0131063,1.0587703499999999,LONG,take_profit,4.30733057330705,1.0,20.0
2025-01-03 10:30:00,2025-01-07 08:00:00,593.3782915018473,9435.47861677582,1.05982965,1.1248373,LONG,take_profit,5.933782915018473,1.0,20.0
2025-01-09 15:00:00,2025-01-09 20:00:00,-332.22825849019097,10877.138425019722,0.9193594500000001,0.8906544500000001,LONG,stop_loss,-3.3222825849019095,1.0,20.0
2025-01-10 08:00:00,2025-01-10 09:00:00,-136.83997573405833,10278.694466012572,0.9728862,0.961519,LONG,stop_loss,-1.3683997573405833,1.0,20.0
2025-01-10 09:00:00,2025-01-10 12:30:00,-114.11042919288663,10389.815487266762,0.9624809999999999,0.95342305,LONG,stop_loss,-1.1411042919288663,1.0,20.0
2025-01-10 12:30:00,2025-01-10 13:30:00,-372.45559943584044,10478.040149649465,0.95437695,0.9207394000000001,LONG,stop_loss,-3.724555994358404,1.0,20.0
2025-01-10 17:30:00,2025-01-10 22:00:00,-295.5031399231837,10458.30542926716,0.95617785,0.9298348500000001,LONG,stop_loss,-2.9550313992318373,1.0,20.0
2025-01-11 20:30:00,2025-01-12 01:30:00,462.52700942502895,10118.447558970058,0.9882939000000001,1.03598175,LONG,take_profit,4.62527009425029,1.0,19.999999999999996
2025-01-12 01:30:00,2025-01-12 03:00:00,-230.4697771712307,9643.031836710685,1.03701825,1.01519215,LONG,stop_loss,-2.304697771712307,1.0,20.0
2025-01-12 03:00:00,2025-01-12 09:30:00,-287.6873633676414,9840.506545978758,1.01620785,0.9890052500000001,LONG,stop_loss,-2.8768736336764142,1.0,20.0
2025-01-13 15:00:00,2025-01-13 18:00:00,-327.8029431259407,10756.567476055343,0.9296646000000001,0.90104925,LONG,stop_loss,-3.278029431259407,1.0,20.0
2025-01-13 20:30:00,2025-01-14 18:00:00,686.0194763551048,10692.12933114102,0.9352674,1.0012991,LONG,take_profit,6.860194763551047,1.0,20.000000000000004
2025-01-14 18:00:00,2025-01-15 07:30:00,448.6636518035648,9977.043819874849,1.0023009,1.0492751,LONG,take_profit,4.486636518035648,1.0,20.0
2025-01-15 07:30:00,2025-01-15 09:30:00,-367.81666130166144,9520.863496618998,1.0503249000000001,1.01379285,LONG,stop_loss,-3.6781666130166144,1.0,20.000000000000004
2025-01-15 10:00:00,2025-01-15 11:00:00,-263.4565449259322,9773.151949497042,1.02321135,0.9983006000000001,LONG,stop_loss,-2.6345654492593216,1.0,20.0
2025-01-15 15:00:00,2025-01-16 00:30:00,-293.03663017765285,9299.406865231322,1.0753374,1.0459767500000001,LONG,stop_loss,-2.9303663017765285,1.0,20.0
2025-01-18 13:30:00,2025-01-18 14:30:00,-239.01383707415368,9132.026038145841,1.0950472500000001,1.0710642000000001,LONG,stop_loss,-2.390138370741537,1.0,20.0
2025-01-19 01:30:00,2025-01-19 03:00:00,-407.2251885675861,8797.643252135043,1.1366680500000002,1.0926534,LONG,stop_loss,-4.072251885675861,1.0,20.0
2025-01-20 06:30:00,2025-01-20 17:00:00,-338.46824463122533,9438.151556893885,1.0595295,1.02578685,LONG,stop_loss,-3.384682446312253,1.0,20.0
2025-01-21 11:00:00,2025-01-23 02:00:00,-306.8519383359816,10072.561220145746,0.99279615,0.9643176,LONG,stop_loss,-3.0685193833598157,1.0,19.999999999999996
2025-01-23 16:30:00,2025-01-23 19:00:00,-241.5622725144081,10079.6717413782,0.9920958000000001,0.9701147000000001,LONG,stop_loss,-2.415622725144081,1.0,20.0
2025-01-25 03:00:00,2025-01-26 23:00:00,-257.98900346057303,10183.39531202305,0.98199075,0.95862045,LONG,stop_loss,-2.57989003460573,1.0,20.0
2025-01-27 12:30:00,2025-01-30 14:30:00,733.0540254856068,11000.44298783912,0.9090543,0.977511,LONG,take_profit,7.330540254856068,1.0,20.0
2025-02-02 09:30:00,2025-02-02 11:00:00,-249.83760577262694,11165.105561607043,0.8956476,0.87506225,LONG,stop_loss,-2.4983760577262695,1.0,20.0
2025-02-03 10:30:00,2025-02-09 21:30:00,-870.6275748533774,13947.812585473937,0.7169583,0.65597185,LONG,stop_loss,-8.706275748533773,1.0,20.0
2025-02-11 01:00:00,2025-02-11 04:30:00,637.8041161728393,13497.640106347906,0.7408702500000001,0.7896050000000001,LONG,take_profit,6.378041161728393,1.0,20.0
2025-02-11 04:30:00,2025-02-11 18:00:00,-453.6217966965888,12651.90189715269,0.7903950000000001,0.75612175,LONG,stop_loss,-4.5362179669658875,1.0,20.0
2025-02-11 20:30:00,2025-02-12 04:30:00,-276.6935181926726,12855.308680065113,0.77788875,0.75792085,LONG,stop_loss,-2.7669351819267263,1.0,20.0
2025-02-13 23:00:00,2025-02-15 14:00:00,-262.0033152822507,12413.068180266546,0.8056026000000001,0.78610675,LONG,stop_loss,-2.620033152822507,1.0,19.999999999999996
2025-02-17 13:00:00,2025-02-17 16:00:00,-207.35423312878203,12322.774625509339,0.81150555,0.79630165,LONG,stop_loss,-2.07354233128782,1.0,20.0
2025-02-20 07:00:00,2025-02-20 19:00:00,327.8406632682133,12786.238325125527,0.78209085,0.8092951500000001,LONG,take_profit,3.278406632682133,1.0,20.0
2025-02-20 19:00:00,2025-02-20 22:30:00,-127.46448438124962,12344.081139620384,0.81010485,0.8013991,LONG,stop_loss,-1.2746448438124962,1.0,20.0
2025-02-20 22:30:00,2025-02-21 15:30:00,-44.946369419430034,12465.705286543558,0.8022009,0.8001997000000001,LONG,stop_loss,-0.4494636941943003,1.0,20.0
2025-02-25 17:00:00,2025-02-26 18:30:00,-380.4423322816137,15048.18202160588,0.6645321,0.6405795500000001,LONG,stop_loss,-3.804423322816137,1.0,20.0
2025-02-28 13:30:00,2025-03-01 21:30:00,851.8588588441949,16278.505698290921,0.6143069999999999,0.6678659,LONG,take_profit,8.518588588441949,1.0,20.0
2025-03-01 23:00:00,2025-03-02 15:00:00,1193.3328656243145,15185.357792085424,0.6585291,0.7384306,LONG,stop_loss,11.933328656243145,1.0,20.000000000000004
2025-03-02 15:30:00,2025-03-02 16:00:00,1781.8611336216006,11538.908449261862,0.8666330999999999,1.0227883500000001,LONG,take_profit,17.818611336216005,1.0,20.0
2025-03-02 16:00:00,2025-03-03 08:30:00,-823.6893309428557,9767.421576029144,1.02381165,0.941529,LONG,stop_loss,-8.236893309428558,1.0,20.0
2025-03-03 13:00:00,2025-03-03 14:30:00,-631.9838544120529,10038.166615195967,0.99619785,0.93523215,LONG,stop_loss,-6.319838544120529,1.0,20.0
2025-03-04 15:30:00,2025-03-05 10:30:00,1686.6897030575728,11707.86283091323,0.85412685,0.9998998,LONG,take_profit,16.86689703057573,1.0,19.999999999999996
2025-03-05 10:30:00,2025-03-05 13:30:00,-431.4326283479606,9991.0060963121,1.0009002,0.9597199000000001,LONG,stop_loss,-4.314326283479606,1.0,20.0
2025-03-05 13:30:00,2025-03-06 14:30:00,-470.08791167840303,10409.29233362906,0.9606801,0.9174410500000001,LONG,stop_loss,-4.700879116784031,1.0,20.0
2025-03-10 02:00:00,2025-03-10 13:30:00,-347.3514676233015,13454.03486169151,0.7432714500000001,0.7189403500000001,LONG,stop_loss,-3.473514676233015,1.0,20.0
2025-03-11 01:30:00,2025-03-12 12:30:00,952.6994079155705,14437.386246931423,0.6926461500000001,0.7600198,LONG,take_profit,9.526994079155706,1.0,20.0
2025-03-14 13:00:00,2025-03-14 15:00:00,354.93077080878265,13903.188897969987,0.71925945,0.7462267000000001,LONG,take_profit,3.549307708087827,1.0,20.0
2025-03-14 15:00:00,2025-03-14 17:30:00,-205.28172292101996,13387.359360769655,0.7469733000000001,0.7331332500000001,LONG,stop_loss,-2.0528172292102,1.0,20.0
2025-03-14 17:30:00,2025-03-16 11:00:00,-314.6454516436394,13626.45194103698,0.73386675,0.7122437,LONG,stop_loss,-3.1464545164363935,1.0,20.0
2025-03-17 00:30:00,2025-03-17 06:30:00,-49.561324541980504,13982.935784486046,0.7151573999999999,0.7130433,LONG,stop_loss,-0.495613245419805,1.0,20.0
2025-03-19 08:00:00,2025-03-19 13:00:00,204.222438829721,14032.012492981363,0.71265615,0.7286355,LONG,take_profit,2.04222438829721,1.0,20.0
2025-03-19 13:00:00,2025-03-20 16:30:00,-232.809918771753,13710.565841907579,0.7293645,0.7138429,LONG,stop_loss,-2.32809918771753,1.0,20.0
2025-03-24 10:30:00,2025-03-24 13:00:00,-115.79872640366882,13626.45194103698,0.73386675,0.7268364,LONG,stop_loss,-1.1579872640366882,1.0,20.0
2025-03-24 17:30:00,2025-03-24 23:00:00,-150.8473125133774,13585.704089643366,0.73606785,0.7264366,LONG,stop_loss,-1.5084731251337742,1.0,20.0
2025-03-25 11:30:00,2025-03-25 20:00:00,-127.62579618801172,13199.950473785822,0.7575786,0.7494251000000001,LONG,stop_loss,-1.276257961880117,1.0,20.0
2025-03-27 01:30:00,2025-03-27 13:30:00,-131.7953251635044,13580.16643851987,0.736368,0.7281357500000001,LONG,stop_loss,-1.3179532516350438,1.0,20.0
2025-03-28 22:00:00,2025-03-29 03:00:00,-126.51678991422112,14201.481242896598,0.7041518999999999,0.6966515,LONG,stop_loss,-1.2651678991422113,1.0,20.0
2025-03-29 23:30:00,2025-03-30 16:30:00,-231.87326099208948,14851.415302749812,0.6733365,0.6590703,LONG,stop_loss,-2.318732609920895,1.0,19.999999999999996
2025-04-07 13:30:00,2025-04-09 01:00:00,-565.0481242817613,17609.236255726966,0.5678837999999999,0.5369314000000001,LONG,stop_loss,-5.650481242817612,1.0,20.0
2025-04-09 18:30:00,2025-04-10 15:00:00,-465.5917704779614,15963.907520764453,0.62641305,0.5985006,LONG,stop_loss,-4.655917704779614,1.0,20.0
2025-04-11 05:00:00,2025-04-11 14:00:00,-187.9838994240904,15966.457665735823,0.626313,0.61579195,LONG,stop_loss,-1.8798389942409037,1.0,20.0
2025-04-12 10:30:00,2025-04-12 13:30:00,280.5669328819871,15772.451473490017,0.6340168500000001,0.6530733,LONG,take_profit,2.8056693288198713,1.0,20.0
2025-04-12 13:30:00,2025-04-13 04:30:00,-167.59837711997935,15296.912302954737,0.6537267,0.6440778,LONG,stop_loss,-1.6759837711997936,1.0,20.0
2025-04-18 22:30:00,2025-04-19 15:30:00,-112.76751044490628,15925.752866078114,0.6279138000000001,0.6220888,LONG,stop_loss,-1.1276751044490627,1.0,20.0
2025-04-20 19:30:00,2025-04-21 00:00:00,197.41712288834688,16136.587824912214,0.6197096999999999,0.63318325,LONG,take_profit,1.9741712288834687,1.0,20.0
2025-04-21 01:00:00,2025-04-21 16:30:00,-218.456030591841,15712.942145496976,0.63641805,0.62378795,LONG,stop_loss,-2.18456030591841,1.0,20.000000000000004
2025-04-22 13:30:00,2025-04-22 21:30:00,328.10825356552533,15376.926921154805,0.650325,0.6729633500000001,LONG,take_profit,3.281082535655253,1.0,20.0
2025-04-22 21:30:00,2025-04-23 04:30:00,364.6791886991299,14844.798007946865,0.6736366500000001,0.69955005,LONG,take_profit,3.646791886991299,1.0,20.0
2025-04-23 04:30:00,2025-04-23 15:00:00,-221.25956453120813,14280.615086084617,0.70024995,0.68615675,LONG,stop_loss,-2.2125956453120814,1.0,20.0
2025-04-23 15:30:00,2025-04-24 03:30:00,-281.7116638531123,14309.237650323015,0.69884925,0.68055955,LONG,stop_loss,-2.817116638531123,1.0,20.000000000000004
2025-04-24 15:30:00,2025-04-25 02:30:00,-327.0546224685013,13759.640003786653,0.7267632,0.7044476000000001,LONG,stop_loss,-3.2705462246850128,1.0,20.000000000000004
2025-04-30 20:00:00,2025-05-02 02:30:00,406.2434284091105,14500.221237125526,0.68964465,0.7190403000000001,LONG,take_profit,4.062434284091105,1.0,20.0
2025-05-05 05:00:00,2025-05-05 10:00:00,-157.2096445922245,14629.687498171286,0.6835416000000001,0.67416275,LONG,stop_loss,-1.5720964459222448,1.0,20.0
2025-05-05 18:30:00,2025-05-05 20:00:00,-170.17420383702756,14920.141063965704,0.67023495,0.66016975,LONG,stop_loss,-1.7017420383702755,1.0,20.0
2025-05-08 02:30:00,2025-05-08 14:30:00,342.9269356707144,14350.326631372036,0.6968482500000001,0.72213875,LONG,take_profit,3.429269356707144,1.0,20.0
2025-05-08 14:30:00,2025-05-08 20:30:00,495.43086588193756,13833.91349308045,0.72286125,0.76011975,LONG,take_profit,4.954308658819376,1.0,20.0
2025-05-08 20:30:00,2025-05-09 07:30:00,412.69160948782894,13142.672582183597,0.7608802499999999,0.7938029000000001,LONG,take_profit,4.126916094878289,1.0,20.0
2025-05-09 07:30:00,2025-05-09 09:00:00,-226.22275112758427,12584.9943323478,0.7945971000000001,0.7782107,LONG,stop_loss,-2.2622275112758428,1.0,19.999999999999996
2025-05-09 09:00:00,2025-05-10 17:00:00,703.9226520826412,12837.146800347578,0.7789893,0.8353821,LONG,take_profit,7.039226520826412,1.0,20.0
2025-05-10 18:00:00,2025-05-11 06:30:00,-209.71972831354472,12232.287968119721,0.81750855,0.8019988,LONG,stop_loss,-2.0971972831354475,1.0,20.0
2025-05-13 21:00:00,2025-05-14 02:00:00,-214.348007518373,12055.243636172505,0.82951455,0.8133931,LONG,stop_loss,-2.14348007518373,1.0,19.999999999999996
2025-05-15 15:30:00,2025-05-15 21:00:00,-268.09741483290685,12876.839086254347,0.7765881,0.7573211500000001,LONG,stop_loss,-2.680974148329068,1.0,20.0
2025-05-17 04:30:00,2025-05-17 13:30:00,-195.05409372418416,13106.481115592216,0.7629813,0.749625,LONG,stop_loss,-1.9505409372418416,1.0,19.999999999999996
2025-05-17 20:30:00,2025-05-17 22:00:00,-262.62984941328375,13300.069858616935,0.75187575,0.733633,LONG,stop_loss,-2.626298494132837,1.0,20.000000000000004
2025-05-22 08:30:00,2025-05-23 02:30:00,301.00666345996916,12496.877342773976,0.8001999,0.8258868500000001,LONG,take_profit,3.0100666345996916,1.0,20.000000000000004
2025-05-23 03:00:00,2025-05-23 06:00:00,-195.4484218239038,12082.933388238182,0.8276136000000001,0.8130932500000001,LONG,stop_loss,-1.954484218239038,1.0,20.0
2025-05-24 10:30:00,2025-05-24 19:30:00,-141.1985678192843,13089.31704917578,0.7639817999999999,0.75472245,LONG,stop_loss,-1.411985678192843,1.0,20.0
2025-05-25 12:00:00,2025-05-25 15:00:00,-160.5745045547561,13468.538604973217,0.74247105,0.7320338000000001,LONG,stop_loss,-1.605745045547561,1.0,20.0
2025-05-26 06:00:00,2025-05-26 14:00:00,-130.06400013210617,13002.474956095515,0.7690843500000001,0.7606195,LONG,stop_loss,-1.3006400013210617,1.0,19.999999999999996
2025-05-27 16:30:00,2025-05-27 22:00:00,-165.04771532081222,12992.333938321362,0.76968465,0.7585205500000001,LONG,stop_loss,-1.6504771532081222,1.0,19.999999999999996
2025-05-30 15:00:00,2025-05-30 16:00:00,-203.6237455668085,14123.219582804331,0.70805385,0.6950523000000001,LONG,stop_loss,-2.036237455668085,1.0,20.0
2025-05-30 18:00:00,2025-05-30 22:30:00,-253.59902425894154,14159.232892407743,0.70625295,0.6897549500000001,LONG,stop_loss,-2.535990242589415,1.0,20.0
2025-05-31 12:30:00,2025-06-01 09:00:00,-256.10014519367485,14785.506654956545,0.676338,0.66036965,LONG,stop_loss,-2.5610014519367486,1.0,20.0
2025-06-01 14:00:00,2025-06-03 00:00:00,299.6885279673245,14858.03849970362,0.67303635,0.69455255,LONG,take_profit,2.996885279673245,1.0,20.0
2025-06-03 00:30:00,2025-06-03 12:00:00,-114.47404719598039,14325.644974560164,0.6980488499999999,0.6914541,LONG,stop_loss,-1.1447404719598038,1.0,20.0
2025-06-04 10:00:00,2025-06-04 12:00:00,-160.05086155062688,14299.002144135373,0.6993495,0.68955505,LONG,stop_loss,-1.6005086155062687,1.0,20.0
2025-06-05 12:30:00,2025-06-05 13:30:00,-198.50461129766592,14533.957392395849,0.68804385,0.6757619500000001,LONG,stop_loss,-1.9850461129766592,1.0,20.0
2025-06-06 07:00:00,2025-06-06 14:30:00,382.17241527142426,15561.268097073993,0.64262115,0.6684656,LONG,take_profit,3.8217241527142427,1.0,20.0
2025-06-06 14:30:00,2025-06-06 21:00:00,-171.8984825768914,14944.680769663017,0.6691343999999999,0.65897035,LONG,stop_loss,-1.7189848257689142,1.0,20.0
2025-06-06 21:00:00,2025-06-07 00:00:00,-104.24196820139827,15160.021991127902,0.65962965,0.6540728,LONG,stop_loss,-1.0424196820139826,1.0,20.0
2025-06-08 16:30:00,2025-06-09 01:00:00,-114.54292898094431,14840.389753156087,0.67383675,0.6674661,LONG,stop_loss,-1.1454292898094431,1.0,20.0
2025-06-09 21:30:00,2025-06-10 09:00:00,-107.2483706592943,14313.335956967814,0.69864915,0.69255355,LONG,stop_loss,-1.072483706592943,1.0,20.0
2025-06-11 00:00:00,2025-06-11 19:00:00,-168.1249598664349,13959.500696579085,0.7163579999999999,0.70574695,LONG,stop_loss,-1.681249598664349,1.0,20.0
2025-06-12 14:30:00,2025-06-12 15:00:00,-140.15756486237436,14502.325157792548,0.6895446000000001,0.6812592000000001,LONG,stop_loss,-1.4015756486237434,1.0,20.0
2025-06-12 17:30:00,2025-06-12 18:00:00,-140.5264306265833,14550.884406391942,0.68724345,0.6789603500000001,LONG,stop_loss,-1.405264306265833,1.0,20.0
2025-06-13 11:30:00,2025-06-13 14:00:00,-230.72874777564417,15568.539717680102,0.642321,0.6287854500000001,LONG,stop_loss,-2.3072874777564416,1.0,20.000000000000004
2025-06-15 00:30:00,2025-06-16 05:30:00,250.56042746139374,15948.623741424324,0.62701335,0.6439778500000001,LONG,take_profit,2.5056042746139373,1.0,20.0
2025-06-16 18:30:00,2025-06-16 22:30:00,-269.0121900342119,15231.640504039355,0.6565281000000001,0.64017975,LONG,stop_loss,-2.6901219003421195,1.0,20.0
2025-06-21 01:00:00,2025-06-21 15:00:00,-191.0964726934858,17147.027789930737,0.58319145,0.57321325,LONG,stop_loss,-1.910964726934858,1.0,20.0
2025-06-22 22:00:00,2025-06-23 22:00:00,948.2046990010912,18748.832299288362,0.53336655,0.58500735,LONG,take_profit,9.482046990010911,1.0,20.000000000000004
2025-06-23 23:00:00,2025-06-25 15:00:00,-254.62436306734958,17155.857361398255,0.5828913,0.5692152500000001,LONG,stop_loss,-2.5462436306734957,1.0,19.999999999999996
2025-07-02 08:00:00,2025-07-02 15:00:00,245.2215931390306,17880.147582738147,0.5592795,0.5741128000000001,LONG,take_profit,2.452215931390306,1.0,20.0
2025-07-02 15:00:00,2025-07-02 16:00:00,272.62701518321467,17400.770366905683,0.5746872000000001,0.5915041,LONG,take_profit,2.7262701518321464,1.0,20.0
2025-07-02 16:00:00,2025-07-02 23:30:00,-158.28840902292976,16889.155962741846,0.5920959,0.5839079,LONG,stop_loss,-1.5828840902292978,1.0,20.0
2025-07-02 23:30:00,2025-07-03 06:00:00,327.40161586443827,17108.871103647078,0.5844921000000001,0.60479745,LONG,take_profit,3.2740161586443826,1.0,20.0
2025-07-03 06:00:00,2025-07-03 12:30:00,-124.10015616881617,16517.935049992768,0.60540255,0.5991003,LONG,stop_loss,-1.2410015616881618,1.0,19.999999999999996
2025-07-03 12:30:00,2025-07-03 15:30:00,-221.6617650467403,16675.012510428132,0.5996997000000001,0.58760605,LONG,stop_loss,-2.216617650467403,1.0,19.999999999999996
2025-07-04 22:30:00,2025-07-05 02:30:00,-88.91263821688366,17337.38508022658,0.57678825,0.5728134500000001,LONG,stop_loss,-0.8891263821688367,1.0,19.999999999999996
2025-07-06 17:00:00,2025-07-06 18:30:00,-116.92389771672741,17053.4081193493,0.58639305,0.5807095,LONG,stop_loss,-1.169238977167274,1.0,20.0
2025-07-09 11:00:00,2025-07-09 12:30:00,138.76626112250392,16553.49867298878,0.6041019,0.613693,LONG,take_profit,1.3876626112250392,1.0,20.0
2025-07-09 12:30:00,2025-07-09 14:30:00,-158.53089741773962,16278.505698290921,0.6143069999999999,0.60579695,LONG,stop_loss,-1.5853089741773962,1.0,20.0
2025-07-09 14:30:00,2025-07-10 07:00:00,360.63875173451186,16490.682228593672,0.6064030499999999,0.6294851,LONG,take_profit,3.6063875173451185,1.0,20.0
2025-07-10 07:30:00,2025-07-10 17:00:00,326.27965431390464,15913.07514528041,0.62841405,0.65017475,LONG,take_profit,3.262796543139047,1.0,20.0
2025-07-10 17:00:00,2025-07-10 21:30:00,290.9751811258096,15365.107607610491,0.65082525,0.6710643000000001,LONG,take_profit,2.9097518112580967,1.0,20.0
2025-07-10 21:30:00,2025-07-11 05:00:00,347.94084340016485,14886.807415476056,0.6717357,0.6964516000000001,LONG,take_profit,3.4794084340016482,1.0,20.0
2025-07-11 05:00:00,2025-07-11 10:00:00,421.6197469577487,14344.148247345902,0.6971484,0.7279358499999999,LONG,take_profit,4.216197469577487,1.0,20.0
2025-07-11 10:00:00,2025-07-11 15:00:00,620.1851936862823,13723.74364787948,0.72866415,0.77531215,LONG,take_profit,6.201851936862823,1.0,20.0
2025-07-11 15:00:00,2025-07-11 15:30:00,-521.9612148289629,12885.139227472768,0.7760878499999999,0.7371312500000001,LONG,stop_loss,-5.219612148289629,1.0,20.0
2025-07-11 15:30:00,2025-07-11 21:30:00,-340.1931237770954,13552.545761017796,0.7378687500000001,0.7142427,LONG,stop_loss,-3.401931237770954,1.0,20.000000000000004
2025-07-12 01:00:00,2025-07-12 13:30:00,-260.3753511027592,13719.975976322065,0.72886425,0.7113441500000001,LONG,stop_loss,-2.603753511027592,1.0,20.0
2025-07-13 07:30:00,2025-07-13 10:30:00,-228.31110440728327,13497.640106347906,0.7408702500000001,0.7254371000000001,LONG,stop_loss,-2.283111044072833,1.0,20.0
2025-07-13 10:30:00,2025-07-14 02:30:00,360.90626772587825,13771.014740631888,0.7261629000000001,0.7538229000000001,LONG,take_profit,3.6090626772587826,1.0,20.0
2025-07-14 05:00:00,2025-07-14 05:30:00,-175.89154177637943,13032.993217825826,0.76728345,0.75532215,LONG,stop_loss,-1.7589154177637942,1.0,20.000000000000004
2025-07-16 21:30:00,2025-07-16 23:00:00,-207.26396092168503,12852.002698663528,0.7780888499999999,0.7635180500000001,LONG,stop_loss,-2.0726396092168504,1.0,20.0
2025-07-16 23:00:00,2025-07-17 01:30:00,-218.3129393543824,13084.176592159478,0.76428195,0.7491252500000001,LONG,stop_loss,-2.183129393543824,1.0,20.0
2025-07-17 10:30:00,2025-07-17 12:00:00,-257.67701767641375,12181.599632846586,0.82091025,0.8013991,LONG,stop_loss,-2.5767701767641373,1.0,19.999999999999996
2025-07-17 12:00:00,2025-07-18 00:30:00,654.0300341223758,12465.705286543558,0.8022009,0.85627165,LONG,take_profit,6.540300341223758,1.0,20.0
2025-07-18 05:00:00,2025-07-18 08:30:00,-282.7472754750268,11442.475671151258,0.87393675,0.8509743000000001,LONG,stop_loss,-2.8274727547502683,1.0,20.0
2025-07-19 03:00:00,2025-07-20 15:30:00,535.7055351310654,12119.561657270067,0.8251123499999999,0.8709643,LONG,take_profit,5.357055351310653,1.0,20.0
2025-07-20 15:30:00,2025-07-20 22:00:00,-216.86335395533774,11470.05106581435,0.8718357,0.85467245,LONG,stop_loss,-2.1686335395533773,1.0,20.0
2025-07-21 12:30:00,2025-07-21 16:00:00,-267.3361930447212,10842.91874457651,0.9222608999999999,0.8994500500000001,LONG,stop_loss,-2.6733619304472116,1.0,20.0
2025-07-21 16:00:00,2025-07-21 19:30:00,-284.2133761433536,11106.792419991805,0.9003499500000001,0.8765615000000001,LONG,stop_loss,-2.8421337614335362,1.0,20.000000000000004
2025-07-24 03:00:00,2025-07-24 04:30:00,-320.5781075042385,12113.686218337929,0.8255125499999999,0.8006994500000001,LONG,stop_loss,-3.2057810750423856,1.0,20.0
2025-07-24 11:00:00,2025-07-25 03:30:00,-178.43489844973465,12376.17941895818,0.8080037999999999,0.7952022,LONG,stop_loss,-1.7843489844973464,1.0,20.0
2025-07-26 17:00:00,2025-07-26 23:00:00,-114.1567969174629,12029.128052413798,0.83131545,0.82348805,LONG,stop_loss,-1.141567969174629,1.0,20.0
2025-07-28 06:30:00,2025-07-28 07:00:00,-101.91643585737046,11796.297059778855,0.84772365,0.8407794,LONG,stop_loss,-1.0191643585737047,1.0,20.0
2025-07-29 06:00:00,2025-07-29 14:00:00,-180.96173219747075,12482.830646622488,0.80110035,0.7882057,LONG,stop_loss,-1.8096173219747076,1.0,20.000000000000004
2025-08-01 14:00:00,2025-08-01 18:00:00,-117.23204982308826,13637.607448152032,0.73326645,0.7261367500000001,LONG,stop_loss,-1.1723204982308826,1.0,20.0
2025-08-01 19:30:00,2025-08-01 20:30:00,-120.19203804390469,13673.054033858583,0.7313655,0.7240378000000001,LONG,stop_loss,-1.2019203804390468,1.0,20.0
2025-08-02 02:30:00,2025-08-02 06:30:00,-182.13407902168217,13837.744010453584,0.7226611500000001,0.7109443500000001,LONG,stop_loss,-1.8213407902168215,1.0,20.0
2025-08-03 00:30:00,2025-08-04 13:30:00,612.047121611952,14211.577561141225,0.7036516500000001,0.7481257500000001,LONG,take_profit,6.12047121611952,1.0,20.0
2025-08-07 11:00:00,2025-08-07 15:00:00,-97.73268144907756,13032.993217825826,0.76728345,0.7613191500000001,LONG,stop_loss,-0.9773268144907756,1.0,20.000000000000004
2025-08-07 15:00:00,2025-08-07 16:30:00,-141.47595625844687,13121.967308324307,0.76208085,0.7528234,LONG,stop_loss,-1.4147595625844687,1.0,20.0
2025-08-07 18:30:00,2025-08-07 21:30:00,250.3705070948766,13231.403890323834,0.7557777,0.7762117,LONG,take_profit,2.5037050709487656,1.0,20.0
2025-08-07 22:30:00,2025-08-08 15:30:00,-106.07068467289369,12685.623173944186,0.78829395,0.78150905,LONG,stop_loss,-1.060706846728937,1.0,20.0
2025-08-12 16:30:00,2025-08-12 21:30:00,285.37669484830263,12135.748541465062,0.8240118,0.8491752,LONG,take_profit,2.853766948483026,1.0,20.0
2025-08-12 21:30:00,2025-08-13 01:00:00,-149.93150317496503,11764.362639772393,0.8500248,0.8389803000000001,LONG,stop_loss,-1.4993150317496504,1.0,20.0
2025-08-13 01:00:00,2025-08-13 08:30:00,407.97519515200617,11907.317725459405,0.8398197000000001,0.8757619,LONG,take_profit,4.079751951520062,1.0,20.0
2025-08-13 08:30:00,2025-08-13 23:00:00,375.8988321406533,11407.21581688042,0.8766381,0.9113441000000001,LONG,take_profit,3.7589883214065334,1.0,19.999999999999996
2025-08-13 23:00:00,2025-08-14 01:30:00,421.4068464780546,10961.836475927423,0.9122559,0.9525235,LONG,take_profit,4.214068464780546,1.0,20.0
2025-08-14 01:30:00,2025-08-14 06:30:00,641.9455225168109,10487.935465635494,0.9534765,1.01659145,LONG,take_profit,6.419455225168109,1.0,20.0
2025-08-14 06:30:00,2025-08-14 08:30:00,-336.44289938404876,9826.961457821872,1.0176085499999998,0.9854070500000001,LONG,stop_loss,-3.3644289938404874,1.0,20.0
2025-08-14 08:30:00,2025-08-14 12:30:00,-668.3663533888798,10137.947559337279,0.98639295,0.9224385500000001,LONG,stop_loss,-6.683663533888798,1.0,20.0
2025-08-14 22:30:00,2025-08-19 15:30:00,-559.9572199985452,10865.314163224943,0.92035995,0.87066445,LONG,stop_loss,-5.599572199985451,1.0,20.0
2025-08-20 08:30:00,2025-08-20 11:00:00,-216.30228902692147,11577.669985810988,0.86373165,0.8467764,LONG,stop_loss,-2.163022890269215,1.0,20.0
2025-08-22 16:00:00,2025-08-23 02:00:00,-313.48349131433395,10784.422204090013,0.9272634,0.90004975,LONG,stop_loss,-3.1348349131433397,1.0,19.999999999999996
2025-08-24 19:00:00,2025-08-24 19:30:00,-426.26693420598315,10406.041123113611,0.96098025,0.9219388000000001,LONG,stop_loss,-4.262669342059831,1.0,19.999999999999996
2025-08-24 19:30:00,2025-08-24 20:00:00,-80.89810688757949,10835.865675141615,0.9228612,0.9172411500000001,LONG,stop_loss,-0.8089810688757949,1.0,20.000000000000004
2025-08-28 04:00:00,2025-08-28 17:00:00,-125.07165173216478,11600.513577937121,0.8620308,0.8529733,LONG,stop_loss,-1.250716517321648,1.0,19.999999999999996
2025-08-29 12:30:00,2025-08-29 13:30:00,-179.9343270592224,11905.899343359884,0.8399197500000001,0.82648655,LONG,stop_loss,-1.799343270592224,1.0,20.0
2025-09-01 07:00:00,2025-09-01 15:30:00,-174.566399154795,12154.934329016933,0.8227111500000001,0.8099948,LONG,stop_loss,-1.7456639915479502,1.0,20.0
2025-09-02 18:30:00,2025-09-04 19:30:00,-205.77221653102907,12212.857403165475,0.8188092,0.8035980000000001,LONG,stop_loss,-2.057722165310291,1.0,20.0
2025-09-04 22:00:00,2025-09-05 00:30:00,-126.94959645484278,12278.872848587991,0.814407,0.8056969500000001,LONG,stop_loss,-1.2694959645484278,1.0,20.0
2025-09-05 12:30:00,2025-09-05 14:00:00,-235.68200635216564,11827.00567832283,0.84552255,0.82728615,LONG,stop_loss,-2.3568200635216563,1.0,19.999999999999996
2025-09-05 14:00:00,2025-09-06 19:30:00,-171.20928118760548,12075.634286275974,0.82811385,0.815592,LONG,stop_loss,-1.7120928118760548,1.0,20.0
2025-09-08 04:30:00,2025-09-08 13:00:00,231.0803071018212,11927.210619034158,0.8384189999999999,0.8594700500000001,LONG,take_profit,2.310803071018212,1.0,19.999999999999996
2025-09-08 13:00:00,2025-09-09 07:00:00,333.63699706141864,11623.447492441708,0.86032995,0.8907544000000001,LONG,take_profit,3.3363699706141863,1.0,20.0
2025-09-09 07:00:00,2025-09-09 13:00:00,-137.60726459032486,11215.218243660935,0.8916456,0.8811592000000001,LONG,stop_loss,-1.3760726459032484,1.0,20.0
2025-09-09 13:00:00,2025-09-09 14:30:00,-186.37212246871167,11337.34403215815,0.8820408000000001,0.8673661,LONG,stop_loss,-1.8637212246871167,1.0,20.0
2025-09-13 00:30:00,2025-09-13 17:00:00,-92.46619277962064,10776.28301752089,0.92796375,0.92123915,LONG,stop_loss,-0.9246619277962064,1.0,20.0
2025-09-15 21:30:00,2025-09-16 04:00:00,-106.19289107324263,11550.910087542614,0.86573265,0.85827065,LONG,stop_loss,-1.0619289107324263,1.0,19.999999999999996
2025-09-17 23:30:00,2025-09-19 11:00:00,-248.5707600198367,10934.255003556093,0.91455705,0.89365295,LONG,stop_loss,-2.485707600198367,1.0,20.0
2025-09-21 18:30:00,2025-09-21 22:00:00,-100.70282351240866,11229.078192057776,0.89054505,0.8833581,LONG,stop_loss,-1.0070282351240867,1.0,20.0
2025-09-22 21:30:00,2025-09-23 01:30:00,-167.6216574492204,12078.552868580817,0.82791375,0.81569195,LONG,stop_loss,-1.676216574492204,1.0,20.000000000000004
2025-09-24 05:30:00,2025-09-25 01:30:00,-156.3886291714726,12277.364572841941,0.81450705,0.8033981,LONG,stop_loss,-1.5638862917147258,1.0,20.0
2025-09-25 14:00:00,2025-09-25 16:30:00,-279.2753779849887,12532.918493731191,0.79789875,0.7772112,LONG,stop_loss,-2.792753779849887,1.0,20.0
2025-09-26 00:30:00,2025-09-26 10:00:00,-230.00023602162005,12827.261933714868,0.7795896,0.7632182,LONG,stop_loss,-2.3000023602162005,1.0,20.0
2025-09-28 13:00:00,2025-09-28 17:30:00,202.63124582598826,12930.145535253072,0.7733865,0.7906045,LONG,take_profit,2.026312458259883,1.0,20.0
2025-09-28 17:30:00,2025-09-28 22:30:00,202.38943739255598,12635.907078066528,0.7913955,0.8089953000000001,LONG,take_profit,2.0238943739255597,1.0,20.0
2025-09-28 22:30:00,2025-09-29 01:30:00,-147.24858228162807,12348.65641061357,0.8098047,0.7995000500000001,LONG,stop_loss,-1.472485822816281,1.0,20.0
2025-09-29 01:30:00,2025-09-29 11:00:00,-97.43596635236592,12495.315037818007,0.8002999500000001,0.7941027500000001,LONG,stop_loss,-0.9743596635236593,1.0,20.0
2025-10-01 12:00:00,2025-10-02 06:30:00,269.90826916406786,11954.314673783789,0.8365180499999999,0.8607694,LONG,take_profit,2.6990826916406787,1.0,20.0
2025-10-02 06:30:00,2025-10-02 10:00:00,-157.59608816121334,11605.901647411316,0.8616305999999999,0.8497749,LONG,stop_loss,-1.5759608816121335,1.0,20.0
2025-10-02 10:30:00,2025-10-02 14:30:00,-161.16505639325626,11717.470690211752,0.8534265,0.8413791,LONG,stop_loss,-1.6116505639325627,1.0,20.0
2025-10-05 05:00:00,2025-10-05 10:00:00,-131.82874946675025,11447.717900298507,0.87353655,0.8637679,LONG,stop_loss,-1.3182874946675025,1.0,20.000000000000004
2025-10-05 10:00:00,2025-10-05 14:30:00,-139.81338652589855,11565.612703946568,0.8646321,0.8542726500000001,LONG,stop_loss,-1.3981338652589854,1.0,20.0
2025-10-06 15:30:00,2025-10-07 06:30:00,-207.24440435459942,11441.16586395447,0.8740368000000001,0.85767095,LONG,stop_loss,-2.0724440435459943,1.0,20.0
2025-10-08 10:30:00,2025-10-08 13:30:00,-78.41965105668102,12112.218248607156,0.8256126,0.8207894000000001,LONG,stop_loss,-0.7841965105668102,1.0,20.0
2025-10-09 12:30:00,2025-10-09 13:30:00,-168.9482198871268,12194.976206381925,0.8200098,0.8077959000000001,LONG,stop_loss,-1.6894821988712683,1.0,20.000000000000004
2025-10-11 08:30:00,2025-10-11 19:30:00,-634.1453790192569,14851.415302749812,0.6733365,0.63198385,LONG,stop_loss,-6.34145379019257,1.0,19.999999999999996
2025-10-12 04:00:00,2025-10-12 16:00:00,658.1119335921865,15575.81813737046,0.6420208500000001,0.68555705,LONG,take_profit,6.581119335921865,1.0,20.0
2025-10-12 17:00:00,2025-10-14 06:30:00,-168.604697506717,14445.732763044696,0.69224595,0.68195885,LONG,stop_loss,-1.68604697506717,1.0,20.0
2025-10-14 15:30:00,2025-10-15 13:30:00,-161.9330529968995,14348.26657874049,0.6969483,0.6870563000000001,LONG,stop_loss,-1.619330529968995,1.0,20.0
2025-10-16 03:00:00,2025-10-16 09:30:00,-40.36576254361262,14822.782884102959,0.67463715,0.6732632000000001,LONG,stop_loss,-0.4036576254361262,1.0,20.0
2025-10-19 14:30:00,2025-10-20 00:00:00,-257.7306787335817,15189.97340235657,0.658329,0.6426785,LONG,stop_loss,-2.577306787335817,1.0,20.0
2025-10-20 06:00:00,2025-10-20 16:00:00,-165.37705086399376,14884.590467238459,0.67183575,0.6620688,LONG,stop_loss,-1.6537705086399377,1.0,20.0
2025-10-21 12:00:00,2025-10-21 14:30:00,357.72735378806834,15393.504541430191,0.64962465,0.67416275,LONG,take_profit,3.5772735378806835,1.0,19.999999999999996
2025-10-21 14:30:00,2025-10-21 20:00:00,-209.20784233531765,14818.387692736287,0.6748372499999999,0.6620688,LONG,stop_loss,-2.0920784233531764,1.0,20.0
2025-10-22 13:30:00,2025-10-22 14:00:00,-213.2978464895998,15541.910276396555,0.64342155,0.63098435,LONG,stop_loss,-2.132978464895998,1.0,20.0
2025-10-26 11:30:00,2025-10-27 01:30:00,235.5545808919135,14842.593553238232,0.6737367,0.69095435,LONG,take_profit,2.355545808919135,1.0,20.0
2025-10-27 01:30:00,2025-10-27 03:30:00,-125.37187648039081,14458.270647693656,0.69164565,0.68435765,LONG,stop_loss,-1.253718764803908,1.0,20.0
2025-10-27 03:30:00,2025-10-27 08:00:00,-148.17674702885242,14597.637649701512,0.68504235,0.6762617,LONG,stop_loss,-1.4817674702885242,1.0,20.0
2025-10-29 10:00:00,2025-10-29 15:30:00,-165.66173703271815,15424.386572146024,0.648324,0.6388804,LONG,stop_loss,-1.6566173703271816,1.0,20.0
2025-10-30 02:00:00,2025-10-30 04:00:00,-361.9145009476396,15445.839126488372,0.64742355,0.6252872,LONG,stop_loss,-3.619145009476396,1.0,20.0
2025-10-30 07:00:00,2025-10-30 10:00:00,-206.39843646949578,15481.726299180027,0.6459227999999999,0.6338829,LONG,stop_loss,-2.063984364694958,1.0,20.0
2025-10-31 00:30:00,2025-11-02 14:30:00,-151.6639244564675,16449.971196100436,0.6079038,0.5998999,LONG,stop_loss,-1.516639244564675,1.0,20.0
2025-11-02 23:00:00,2025-11-03 01:00:00,-125.67206489225819,16504.297388954135,0.6059028000000001,0.5995001,LONG,stop_loss,-1.256720648922582,1.0,20.000000000000004
2025-11-04 01:30:00,2025-11-04 05:30:00,-474.98806947152457,17880.147582738147,0.5592795,0.5338329500000001,LONG,stop_loss,-4.749880694715245,1.0,20.0
2025-11-04 14:30:00,2025-11-04 16:30:00,-379.49955051628626,18212.46810996834,0.5490744,0.5293352,LONG,stop_loss,-3.7949955051628628,1.0,20.0
2025-11-05 02:30:00,2025-11-07 18:00:00,983.1556459730493,18876.30311378777,0.52976475,0.5829084000000001,LONG,take_profit,9.831556459730493,1.0,20.0
2025-11-07 18:00:00,2025-11-08 13:30:00,-314.346996597723,17138.207302384475,0.5834916,0.5663167,LONG,stop_loss,-3.1434699659772294,1.0,20.000000000000004
2025-11-08 22:00:00,2025-11-09 02:30:00,-275.116043037616,17643.428947485656,0.56678325,0.5523237,LONG,stop_loss,-2.75116043037616,1.0,19.999999999999996
2025-11-09 19:30:00,2025-11-09 22:30:00,-134.50371538634622,17141.14645644079,0.58339155,0.5767115,LONG,stop_loss,-1.3450371538634622,1.0,20.0
2025-11-09 22:30:00,2025-11-10 09:30:00,371.68284142157796,17322.361349654464,0.5772885,0.5998999,LONG,take_profit,3.7168284142157795,1.0,20.0
2025-11-10 09:30:00,2025-11-10 14:00:00,-156.4928998346525,16652.786569061354,0.6005001,0.5923037000000001,LONG,stop_loss,-1.564928998346525,1.0,20.0
2025-11-10 14:00:00,2025-11-10 14:30:00,-164.85838417274752,16866.355887193087,0.5928963,0.5843077,LONG,stop_loss,-1.6485838417274752,1.0,20.0
2025-11-12 06:00:00,2025-11-12 07:30:00,-173.23989624943331,17693.401484777172,0.56518245,0.5565216,LONG,stop_loss,-1.732398962494333,1.0,20.0
2025-11-12 13:30:00,2025-11-12 14:30:00,-195.43238041148453,17241.68103976302,0.57998985,0.56981495,LONG,stop_loss,-1.9543238041148454,1.0,20.0
2025-11-12 14:30:00,2025-11-12 15:30:00,-238.52168109946086,17532.016310736053,0.5703850500000001,0.5579209,LONG,stop_loss,-2.3852168109946086,1.0,20.0
2025-11-15 01:30:00,2025-11-16 00:30:00,-206.49685757827874,19621.127794956075,0.5096547,0.5001498,LONG,stop_loss,-2.0649685757827876,1.0,20.0
2025-11-21 16:30:00,2025-11-22 08:30:00,-362.50974609876795,24283.29081329112,0.4118058,0.39770105,LONG,stop_loss,-3.6250974609876794,1.0,20.000000000000004
2025-11-24 20:30:00,2025-11-25 01:30:00,-212.47139436062295,23109.83236705347,0.43271624999999997,0.4243877,LONG,stop_loss,-2.1247139436062294,1.0,20.0
2025-11-25 16:00:00,2025-11-26 18:00:00,408.6256583800237,23980.332290668484,0.4170084,0.43488245000000003,LONG,take_profit,4.086256583800237,1.0,20.0
2025-11-26 21:30:00,2025-11-27 12:00:00,-158.69071905271147,22992.874393261154,0.43491735,0.42888545,LONG,stop_loss,-1.5869071905271148,1.0,19.999999999999996
2025-11-30 16:30:00,2025-11-30 23:00:00,-182.60377449348096,23490.01762338572,0.42571275,0.4187905,LONG,stop_loss,-1.8260377449348095,1.0,19.999999999999996
2025-12-01 21:00:00,2025-12-02 13:00:00,407.8871063156096,26233.602358925524,0.3811905,0.39750115,LONG,take_profit,4.078871063156096,1.0,20.0
2025-12-02 13:00:00,2025-12-02 15:00:00,412.1073056632365,25132.015335053118,0.39789884999999997,0.41509235,LONG,take_profit,4.121073056632365,1.0,20.0
2025-12-02 15:00:00,2025-12-02 17:00:00,386.1549769300271,24066.945578498977,0.41550765,0.4323837,LONG,take_profit,3.8615497693002707,1.0,20.0
2025-12-02 17:00:00,2025-12-04 01:00:00,371.8221194534505,23104.490288374072,0.4328163,0.44977500000000004,LONG,take_profit,3.718221194534505,1.0,19.999999999999996
2025-12-04 01:00:00,2025-12-04 14:30:00,-223.135099117107,22211.116663890276,0.450225,0.44107935000000004,LONG,stop_loss,-2.23135099117107,1.0,20.0
2025-12-08 10:30:00,2025-12-09 01:30:00,-158.89829278908965,23029.95967454061,0.434217,0.4281858,LONG,stop_loss,-1.5889829278908967,1.0,20.0
2025-12-09 14:00:00,2025-12-09 16:00:00,517.2507802430572,22166.783097694886,0.45112545000000004,0.47536220000000007,LONG,take_profit,5.172507802430572,1.0,20.0
2025-12-09 16:00:00,2025-12-09 21:30:00,-141.32180335400002,21015.564547415106,0.47583780000000003,0.47006485000000003,LONG,stop_loss,-1.4132180335400002,1.0,20.0
2025-12-09 21:30:00,2025-12-10 07:00:00,-253.03360014655604,21252.39740325457,0.47053515,0.45957010000000004,LONG,stop_loss,-2.5303360014655603,1.0,20.0
2025-12-11 20:30:00,2025-12-12 15:00:00,-181.28708007567386,23651.212727758222,0.4228113,0.4159919,LONG,stop_loss,-1.8128708007567385,1.0,20.0
2025-12-15 01:30:00,2025-12-15 14:30:00,-256.1931748731248,24869.376707515865,0.40210094999999996,0.3926036,LONG,stop_loss,-2.561931748731248,1.0,20.0
2025-12-16 10:30:00,2025-12-16 13:30:00,-205.12270031521962,25766.956686647653,0.38809395,0.38090945000000004,LONG,stop_loss,-2.051227003152196,1.0,20.0
2025-12-18 16:00:00,2025-12-18 17:00:00,-477.10765539311603,26947.97114788521,0.37108545,0.35412285000000004,LONG,stop_loss,-4.77107655393116,1.0,20.0
2025-12-19 09:30:00,2025-12-19 19:30:00,297.7252270529588,27323.680969793942,0.3659829,0.37761110000000003,LONG,take_profit,2.9772522705295885,1.0,20.0
2025-12-19 19:30:00,2025-12-21 01:00:00,-209.8045154236017,26455.803331790958,0.3779889,0.3708145,LONG,stop_loss,-2.0980451542360172,1.0,20.0
2025-12-22 12:00:00,2025-12-22 19:30:00,-187.38092902814319,26688.92523030874,0.37468725,0.3684157,LONG,stop_loss,-1.8738092902814318,1.0,20.0
2025-12-26 02:00:00,2025-12-26 15:00:00,-238.47226414993307,28186.696273972433,0.3547773,0.3470264,LONG,stop_loss,-2.3847226414993306,1.0,20.0
2025-12-27 20:30:00,2025-12-28 05:30:00,212.9901936814896,27625.766994888403,0.3619809,0.3704147,LONG,take_profit,2.1299019368148957,1.0,20.0
2025-12-28 05:30:00,2025-12-28 18:00:00,-143.21146496368587,26969.785479629314,0.3707853,0.3662168,LONG,stop_loss,-1.4321146496368586,1.0,19.999999999999996
2025-12-28 23:30:00,2025-12-29 02:00:00,181.34765814814241,27108.767287091465,0.36888435,0.37631175,LONG,take_profit,1.813476581481424,1.0,20.0
2025-12-29 02:00:00,2025-12-29 09:30:00,-213.0787594250684,26547.151391103915,0.37668825,0.3694152,LONG,stop_loss,-2.130787594250684,1.0,20.0
2025-12-30 08:00:00,2025-12-30 14:00:00,-120.14733186142485,28186.696273972433,0.3547773,0.3512243,LONG,stop_loss,-1.2014733186142486,1.0,20.0
2026-01-01 05:30:00,2026-01-01 15:30:00,284.9783852868332,29729.335213416492,0.3363681,0.3466266,LONG,take_profit,2.849783852868332,1.0,20.0
2026-01-01 15:30:00,2026-01-01 19:30:00,281.11241956876256,28820.65311058427,0.3469734,0.3574212,LONG,take_profit,2.8111241956876256,1.0,20.0
2026-01-01 19:30:00,2026-01-02 14:30:00,260.5420555941291,27950.23070120421,0.35777879999999995,0.36781600000000003,LONG,take_profit,2.6054205559412913,1.0,20.0
2026-01-02 14:30:00,2026-01-02 16:30:00,534.6574538817543,27160.33287703974,0.368184,0.3886056,LONG,take_profit,5.346574538817543,1.0,20.0
2026-01-02 16:30:00,2026-01-02 18:30:00,-209.8562035854497,25707.310953576714,0.38899439999999996,0.3816091,LONG,stop_loss,-2.098562035854497,1.0,20.0
2026-01-02 18:30:00,2026-01-04 09:30:00,524.7145468648623,26178.63409835156,0.38199089999999997,0.40279850000000006,LONG,take_profit,5.247145468648623,1.0,20.0
2026-01-04 10:30:00,2026-01-04 13:00:00,-151.37121000620365,24783.04611641613,0.40350165,0.3982008,LONG,stop_loss,-1.5137121000620364,1.0,20.0
2026-01-05 22:00:00,2026-01-06 07:30:00,-209.78197380116438,23668.014441749052,0.42251115,0.41449265,LONG,stop_loss,-2.0978197380116437,1.0,20.0
2026-01-08 15:30:00,2026-01-09 14:30:00,-151.3925315823113,25303.80379430538,0.39519750000000003,0.3900049,LONG,stop_loss,-1.513925315823113,1.0,20.0
2026-01-12 15:00:00,2026-01-12 21:00:00,-169.83981666585854,25439.04937325178,0.39309645000000004,0.38720630000000006,LONG,stop_loss,-1.6983981666585855,1.0,20.0
2026-01-13 16:30:00,2026-01-13 22:00:00,255.64297030370486,24425.71480633095,0.4094046,0.42068955,LONG,take_profit,2.5564297030370486,1.0,20.0
2026-01-13 22:00:00,2026-01-14 11:30:00,-198.51254937985803,23746.73912746644,0.42111044999999997,0.41359310000000005,LONG,stop_loss,-1.9851254937985803,1.0,20.0
2026-01-16 06:30:00,2026-01-16 13:00:00,-113.66763318848218,25368.026646575192,0.394197,0.39050465,LONG,stop_loss,-1.1366763318848219,1.0,20.000000000000004
2026-01-16 20:00:00,2026-01-17 15:00:00,223.40251088906132,25608.51267935082,0.39049514999999996,0.3999999,LONG,take_profit,2.234025108890613,1.0,20.0
2026-01-19 11:00:00,2026-01-19 12:30:00,-161.61916084173586,26875.51088666476,0.37208595,0.3668165,LONG,stop_loss,-1.6161916084173586,1.0,20.0
2026-01-19 16:30:00,2026-01-20 03:30:00,-148.57072947205648,26962.510112626453,0.37088534999999995,0.36611685000000005,LONG,stop_loss,-1.4857072947205647,1.0,20.0
2026-01-21 00:30:00,2026-01-21 12:00:00,-206.4374793259386,28020.752729886808,0.35687835,0.3502248,LONG,stop_loss,-2.064374793259386,1.0,20.0
2026-01-26 00:30:00,2026-01-26 15:00:00,295.5448752202324,29080.60081102888,0.34387185,0.35472255,LONG,take_profit,2.955448752202324,1.0,20.0
2026-01-26 15:30:00,2026-01-28 12:00:00,239.5450357752106,28386.829022296577,0.35227605,0.3614192,LONG,take_profit,2.395450357752106,1.0,20.0
2026-01-28 13:30:00,2026-01-28 15:00:00,-143.36068334501363,27663.998059093898,0.36148065,0.35702140000000004,LONG,stop_loss,-1.4336068334501362,1.0,20.000000000000004
2026-01-30 11:30:00,2026-01-30 13:30:00,-164.21186353388154,30519.091599238545,0.32766375000000003,0.32293845000000004,LONG,stop_loss,-1.6421186353388153,1.0,20.0
2026-02-01 00:00:00,2026-02-01 15:00:00,-334.46518528747777,33846.94378174949,0.29544765,0.28615685,LONG,stop_loss,-3.3446518528747777,1.0,20.0
2026-02-02 08:30:00,2026-02-05 06:00:00,-355.1544449381948,34608.73441395646,0.2889444,0.2792603,LONG,stop_loss,-3.551544449381948,1.0,20.0
2026-02-06 05:00:00,2026-02-13 22:30:00,655.5935757611393,39196.088230394605,0.2551275,0.27236375,LONG,end_of_data,6.555935757611393,1.0,20.0
